원본	매칭용처리후	법정동코드
강원도 강릉시	강원도 강릉시	4215000000
강원도 강릉시 강동면 모전리	강원도 강릉시 강동면 모전리	4215034022
강원도 강릉시 강동면 산성우리	강원도 강릉시 강동면 산성우리	4215034030
강원도 강릉시 강동면 상시동리	강원도 강릉시 강동면 상시동리	4215034021
강원도 강릉시 강동면 심곡리	강원도 강릉시 강동면 심곡리	4215034029
강원도 강릉시 강동면 안인리	강원도 강릉시 강동면 안인리	4215034023
강원도 강릉시 강동면 안인진리	강원도 강릉시 강동면 안인진리	4215034024
강원도 강릉시 강동면 언별리	강원도 강릉시 강동면 언별리	4215034031
강원도 강릉시 강동면 임곡리	강원도 강릉시 강동면 임곡리	4215034025
강원도 강릉시 강동면 정동진리	강원도 강릉시 강동면 정동진리	4215034028
강원도 강릉시 강동면 하시동리	강원도 강릉시 강동면 하시동리	4215034026
강원도 강릉시 강문동	강원도 강릉시 강문동	4215011300
강원도 강릉시 견소동	강원도 강릉시 견소동	4215011500
강원도 강릉시 교동	강원도 강릉시 교동	4215011000
강원도 강릉시 구정면 구정리	강원도 강릉시 구정면 구정리	4215033023
강원도 강릉시 구정면 금광리	강원도 강릉시 구정면 금광리	4215033024
강원도 강릉시 구정면 덕현리	강원도 강릉시 구정면 덕현리	4215033026
강원도 강릉시 구정면 어단리	강원도 강릉시 구정면 어단리	4215033025
강원도 강릉시 구정면 여찬리	강원도 강릉시 구정면 여찬리	4215033021
강원도 강릉시 구정면 제비리	강원도 강릉시 구정면 제비리	4215033027
강원도 강릉시 구정면 학산리	강원도 강릉시 구정면 학산리	4215033022
강원도 강릉시 금학동	강원도 강릉시 금학동	4215010600
강원도 강릉시 난곡동	강원도 강릉시 난곡동	4215013600
강원도 강릉시 남문동	강원도 강릉시 남문동	4215010200
강원도 강릉시 남항진동	강원도 강릉시 남항진동	4215013000
강원도 강릉시 내곡동	강원도 강릉시 내곡동	4215011600
강원도 강릉시 노암동	강원도 강릉시 노암동	4215012100
강원도 강릉시 담산동	강원도 강릉시 담산동	4215012000
강원도 강릉시 대전동	강원도 강릉시 대전동	4215013400
강원도 강릉시 두산동	강원도 강릉시 두산동	4215012700
강원도 강릉시 명주동	강원도 강릉시 명주동	4215010300
강원도 강릉시 박월동	강원도 강릉시 박월동	4215011900
강원도 강릉시 병산동	강원도 강릉시 병산동	4215012900
강원도 강릉시 사천면 노동리	강원도 강릉시 사천면 노동리	4215036022
강원도 강릉시 사천면 덕실리	강원도 강릉시 사천면 덕실리	4215036026
강원도 강릉시 사천면 미노리	강원도 강릉시 사천면 미노리	4215036021
강원도 강릉시 사천면 방동리	강원도 강릉시 사천면 방동리	4215036027
강원도 강릉시 사천면 사기막리	강원도 강릉시 사천면 사기막리	4215036029
강원도 강릉시 사천면 사천진리	강원도 강릉시 사천면 사천진리	4215036025
강원도 강릉시 사천면 산대월리	강원도 강릉시 사천면 산대월리	4215036028
강원도 강릉시 사천면 석교리	강원도 강릉시 사천면 석교리	4215036023
강원도 강릉시 사천면 판교리	강원도 강릉시 사천면 판교리	4215036024
강원도 강릉시 성남동	강원도 강릉시 성남동	4215010800
강원도 강릉시 성내동	강원도 강릉시 성내동	4215010400
강원도 강릉시 성산면 관음리	강원도 강릉시 성산면 관음리	4215031022
강원도 강릉시 성산면 구산리	강원도 강릉시 성산면 구산리	4215031021
강원도 강릉시 성산면 금산리	강원도 강릉시 성산면 금산리	4215031023
강원도 강릉시 성산면 보광리	강원도 강릉시 성산면 보광리	4215031026
강원도 강릉시 성산면 산북리	강원도 강릉시 성산면 산북리	4215031029
강원도 강릉시 성산면 송암리	강원도 강릉시 성산면 송암리	4215031025
강원도 강릉시 성산면 어흘리	강원도 강릉시 성산면 어흘리	4215031027
강원도 강릉시 성산면 오봉리	강원도 강릉시 성산면 오봉리	4215031028
강원도 강릉시 성산면 위촌리	강원도 강릉시 성산면 위촌리	4215031024
강원도 강릉시 송정동	강원도 강릉시 송정동	4215011400
강원도 강릉시 신석동	강원도 강릉시 신석동	4215012400
강원도 강릉시 안현동	강원도 강릉시 안현동	4215013800
강원도 강릉시 연곡면 동덕리	강원도 강릉시 연곡면 동덕리	4215037023
강원도 강릉시 연곡면 방내리	강원도 강릉시 연곡면 방내리	4215037021
강원도 강릉시 연곡면 삼산리	강원도 강릉시 연곡면 삼산리	4215037028
강원도 강릉시 연곡면 송림리	강원도 강릉시 연곡면 송림리	4215037024
강원도 강릉시 연곡면 신왕리	강원도 강릉시 연곡면 신왕리	4215037026
강원도 강릉시 연곡면 영진리	강원도 강릉시 연곡면 영진리	4215037022
강원도 강릉시 연곡면 유등리	강원도 강릉시 연곡면 유등리	4215037027
강원도 강릉시 연곡면 퇴곡리	강원도 강릉시 연곡면 퇴곡리	4215037029
강원도 강릉시 연곡면 행정리	강원도 강릉시 연곡면 행정리	4215037025
강원도 강릉시 옥계면 금진리	강원도 강릉시 옥계면 금진리	4215035029
강원도 강릉시 옥계면 낙풍리	강원도 강릉시 옥계면 낙풍리	4215035028
강원도 강릉시 옥계면 남양리	강원도 강릉시 옥계면 남양리	4215035026
강원도 강릉시 옥계면 도직리	강원도 강릉시 옥계면 도직리	4215035024
강원도 강릉시 옥계면 북동리	강원도 강릉시 옥계면 북동리	4215035027
강원도 강릉시 옥계면 산계리	강원도 강릉시 옥계면 산계리	4215035030
강원도 강릉시 옥계면 조산리	강원도 강릉시 옥계면 조산리	4215035025
강원도 강릉시 옥계면 주수리	강원도 강릉시 옥계면 주수리	4215035023
강원도 강릉시 옥계면 천남리	강원도 강릉시 옥계면 천남리	4215035022
강원도 강릉시 옥계면 현내리	강원도 강릉시 옥계면 현내리	4215035021
강원도 강릉시 옥천동	강원도 강릉시 옥천동	4215010900
강원도 강릉시 왕산면 고단리	강원도 강릉시 왕산면 고단리	4215032024
강원도 강릉시 왕산면 대기리	강원도 강릉시 왕산면 대기리	4215032026
강원도 강릉시 왕산면 도마리	강원도 강릉시 왕산면 도마리	4215032021
강원도 강릉시 왕산면 목계리	강원도 강릉시 왕산면 목계리	4215032022
강원도 강릉시 왕산면 송현리	강원도 강릉시 왕산면 송현리	4215032025
강원도 강릉시 왕산면 왕산리	강원도 강릉시 왕산면 왕산리	4215032023
강원도 강릉시 용강동	강원도 강릉시 용강동	4215010700
강원도 강릉시 운산동	강원도 강릉시 운산동	4215013900
강원도 강릉시 운정동	강원도 강릉시 운정동	4215013500
강원도 강릉시 월호평동	강원도 강릉시 월호평동	4215012300
강원도 강릉시 유산동	강원도 강릉시 유산동	4215012200
강원도 강릉시 유천동	강원도 강릉시 유천동	4215013100
강원도 강릉시 임당동	강원도 강릉시 임당동	4215010500
강원도 강릉시 입암동	강원도 강릉시 입암동	4215012500
강원도 강릉시 장현동	강원도 강릉시 장현동	4215011800
강원도 강릉시 저동	강원도 강릉시 저동	4215013700
강원도 강릉시 주문진읍 교항리	강원도 강릉시 주문진읍 교항리	4215025022
강원도 강릉시 주문진읍 삼교리	강원도 강릉시 주문진읍 삼교리	4215025024
강원도 강릉시 주문진읍 장덕리	강원도 강릉시 주문진읍 장덕리	4215025023
강원도 강릉시 주문진읍 주문리	강원도 강릉시 주문진읍 주문리	4215025021
강원도 강릉시 주문진읍 향호리	강원도 강릉시 주문진읍 향호리	4215025025
강원도 강릉시 죽헌동	강원도 강릉시 죽헌동	4215013300
강원도 강릉시 지변동	강원도 강릉시 지변동	4215013200
강원도 강릉시 청량동	강원도 강릉시 청량동	4215012600
강원도 강릉시 초당동	강원도 강릉시 초당동	4215011200
강원도 강릉시 포남동	강원도 강릉시 포남동	4215011100
강원도 강릉시 학동	강원도 강릉시 학동	4215012800
강원도 강릉시 홍제동	강원도 강릉시 홍제동	4215010100
강원도 강릉시 회산동	강원도 강릉시 회산동	4215011700
강원도 고성군 간성읍 간촌리	강원도 고성군 간성읍 간촌리	4282025026
강원도 고성군 간성읍 광산리	강원도 고성군 간성읍 광산리	4282025029
강원도 고성군 간성읍 교동리	강원도 고성군 간성읍 교동리	4282025027
강원도 고성군 간성읍 금수리	강원도 고성군 간성읍 금수리	4282025035
강원도 고성군 간성읍 동호리	강원도 고성군 간성읍 동호리	4282025023
강원도 고성군 간성읍 봉호리	강원도 고성군 간성읍 봉호리	4282025024
강원도 고성군 간성읍 상리	강원도 고성군 간성읍 상리	4282025025
강원도 고성군 간성읍 신안리	강원도 고성군 간성읍 신안리	4282025022
강원도 고성군 간성읍 어천리	강원도 고성군 간성읍 어천리	4282025030
강원도 고성군 간성읍 장신리	강원도 고성군 간성읍 장신리	4282025031
강원도 고성군 간성읍 진부리	강원도 고성군 간성읍 진부리	4282025032
강원도 고성군 간성읍 탑동리	강원도 고성군 간성읍 탑동리	4282025033
강원도 고성군 간성읍 하리	강원도 고성군 간성읍 하리	4282025021
강원도 고성군 간성읍 해상리	강원도 고성군 간성읍 해상리	4282025028
강원도 고성군 간성읍 흘리	강원도 고성군 간성읍 흘리	4282025037
강원도 고성군 거진읍 거진리	강원도 고성군 거진읍 거진리	4282025321
강원도 고성군 거진읍 대대리	강원도 고성군 거진읍 대대리	4282025330
강원도 고성군 거진읍 반암리	강원도 고성군 거진읍 반암리	4282025332
강원도 고성군 거진읍 봉평리	강원도 고성군 거진읍 봉평리	4282025334
강원도 고성군 거진읍 산북리	강원도 고성군 거진읍 산북리	4282025326
강원도 고성군 거진읍 석문리	강원도 고성군 거진읍 석문리	4282025328
강원도 고성군 거진읍 송강리	강원도 고성군 거진읍 송강리	4282025327
강원도 고성군 거진읍 송정리	강원도 고성군 거진읍 송정리	4282025324
강원도 고성군 거진읍 송죽리	강원도 고성군 거진읍 송죽리	4282025331
강원도 고성군 거진읍 송포리	강원도 고성군 거진읍 송포리	4282025333
강원도 고성군 거진읍 오정리	강원도 고성군 거진읍 오정리	4282025336
강원도 고성군 거진읍 용하리	강원도 고성군 거진읍 용하리	4282025325
강원도 고성군 거진읍 원당리	강원도 고성군 거진읍 원당리	4282025323
강원도 고성군 거진읍 자산리	강원도 고성군 거진읍 자산리	4282025337
강원도 고성군 거진읍 초계리	강원도 고성군 거진읍 초계리	4282025329
강원도 고성군 거진읍 화포리	강원도 고성군 거진읍 화포리	4282025322
강원도 고성군 죽왕면 가진리	강원도 고성군 죽왕면 가진리	4282032023
강원도 고성군 죽왕면 공현진리	강원도 고성군 죽왕면 공현진리	4282032024
강원도 고성군 죽왕면 구성리	강원도 고성군 죽왕면 구성리	4282032027
강원도 고성군 죽왕면 문암진리	강원도 고성군 죽왕면 문암진리	4282032031
강원도 고성군 죽왕면 삼포리	강원도 고성군 죽왕면 삼포리	4282032029
강원도 고성군 죽왕면 송암리	강원도 고성군 죽왕면 송암리	4282032032
강원도 고성군 죽왕면 야촌리	강원도 고성군 죽왕면 야촌리	4282032030
강원도 고성군 죽왕면 오봉리	강원도 고성군 죽왕면 오봉리	4282032025
강원도 고성군 죽왕면 오호리	강원도 고성군 죽왕면 오호리	4282032021
강원도 고성군 죽왕면 인정리	강원도 고성군 죽왕면 인정리	4282032026
강원도 고성군 죽왕면 향목리	강원도 고성군 죽왕면 향목리	4282032022
강원도 고성군 토성면 교암리	강원도 고성군 토성면 교암리	4282033024
강원도 고성군 토성면 금화정리	강원도 고성군 토성면 금화정리	4282033037
강원도 고성군 토성면 도원리	강원도 고성군 토성면 도원리	4282033028
강원도 고성군 토성면 백촌리	강원도 고성군 토성면 백촌리	4282033025
강원도 고성군 토성면 봉포리	강원도 고성군 토성면 봉포리	4282033035
강원도 고성군 토성면 성대리	강원도 고성군 토성면 성대리	4282033036
강원도 고성군 토성면 성천리	강원도 고성군 토성면 성천리	4282033032
강원도 고성군 토성면 신평리	강원도 고성군 토성면 신평리	4282033030
강원도 고성군 토성면 아야진리	강원도 고성군 토성면 아야진리	4282033023
강원도 고성군 토성면 용암리	강원도 고성군 토성면 용암리	4282033029
강원도 고성군 토성면 용촌리	강원도 고성군 토성면 용촌리	4282033034
강원도 고성군 토성면 운봉리	강원도 고성군 토성면 운봉리	4282033026
강원도 고성군 토성면 원암리	강원도 고성군 토성면 원암리	4282033033
강원도 고성군 토성면 인흥리	강원도 고성군 토성면 인흥리	4282033031
강원도 고성군 토성면 천진리	강원도 고성군 토성면 천진리	4282033021
강원도 고성군 토성면 청간리	강원도 고성군 토성면 청간리	4282033022
강원도 고성군 토성면 학야리	강원도 고성군 토성면 학야리	4282033027
강원도 고성군 현내면 검장리	강원도 고성군 현내면 검장리	4282031032
강원도 고성군 현내면 대진리	강원도 고성군 현내면 대진리	4282031021
강원도 고성군 현내면 마달리	강원도 고성군 현내면 마달리	4282031027
강원도 고성군 현내면 마차진리	강원도 고성군 현내면 마차진리	4282031028
강원도 고성군 현내면 명파리	강원도 고성군 현내면 명파리	4282031029
강원도 고성군 현내면 명호리	강원도 고성군 현내면 명호리	4282031035
강원도 고성군 현내면 배봉리	강원도 고성군 현내면 배봉리	4282031030
강원도 고성군 현내면 사천리	강원도 고성군 현내면 사천리	4282031033
강원도 고성군 현내면 산학리	강원도 고성군 현내면 산학리	4282031025
강원도 고성군 현내면 송현리	강원도 고성군 현내면 송현리	4282031034
강원도 고성군 현내면 제진리	강원도 고성군 현내면 제진리	4282031037
강원도 고성군 현내면 죽정리	강원도 고성군 현내면 죽정리	4282031024
강원도 고성군 현내면 철통리	강원도 고성군 현내면 철통리	4282031022
강원도 고성군 현내면 초도리	강원도 고성군 현내면 초도리	4282031023
강원도 고성군 현내면 화곡리	강원도 고성군 현내면 화곡리	4282031026
강원도 동해시 괴란동	강원도 동해시 괴란동	4217013200
강원도 동해시 구미동	강원도 동해시 구미동	4217011300
강원도 동해시 구호동	강원도 동해시 구호동	4217011500
강원도 동해시 귀운동	강원도 동해시 귀운동	4217011900
강원도 동해시 나안동	강원도 동해시 나안동	4217010800
강원도 동해시 내동	강원도 동해시 내동	4217012200
강원도 동해시 단봉동	강원도 동해시 단봉동	4217011600
강원도 동해시 달방동	강원도 동해시 달방동	4217013600
강원도 동해시 대구동	강원도 동해시 대구동	4217012000
강원도 동해시 대진동	강원도 동해시 대진동	4217012800
강원도 동해시 동회동	강원도 동해시 동회동	4217010700
강원도 동해시 만우동	강원도 동해시 만우동	4217013300
강원도 동해시 망상동	강원도 동해시 망상동	4217012900
강원도 동해시 묵호진동	강원도 동해시 묵호진동	4217012300
강원도 동해시 발한동	강원도 동해시 발한동	4217011100
강원도 동해시 부곡동	강원도 동해시 부곡동	4217011000
강원도 동해시 북평동	강원도 동해시 북평동	4217011200
강원도 동해시 비천동	강원도 동해시 비천동	4217013500
강원도 동해시 삼화동	강원도 동해시 삼화동	4217012400
강원도 동해시 송정동	강원도 동해시 송정동	4217010300
강원도 동해시 쇄운동	강원도 동해시 쇄운동	4217010900
강원도 동해시 신흥동	강원도 동해시 신흥동	4217013400
강원도 동해시 심곡동	강원도 동해시 심곡동	4217013000
강원도 동해시 어달동	강원도 동해시 어달동	4217012700
강원도 동해시 용정동	강원도 동해시 용정동	4217010400
강원도 동해시 이기동	강원도 동해시 이기동	4217012500
강원도 동해시 이도동	강원도 동해시 이도동	4217011800
강원도 동해시 이로동	강원도 동해시 이로동	4217012600
강원도 동해시 지가동	강원도 동해시 지가동	4217011700
강원도 동해시 지흥동	강원도 동해시 지흥동	4217010500
강원도 동해시 천곡동	강원도 동해시 천곡동	4217010100
강원도 동해시 초구동	강원도 동해시 초구동	4217013100
강원도 동해시 추암동	강원도 동해시 추암동	4217011400
강원도 동해시 평릉동	강원도 동해시 평릉동	4217010200
강원도 동해시 호현동	강원도 동해시 호현동	4217012100
강원도 동해시 효가동	강원도 동해시 효가동	4217010600
강원도 삼척시 가곡면 동활리	강원도 삼척시 가곡면 동활리	4223035025
강원도 삼척시 가곡면 오목리	강원도 삼척시 가곡면 오목리	4223035021
강원도 삼척시 가곡면 오저리	강원도 삼척시 가곡면 오저리	4223035023
강원도 삼척시 가곡면 탕곡리	강원도 삼척시 가곡면 탕곡리	4223035022
강원도 삼척시 가곡면 풍곡리	강원도 삼척시 가곡면 풍곡리	4223035024
강원도 삼척시 갈천동	강원도 삼척시 갈천동	4223010700
강원도 삼척시 건지동	강원도 삼척시 건지동	4223011700
강원도 삼척시 교동	강원도 삼척시 교동	4223010600
강원도 삼척시 근덕면 광태리	강원도 삼척시 근덕면 광태리	4223031028
강원도 삼척시 근덕면 교가리	강원도 삼척시 근덕면 교가리	4223031024
강원도 삼척시 근덕면 교곡리	강원도 삼척시 근덕면 교곡리	4223031025
강원도 삼척시 근덕면 궁촌리	강원도 삼척시 근덕면 궁촌리	4223031030
강원도 삼척시 근덕면 금계리	강원도 삼척시 근덕면 금계리	4223031023
강원도 삼척시 근덕면 덕산리	강원도 삼척시 근덕면 덕산리	4223031026
강원도 삼척시 근덕면 동막리	강원도 삼척시 근덕면 동막리	4223031029
강원도 삼척시 근덕면 매원리	강원도 삼척시 근덕면 매원리	4223031031
강원도 삼척시 근덕면 부남리	강원도 삼척시 근덕면 부남리	4223031027
강원도 삼척시 근덕면 상맹방리	강원도 삼척시 근덕면 상맹방리	4223031021
강원도 삼척시 근덕면 용화리	강원도 삼척시 근덕면 용화리	4223031033
강원도 삼척시 근덕면 장호리	강원도 삼척시 근덕면 장호리	4223031034
강원도 삼척시 근덕면 초곡리	강원도 삼척시 근덕면 초곡리	4223031032
강원도 삼척시 근덕면 하맹방리	강원도 삼척시 근덕면 하맹방리	4223031022
강원도 삼척시 근산동	강원도 삼척시 근산동	4223012700
강원도 삼척시 남양동	강원도 삼척시 남양동	4223012000
강원도 삼척시 노곡면 개산리	강원도 삼척시 노곡면 개산리	4223033028
강원도 삼척시 노곡면 고자리	강원도 삼척시 노곡면 고자리	4223033026
강원도 삼척시 노곡면 둔달리	강원도 삼척시 노곡면 둔달리	4223033032
강원도 삼척시 노곡면 상군천리	강원도 삼척시 노곡면 상군천리	4223033031
강원도 삼척시 노곡면 상마읍리	강원도 삼척시 노곡면 상마읍리	4223033036
강원도 삼척시 노곡면 상반천리	강원도 삼척시 노곡면 상반천리	4223033024
강원도 삼척시 노곡면 상월산리	강원도 삼척시 노곡면 상월산리	4223033029
강원도 삼척시 노곡면 상천기리	강원도 삼척시 노곡면 상천기리	4223033022
강원도 삼척시 노곡면 여삼리	강원도 삼척시 노곡면 여삼리	4223033021
강원도 삼척시 노곡면 우발리	강원도 삼척시 노곡면 우발리	4223033025
강원도 삼척시 노곡면 주지리	강원도 삼척시 노곡면 주지리	4223033033
강원도 삼척시 노곡면 중마읍리	강원도 삼척시 노곡면 중마읍리	4223033035
강원도 삼척시 노곡면 하군천리	강원도 삼척시 노곡면 하군천리	4223033030
강원도 삼척시 노곡면 하마읍리	강원도 삼척시 노곡면 하마읍리	4223033034
강원도 삼척시 노곡면 하반천리	강원도 삼척시 노곡면 하반천리	4223033023
강원도 삼척시 노곡면 하월산리	강원도 삼척시 노곡면 하월산리	4223033027
강원도 삼척시 당저동	강원도 삼척시 당저동	4223010500
강원도 삼척시 도경동	강원도 삼척시 도경동	4223011400
강원도 삼척시 도계읍 고사리	강원도 삼척시 도계읍 고사리	4223025023
강원도 삼척시 도계읍 구사리	강원도 삼척시 도계읍 구사리	4223025036
강원도 삼척시 도계읍 늑구리	강원도 삼척시 도계읍 늑구리	4223025027
강원도 삼척시 도계읍 도계리	강원도 삼척시 도계읍 도계리	4223025030
강원도 삼척시 도계읍 마교리	강원도 삼척시 도계읍 마교리	4223025029
강원도 삼척시 도계읍 무건리	강원도 삼척시 도계읍 무건리	4223025025
강원도 삼척시 도계읍 발이리	강원도 삼척시 도계읍 발이리	4223025021
강원도 삼척시 도계읍 산기리	강원도 삼척시 도계읍 산기리	4223025024
강원도 삼척시 도계읍 상덕리	강원도 삼척시 도계읍 상덕리	4223025031
강원도 삼척시 도계읍 신리	강원도 삼척시 도계읍 신리	4223025037
강원도 삼척시 도계읍 심포리	강원도 삼척시 도계읍 심포리	4223025035
강원도 삼척시 도계읍 전두리	강원도 삼척시 도계읍 전두리	4223025033
강원도 삼척시 도계읍 점리	강원도 삼척시 도계읍 점리	4223025028
강원도 삼척시 도계읍 차구리	강원도 삼척시 도계읍 차구리	4223025022
강원도 삼척시 도계읍 한내리	강원도 삼척시 도계읍 한내리	4223025026
강원도 삼척시 도계읍 황조리	강원도 삼척시 도계읍 황조리	4223025032
강원도 삼척시 도계읍 흥전리	강원도 삼척시 도계읍 흥전리	4223025034
강원도 삼척시 등봉동	강원도 삼척시 등봉동	4223011300
강원도 삼척시 마달동	강원도 삼척시 마달동	4223011000
강원도 삼척시 마평동	강원도 삼척시 마평동	4223011500
강원도 삼척시 미로면 고천리	강원도 삼척시 미로면 고천리	4223034033
강원도 삼척시 미로면 내미로리	강원도 삼척시 미로면 내미로리	4223034034
강원도 삼척시 미로면 동산리	강원도 삼척시 미로면 동산리	4223034030
강원도 삼척시 미로면 무사리	강원도 삼척시 미로면 무사리	4223034021
강원도 삼척시 미로면 사둔리	강원도 삼척시 미로면 사둔리	4223034022
강원도 삼척시 미로면 삼거리	강원도 삼척시 미로면 삼거리	4223034032
강원도 삼척시 미로면 상거노리	강원도 삼척시 미로면 상거노리	4223034024
강원도 삼척시 미로면 상사전리	강원도 삼척시 미로면 상사전리	4223034031
강원도 삼척시 미로면 상정리	강원도 삼척시 미로면 상정리	4223034025
강원도 삼척시 미로면 천기리	강원도 삼척시 미로면 천기리	4223034027
강원도 삼척시 미로면 하거노리	강원도 삼척시 미로면 하거노리	4223034023
강원도 삼척시 미로면 하사전리	강원도 삼척시 미로면 하사전리	4223034029
강원도 삼척시 미로면 하정리	강원도 삼척시 미로면 하정리	4223034026
강원도 삼척시 미로면 활기리	강원도 삼척시 미로면 활기리	4223034028
강원도 삼척시 사직동	강원도 삼척시 사직동	4223012100
강원도 삼척시 성남동	강원도 삼척시 성남동	4223011900
강원도 삼척시 성내동	강원도 삼척시 성내동	4223010100
강원도 삼척시 성북동	강원도 삼척시 성북동	4223010200
강원도 삼척시 신기면 고무릉리	강원도 삼척시 신기면 고무릉리	4223036023
강원도 삼척시 신기면 대기리	강원도 삼척시 신기면 대기리	4223036025
강원도 삼척시 신기면 대이리	강원도 삼척시 신기면 대이리	4223036024
강원도 삼척시 신기면 대평리	강원도 삼척시 신기면 대평리	4223036027
강원도 삼척시 신기면 마차리	강원도 삼척시 신기면 마차리	4223036028
강원도 삼척시 신기면 서하리	강원도 삼척시 신기면 서하리	4223036022
강원도 삼척시 신기면 신기리	강원도 삼척시 신기면 신기리	4223036021
강원도 삼척시 신기면 안의리	강원도 삼척시 신기면 안의리	4223036026
강원도 삼척시 오분동	강원도 삼척시 오분동	4223012200
강원도 삼척시 오사동	강원도 삼척시 오사동	4223011600
강원도 삼척시 우지동	강원도 삼척시 우지동	4223010900
강원도 삼척시 원당동	강원도 삼척시 원당동	4223011800
강원도 삼척시 원덕읍 갈남리	강원도 삼척시 원덕읍 갈남리	4223025321
강원도 삼척시 원덕읍 기곡리	강원도 삼척시 원덕읍 기곡리	4223025331
강원도 삼척시 원덕읍 노경리	강원도 삼척시 원덕읍 노경리	4223025328
강원도 삼척시 원덕읍 노곡리	강원도 삼척시 원덕읍 노곡리	4223025323
강원도 삼척시 원덕읍 사곡리	강원도 삼척시 원덕읍 사곡리	4223025330
강원도 삼척시 원덕읍 산양리	강원도 삼척시 원덕읍 산양리	4223025332
강원도 삼척시 원덕읍 옥원리	강원도 삼척시 원덕읍 옥원리	4223025325
강원도 삼척시 원덕읍 월천리	강원도 삼척시 원덕읍 월천리	4223025327
강원도 삼척시 원덕읍 이천리	강원도 삼척시 원덕읍 이천리	4223025324
강원도 삼척시 원덕읍 임원리	강원도 삼척시 원덕읍 임원리	4223025322
강원도 삼척시 원덕읍 호산리	강원도 삼척시 원덕읍 호산리	4223025326
강원도 삼척시 읍상동	강원도 삼척시 읍상동	4223010300
강원도 삼척시 읍중동	강원도 삼척시 읍중동	4223010400
강원도 삼척시 자원동	강원도 삼척시 자원동	4223011100
강원도 삼척시 적노동	강원도 삼척시 적노동	4223012300
강원도 삼척시 정상동	강원도 삼척시 정상동	4223012500
강원도 삼척시 정하동	강원도 삼척시 정하동	4223012600
강원도 삼척시 조비동	강원도 삼척시 조비동	4223012400
강원도 삼척시 증산동	강원도 삼척시 증산동	4223010800
강원도 삼척시 평전동	강원도 삼척시 평전동	4223011200
강원도 삼척시 하장면 갈전리	강원도 삼척시 하장면 갈전리	4223032029
강원도 삼척시 하장면 공전리	강원도 삼척시 하장면 공전리	4223032030
강원도 삼척시 하장면 광동리	강원도 삼척시 하장면 광동리	4223032024
강원도 삼척시 하장면 대전리	강원도 삼척시 하장면 대전리	4223032033
강원도 삼척시 하장면 둔전리	강원도 삼척시 하장면 둔전리	4223032031
강원도 삼척시 하장면 번천리	강원도 삼척시 하장면 번천리	4223032022
강원도 삼척시 하장면 숙암리	강원도 삼척시 하장면 숙암리	4223032023
강원도 삼척시 하장면 어리	강원도 삼척시 하장면 어리	4223032034
강원도 삼척시 하장면 역둔리	강원도 삼척시 하장면 역둔리	4223032032
강원도 삼척시 하장면 용연리	강원도 삼척시 하장면 용연리	4223032036
강원도 삼척시 하장면 장전리	강원도 삼척시 하장면 장전리	4223032025
강원도 삼척시 하장면 중봉리	강원도 삼척시 하장면 중봉리	4223032021
강원도 삼척시 하장면 추동리	강원도 삼척시 하장면 추동리	4223032026
강원도 삼척시 하장면 토산리	강원도 삼척시 하장면 토산리	4223032028
강원도 삼척시 하장면 판문리	강원도 삼척시 하장면 판문리	4223032035
강원도 삼척시 하장면 한소리	강원도 삼척시 하장면 한소리	4223032027
강원도 속초시 교동	강원도 속초시 교동	4221010600
강원도 속초시 금호동	강원도 속초시 금호동	4221010400
강원도 속초시 노학동	강원도 속초시 노학동	4221010700
강원도 속초시 대포동	강원도 속초시 대포동	4221011000
강원도 속초시 도문동	강원도 속초시 도문동	4221011100
강원도 속초시 동명동	강원도 속초시 동명동	4221010200
강원도 속초시 설악동	강원도 속초시 설악동	4221011200
강원도 속초시 영랑동	강원도 속초시 영랑동	4221010100
강원도 속초시 장사동	강원도 속초시 장사동	4221011300
강원도 속초시 조양동	강원도 속초시 조양동	4221010800
강원도 속초시 중앙동	강원도 속초시 중앙동	4221010300
강원도 속초시 청학동	강원도 속초시 청학동	4221010500
강원도 속초시 청호동	강원도 속초시 청호동	4221010900
강원도 양구군 남면 가오작리	강원도 양구군 남면 가오작리	4280031022
강원도 양구군 남면 구암리	강원도 양구군 남면 구암리	4280031030
강원도 양구군 남면 도촌리	강원도 양구군 남면 도촌리	4280031029
강원도 양구군 남면 두무리	강원도 양구군 남면 두무리	4280031034
강원도 양구군 남면 명곶리	강원도 양구군 남면 명곶리	4280031035
강원도 양구군 남면 송우리	강원도 양구군 남면 송우리	4280031026
강원도 양구군 남면 심포리	강원도 양구군 남면 심포리	4280031032
강원도 양구군 남면 야촌리	강원도 양구군 남면 야촌리	4280031023
강원도 양구군 남면 용하리	강원도 양구군 남면 용하리	4280031024
강원도 양구군 남면 원리	강원도 양구군 남면 원리	4280031033
강원도 양구군 남면 적리	강원도 양구군 남면 적리	4280031021
강원도 양구군 남면 죽리	강원도 양구군 남면 죽리	4280031031
강원도 양구군 남면 창리	강원도 양구군 남면 창리	4280031028
강원도 양구군 남면 청리	강원도 양구군 남면 청리	4280031025
강원도 양구군 남면 황강리	강원도 양구군 남면 황강리	4280031027
강원도 양구군 동면 덕곡리	강원도 양구군 동면 덕곡리	4280032024
강원도 양구군 동면 원당리	강원도 양구군 동면 원당리	4280032023
강원도 양구군 동면 월운리	강원도 양구군 동면 월운리	4280032027
강원도 양구군 동면 임당리	강원도 양구군 동면 임당리	4280032025
강원도 양구군 동면 지석리	강원도 양구군 동면 지석리	4280032022
강원도 양구군 동면 팔랑리	강원도 양구군 동면 팔랑리	4280032026
강원도 양구군 동면 후곡리	강원도 양구군 동면 후곡리	4280032021
강원도 양구군 방산면 건솔리	강원도 양구군 방산면 건솔리	4280033029
강원도 양구군 방산면 고방산리	강원도 양구군 방산면 고방산리	4280033027
강원도 양구군 방산면 금악리	강원도 양구군 방산면 금악리	4280033023
강원도 양구군 방산면 송현리	강원도 양구군 방산면 송현리	4280033026
강원도 양구군 방산면 오미리	강원도 양구군 방산면 오미리	4280033022
강원도 양구군 방산면 장평리	강원도 양구군 방산면 장평리	4280033024
강원도 양구군 방산면 천미리	강원도 양구군 방산면 천미리	4280033028
강원도 양구군 방산면 칠전리	강원도 양구군 방산면 칠전리	4280033025
강원도 양구군 방산면 현리	강원도 양구군 방산면 현리	4280033021
강원도 양구군 양구읍 고대리	강원도 양구군 양구읍 고대리	4280025034
강원도 양구군 양구읍 공리	강원도 양구군 양구읍 공리	4280025028
강원도 양구군 양구읍 공수리	강원도 양구군 양구읍 공수리	4280025038
강원도 양구군 양구읍 군량리	강원도 양구군 양구읍 군량리	4280025039
강원도 양구군 양구읍 도사리	강원도 양구군 양구읍 도사리	4280025037
강원도 양구군 양구읍 동수리	강원도 양구군 양구읍 동수리	4280025033
강원도 양구군 양구읍 상리	강원도 양구군 양구읍 상리	4280025021
강원도 양구군 양구읍 상무룡리	강원도 양구군 양구읍 상무룡리	4280025041
강원도 양구군 양구읍 석현리	강원도 양구군 양구읍 석현리	4280025027
강원도 양구군 양구읍 송청리	강원도 양구군 양구읍 송청리	4280025024
강원도 양구군 양구읍 수인리	강원도 양구군 양구읍 수인리	4280025025
강원도 양구군 양구읍 안대리	강원도 양구군 양구읍 안대리	4280025031
강원도 양구군 양구읍 웅진리	강원도 양구군 양구읍 웅진리	4280025026
강원도 양구군 양구읍 월명리	강원도 양구군 양구읍 월명리	4280025040
강원도 양구군 양구읍 이리	강원도 양구군 양구읍 이리	4280025030
강원도 양구군 양구읍 정림리	강원도 양구군 양구읍 정림리	4280025032
강원도 양구군 양구읍 죽곡리	강원도 양구군 양구읍 죽곡리	4280025035
강원도 양구군 양구읍 중리	강원도 양구군 양구읍 중리	4280025022
강원도 양구군 양구읍 하리	강원도 양구군 양구읍 하리	4280025023
강원도 양구군 양구읍 학조리	강원도 양구군 양구읍 학조리	4280025029
강원도 양구군 양구읍 한전리	강원도 양구군 양구읍 한전리	4280025036
강원도 양구군 해안면 만대리	강원도 양구군 해안면 만대리	4280034023
강원도 양구군 해안면 오유리	강원도 양구군 해안면 오유리	4280034022
강원도 양구군 해안면 월산리	강원도 양구군 해안면 월산리	4280034024
강원도 양구군 해안면 이현리	강원도 양구군 해안면 이현리	4280034025
강원도 양구군 해안면 현리	강원도 양구군 해안면 현리	4280034021
강원도 양구군 해안면 후리	강원도 양구군 해안면 후리	4280034026
강원도 양양군 강현면	강원도 양양군 강현면	4283035000
강원도 양양군 강현면 간곡리	강원도 양양군 강현면 간곡리	4283035026
강원도 양양군 강현면 강선리	강원도 양양군 강현면 강선리	4283035024
강원도 양양군 강현면 광석리	강원도 양양군 강현면 광석리	4283035035
강원도 양양군 강현면 금풍리	강원도 양양군 강현면 금풍리	4283035031
강원도 양양군 강현면 답리	강원도 양양군 강현면 답리	4283035034
강원도 양양군 강현면 둔전리	강원도 양양군 강현면 둔전리	4283035027
강원도 양양군 강현면 물갑리	강원도 양양군 강현면 물갑리	4283035042
강원도 양양군 강현면 물치리	강원도 양양군 강현면 물치리	4283035025
강원도 양양군 강현면 방축리	강원도 양양군 강현면 방축리	4283035033
강원도 양양군 강현면 사교리	강원도 양양군 강현면 사교리	4283035032
강원도 양양군 강현면 상복리	강원도 양양군 강현면 상복리	4283035021
강원도 양양군 강현면 석교리	강원도 양양군 강현면 석교리	4283035028
강원도 양양군 강현면 용호리	강원도 양양군 강현면 용호리	4283035037
강원도 양양군 강현면 장산리	강원도 양양군 강현면 장산리	4283035038
강원도 양양군 강현면 적은리	강원도 양양군 강현면 적은리	4283035041
강원도 양양군 강현면 전진리	강원도 양양군 강현면 전진리	4283035039
강원도 양양군 강현면 정암리	강원도 양양군 강현면 정암리	4283035036
강원도 양양군 강현면 주청리	강원도 양양군 강현면 주청리	4283035040
강원도 양양군 강현면 중복리	강원도 양양군 강현면 중복리	4283035022
강원도 양양군 강현면 침교리	강원도 양양군 강현면 침교리	4283035029
강원도 양양군 강현면 하복리	강원도 양양군 강현면 하복리	4283035023
강원도 양양군 강현면 회룡리	강원도 양양군 강현면 회룡리	4283035030
강원도 양양군 서면 가라피리	강원도 양양군 서면 가라피리	4283031032
강원도 양양군 서면 갈천리	강원도 양양군 서면 갈천리	4283031021
강원도 양양군 서면 공수전리	강원도 양양군 서면 공수전리	4283031040
강원도 양양군 서면 내현리	강원도 양양군 서면 내현리	4283031025
강원도 양양군 서면 논화리	강원도 양양군 서면 논화리	4283031023
강원도 양양군 서면 미천리	강원도 양양군 서면 미천리	4283031036
강원도 양양군 서면 범부리	강원도 양양군 서면 범부리	4283031028
강원도 양양군 서면 북암리	강원도 양양군 서면 북암리	4283031037
강원도 양양군 서면 북평리	강원도 양양군 서면 북평리	4283031027
강원도 양양군 서면 상평리	강원도 양양군 서면 상평리	4283031029
강원도 양양군 서면 서림리	강원도 양양군 서면 서림리	4283031035
강원도 양양군 서면 서선리	강원도 양양군 서면 서선리	4283031031
강원도 양양군 서면 송어리	강원도 양양군 서면 송어리	4283031039
강원도 양양군 서면 송천리	강원도 양양군 서면 송천리	4283031038
강원도 양양군 서면 수리	강원도 양양군 서면 수리	4283031022
강원도 양양군 서면 영덕리	강원도 양양군 서면 영덕리	4283031034
강원도 양양군 서면 오색리	강원도 양양군 서면 오색리	4283031033
강원도 양양군 서면 용소리	강원도 양양군 서면 용소리	4283031024
강원도 양양군 서면 용천리	강원도 양양군 서면 용천리	4283031026
강원도 양양군 서면 장승리	강원도 양양군 서면 장승리	4283031030
강원도 양양군 손양면 가평리	강원도 양양군 손양면 가평리	4283032024
강원도 양양군 손양면 간리	강원도 양양군 손양면 간리	4283032035
강원도 양양군 손양면 금강리	강원도 양양군 손양면 금강리	4283032022
강원도 양양군 손양면 도화리	강원도 양양군 손양면 도화리	4283032038
강원도 양양군 손양면 동호리	강원도 양양군 손양면 동호리	4283032021
강원도 양양군 손양면 밀양리	강원도 양양군 손양면 밀양리	4283032043
강원도 양양군 손양면 부소치리	강원도 양양군 손양면 부소치리	4283032032
강원도 양양군 손양면 삽존리	강원도 양양군 손양면 삽존리	4283032026
강원도 양양군 손양면 상양혈리	강원도 양양군 손양면 상양혈리	4283032030
강원도 양양군 손양면 상왕도리	강원도 양양군 손양면 상왕도리	4283032036
강원도 양양군 손양면 상운리	강원도 양양군 손양면 상운리	4283032042
강원도 양양군 손양면 석계리	강원도 양양군 손양면 석계리	4283032027
강원도 양양군 손양면 송전리	강원도 양양군 손양면 송전리	4283032023
강원도 양양군 손양면 송현리	강원도 양양군 손양면 송현리	4283032039
강원도 양양군 손양면 수산리	강원도 양양군 손양면 수산리	4283032033
강원도 양양군 손양면 수여리	강원도 양양군 손양면 수여리	4283032029
강원도 양양군 손양면 여운포리	강원도 양양군 손양면 여운포리	4283032041
강원도 양양군 손양면 오산리	강원도 양양군 손양면 오산리	4283032025
강원도 양양군 손양면 와리	강원도 양양군 손양면 와리	4283032034
강원도 양양군 손양면 우암리	강원도 양양군 손양면 우암리	4283032044
강원도 양양군 손양면 주리	강원도 양양군 손양면 주리	4283032040
강원도 양양군 손양면 하양혈리	강원도 양양군 손양면 하양혈리	4283032031
강원도 양양군 손양면 하왕도리	강원도 양양군 손양면 하왕도리	4283032037
강원도 양양군 손양면 학포리	강원도 양양군 손양면 학포리	4283032028
강원도 양양군 양양읍 감곡리	강원도 양양군 양양읍 감곡리	4283025034
강원도 양양군 양양읍 거마리	강원도 양양군 양양읍 거마리	4283025038
강원도 양양군 양양읍 구교리	강원도 양양군 양양읍 구교리	4283025022
강원도 양양군 양양읍 군행리	강원도 양양군 양양읍 군행리	4283025024
강원도 양양군 양양읍 기리	강원도 양양군 양양읍 기리	4283025032
강원도 양양군 양양읍 남문리	강원도 양양군 양양읍 남문리	4283025021
강원도 양양군 양양읍 내곡리	강원도 양양군 양양읍 내곡리	4283025036
강원도 양양군 양양읍 사천리	강원도 양양군 양양읍 사천리	4283025030
강원도 양양군 양양읍 서문리	강원도 양양군 양양읍 서문리	4283025035
강원도 양양군 양양읍 성내리	강원도 양양군 양양읍 성내리	4283025023
강원도 양양군 양양읍 송암리	강원도 양양군 양양읍 송암리	4283025027
강원도 양양군 양양읍 연창리	강원도 양양군 양양읍 연창리	4283025025
강원도 양양군 양양읍 월리	강원도 양양군 양양읍 월리	4283025028
강원도 양양군 양양읍 임천리	강원도 양양군 양양읍 임천리	4283025037
강원도 양양군 양양읍 정손리	강원도 양양군 양양읍 정손리	4283025033
강원도 양양군 양양읍 조산리	강원도 양양군 양양읍 조산리	4283025029
강원도 양양군 양양읍 청곡리	강원도 양양군 양양읍 청곡리	4283025026
강원도 양양군 양양읍 포월리	강원도 양양군 양양읍 포월리	4283025031
강원도 양양군 양양읍 화일리	강원도 양양군 양양읍 화일리	4283025039
강원도 양양군 현남면 견불리	강원도 양양군 현남면 견불리	4283034029
강원도 양양군 현남면 광진리	강원도 양양군 현남면 광진리	4283034026
강원도 양양군 현남면 남애리	강원도 양양군 현남면 남애리	4283034038
강원도 양양군 현남면 동산리	강원도 양양군 현남면 동산리	4283034023
강원도 양양군 현남면 두리	강원도 양양군 현남면 두리	4283034040
강원도 양양군 현남면 북분리	강원도 양양군 현남면 북분리	4283034022
강원도 양양군 현남면 상월천리	강원도 양양군 현남면 상월천리	4283034030
강원도 양양군 현남면 시변리	강원도 양양군 현남면 시변리	4283034024
강원도 양양군 현남면 원포리	강원도 양양군 현남면 원포리	4283034034
강원도 양양군 현남면 인구리	강원도 양양군 현남면 인구리	4283034021
강원도 양양군 현남면 임호정리	강원도 양양군 현남면 임호정리	4283034033
강원도 양양군 현남면 입암리	강원도 양양군 현남면 입암리	4283034037
강원도 양양군 현남면 전포매리	강원도 양양군 현남면 전포매리	4283034027
강원도 양양군 현남면 정자리	강원도 양양군 현남면 정자리	4283034025
강원도 양양군 현남면 주리	강원도 양양군 현남면 주리	4283034039
강원도 양양군 현남면 죽리	강원도 양양군 현남면 죽리	4283034041
강원도 양양군 현남면 지경리	강원도 양양군 현남면 지경리	4283034036
강원도 양양군 현남면 지리	강원도 양양군 현남면 지리	4283034035
강원도 양양군 현남면 창리	강원도 양양군 현남면 창리	4283034032
강원도 양양군 현남면 하월천리	강원도 양양군 현남면 하월천리	4283034031
강원도 양양군 현남면 후포매리	강원도 양양군 현남면 후포매리	4283034028
강원도 양양군 현북면 기사문리	강원도 양양군 현북면 기사문리	4283033022
강원도 양양군 현북면 대치리	강원도 양양군 현북면 대치리	4283033027
강원도 양양군 현북면 도리	강원도 양양군 현북면 도리	4283033025
강원도 양양군 현북면 말곡리	강원도 양양군 현북면 말곡리	4283033026
강원도 양양군 현북면 면옥치리	강원도 양양군 현북면 면옥치리	4283033033
강원도 양양군 현북면 명지리	강원도 양양군 현북면 명지리	4283033023
강원도 양양군 현북면 법수치리	강원도 양양군 현북면 법수치리	4283033034
강원도 양양군 현북면 상광정리	강원도 양양군 현북면 상광정리	4283033028
강원도 양양군 현북면 어성전리	강원도 양양군 현북면 어성전리	4283033031
강원도 양양군 현북면 원일전리	강원도 양양군 현북면 원일전리	4283033032
강원도 양양군 현북면 잔교리	강원도 양양군 현북면 잔교리	4283033021
강원도 양양군 현북면 장리	강원도 양양군 현북면 장리	4283033024
강원도 양양군 현북면 중광정리	강원도 양양군 현북면 중광정리	4283033029
강원도 양양군 현북면 하광정리	강원도 양양군 현북면 하광정리	4283033030
강원도 영월군 김삿갓면 각동리	강원도 영월군 김삿갓면 각동리	4275032522
강원도 영월군 김삿갓면 내리	강원도 영월군 김삿갓면 내리	4275032529
강원도 영월군 김삿갓면 대야리	강원도 영월군 김삿갓면 대야리	4275032523
강원도 영월군 김삿갓면 예밀리	강원도 영월군 김삿갓면 예밀리	4275032525
강원도 영월군 김삿갓면 옥동리	강원도 영월군 김삿갓면 옥동리	4275032524
강원도 영월군 김삿갓면 와석리	강원도 영월군 김삿갓면 와석리	4275032527
강원도 영월군 김삿갓면 외룡리	강원도 영월군 김삿갓면 외룡리	4275032528
강원도 영월군 김삿갓면 주문리	강원도 영월군 김삿갓면 주문리	4275032526
강원도 영월군 김삿갓면 진별리	강원도 영월군 김삿갓면 진별리	4275032521
강원도 영월군 남면 광천리	강원도 영월군 남면 광천리	4275034024
강원도 영월군 남면 북쌍리	강원도 영월군 남면 북쌍리	4275034026
강원도 영월군 남면 연당리	강원도 영월군 남면 연당리	4275034021
강원도 영월군 남면 조전리	강원도 영월군 남면 조전리	4275034025
강원도 영월군 남면 창원리	강원도 영월군 남면 창원리	4275034022
강원도 영월군 남면 토교리	강원도 영월군 남면 토교리	4275034023
강원도 영월군 무릉도원면 도원리	강원도 영월군 무릉도원면 도원리	4275038023
강원도 영월군 무릉도원면 두산리	강원도 영월군 무릉도원면 두산리	4275038025
강원도 영월군 무릉도원면 무릉리	강원도 영월군 무릉도원면 무릉리	4275038021
강원도 영월군 무릉도원면 법흥리	강원도 영월군 무릉도원면 법흥리	4275038022
강원도 영월군 무릉도원면 운학리	강원도 영월군 무릉도원면 운학리	4275038024
강원도 영월군 북면 공기리	강원도 영월군 북면 공기리	4275033024
강원도 영월군 북면 덕상리	강원도 영월군 북면 덕상리	4275033025
강원도 영월군 북면 마차리	강원도 영월군 북면 마차리	4275033021
강원도 영월군 북면 문곡리	강원도 영월군 북면 문곡리	4275033022
강원도 영월군 북면 연덕리	강원도 영월군 북면 연덕리	4275033023
강원도 영월군 상동읍 구래리	강원도 영월군 상동읍 구래리	4275025322
강원도 영월군 상동읍 내덕리	강원도 영월군 상동읍 내덕리	4275025321
강원도 영월군 상동읍 덕구리	강원도 영월군 상동읍 덕구리	4275025324
강원도 영월군 상동읍 천평리	강원도 영월군 상동읍 천평리	4275025323
강원도 영월군 영월읍 거운리	강원도 영월군 영월읍 거운리	4275025026
강원도 영월군 영월읍 덕포리	강원도 영월군 영월읍 덕포리	4275025024
강원도 영월군 영월읍 문산리	강원도 영월군 영월읍 문산리	4275025027
강원도 영월군 영월읍 방절리	강원도 영월군 영월읍 방절리	4275025023
강원도 영월군 영월읍 삼옥리	강원도 영월군 영월읍 삼옥리	4275025025
강원도 영월군 영월읍 연하리	강원도 영월군 영월읍 연하리	4275025028
강원도 영월군 영월읍 영흥리	강원도 영월군 영월읍 영흥리	4275025021
강원도 영월군 영월읍 정양리	강원도 영월군 영월읍 정양리	4275025029
강원도 영월군 영월읍 팔괴리	강원도 영월군 영월읍 팔괴리	4275025030
강원도 영월군 영월읍 하송리	강원도 영월군 영월읍 하송리	4275025022
강원도 영월군 영월읍 흥월리	강원도 영월군 영월읍 흥월리	4275025031
강원도 영월군 주천면 금마리	강원도 영월군 주천면 금마리	4275036025
강원도 영월군 주천면 도천리	강원도 영월군 주천면 도천리	4275036023
강원도 영월군 주천면 신일리	강원도 영월군 주천면 신일리	4275036024
강원도 영월군 주천면 용석리	강원도 영월군 주천면 용석리	4275036026
강원도 영월군 주천면 주천리	강원도 영월군 주천면 주천리	4275036021
강원도 영월군 주천면 판운리	강원도 영월군 주천면 판운리	4275036022
강원도 영월군 중동면 녹전리	강원도 영월군 중동면 녹전리	4275031021
강원도 영월군 중동면 석항리	강원도 영월군 중동면 석항리	4275031026
강원도 영월군 중동면 연상리	강원도 영월군 중동면 연상리	4275031025
강원도 영월군 중동면 이목리	강원도 영월군 중동면 이목리	4275031023
강원도 영월군 중동면 직동리	강원도 영월군 중동면 직동리	4275031022
강원도 영월군 중동면 화원리	강원도 영월군 중동면 화원리	4275031024
강원도 영월군 한반도면 광전리	강원도 영월군 한반도면 광전리	4275035522
강원도 영월군 한반도면 신천리	강원도 영월군 한반도면 신천리	4275035523
강원도 영월군 한반도면 쌍용리	강원도 영월군 한반도면 쌍용리	4275035525
강원도 영월군 한반도면 옹정리	강원도 영월군 한반도면 옹정리	4275035521
강원도 영월군 한반도면 후탄리	강원도 영월군 한반도면 후탄리	4275035524
강원도 원주시 가현동	강원도 원주시 가현동	4213011800
강원도 원주시 개운동	강원도 원주시 개운동	4213010500
강원도 원주시 관설동	강원도 원주시 관설동	4213011600
강원도 원주시 귀래면 귀래리	강원도 원주시 귀래면 귀래리	4213036022
강원도 원주시 귀래면 용암리	강원도 원주시 귀래면 용암리	4213036025
강원도 원주시 귀래면 운계리	강원도 원주시 귀래면 운계리	4213036023
강원도 원주시 귀래면 운남리	강원도 원주시 귀래면 운남리	4213036021
강원도 원주시 귀래면 주포리	강원도 원주시 귀래면 주포리	4213036024
강원도 원주시 단계동	강원도 원주시 단계동	4213011000
강원도 원주시 단구동	강원도 원주시 단구동	4213010700
강원도 원주시 명륜동	강원도 원주시 명륜동	4213010600
강원도 원주시 무실동	강원도 원주시 무실동	4213011500
강원도 원주시 문막읍 건등리	강원도 원주시 문막읍 건등리	4213025026
강원도 원주시 문막읍 궁촌리	강원도 원주시 문막읍 궁촌리	4213025025
강원도 원주시 문막읍 대둔리	강원도 원주시 문막읍 대둔리	4213025030
강원도 원주시 문막읍 동화리	강원도 원주시 문막읍 동화리	4213025022
강원도 원주시 문막읍 문막리	강원도 원주시 문막읍 문막리	4213025021
강원도 원주시 문막읍 반계리	강원도 원주시 문막읍 반계리	4213025029
강원도 원주시 문막읍 비두리	강원도 원주시 문막읍 비두리	4213025023
강원도 원주시 문막읍 취병리	강원도 원주시 문막읍 취병리	4213025024
강원도 원주시 문막읍 포진리	강원도 원주시 문막읍 포진리	4213025028
강원도 원주시 문막읍 후용리	강원도 원주시 문막읍 후용리	4213025027
강원도 원주시 반곡동	강원도 원주시 반곡동	4213011700
강원도 원주시 봉산동	강원도 원주시 봉산동	4213011300
강원도 원주시 부론면 노림리	강원도 원주시 부론면 노림리	4213035025
강원도 원주시 부론면 단강리	강원도 원주시 부론면 단강리	4213035026
강원도 원주시 부론면 법천리	강원도 원주시 부론면 법천리	4213035021
강원도 원주시 부론면 손곡리	강원도 원주시 부론면 손곡리	4213035022
강원도 원주시 부론면 정산리	강원도 원주시 부론면 정산리	4213035023
강원도 원주시 부론면 흥호리	강원도 원주시 부론면 흥호리	4213035024
강원도 원주시 소초면 교항리	강원도 원주시 소초면 교항리	4213031026
강원도 원주시 소초면 둔둔리	강원도 원주시 소초면 둔둔리	4213031027
강원도 원주시 소초면 수암리	강원도 원주시 소초면 수암리	4213031025
강원도 원주시 소초면 의관리	강원도 원주시 소초면 의관리	4213031022
강원도 원주시 소초면 장양리	강원도 원주시 소초면 장양리	4213031023
강원도 원주시 소초면 평장리	강원도 원주시 소초면 평장리	4213031021
강원도 원주시 소초면 학곡리	강원도 원주시 소초면 학곡리	4213031028
강원도 원주시 소초면 흥양리	강원도 원주시 소초면 흥양리	4213031024
강원도 원주시 신림면 구학리	강원도 원주시 신림면 구학리	4213039023
강원도 원주시 신림면 금창리	강원도 원주시 신림면 금창리	4213039022
강원도 원주시 신림면 성남리	강원도 원주시 신림면 성남리	4213039025
강원도 원주시 신림면 송계리	강원도 원주시 신림면 송계리	4213039027
강원도 원주시 신림면 신림리	강원도 원주시 신림면 신림리	4213039021
강원도 원주시 신림면 용암리	강원도 원주시 신림면 용암리	4213039024
강원도 원주시 신림면 황둔리	강원도 원주시 신림면 황둔리	4213039026
강원도 원주시 우산동	강원도 원주시 우산동	4213011100
강원도 원주시 원동	강원도 원주시 원동	4213010300
강원도 원주시 인동	강원도 원주시 인동	4213010400
강원도 원주시 일산동	강원도 원주시 일산동	4213010800
강원도 원주시 중앙동	강원도 원주시 중앙동	4213010100
강원도 원주시 지정면	강원도 원주시 지정면	4213033000
강원도 원주시 지정면 가곡리	강원도 원주시 지정면 가곡리	4213033023
강원도 원주시 지정면 간현리	강원도 원주시 지정면 간현리	4213033021
강원도 원주시 지정면 보통리	강원도 원주시 지정면 보통리	4213033027
강원도 원주시 지정면 신평리	강원도 원주시 지정면 신평리	4213033025
강원도 원주시 지정면 안창리	강원도 원주시 지정면 안창리	4213033022
강원도 원주시 지정면 월송리	강원도 원주시 지정면 월송리	4213033026
강원도 원주시 지정면 판대리	강원도 원주시 지정면 판대리	4213033024
강원도 원주시 태장동	강원도 원주시 태장동	4213011200
강원도 원주시 판부면 금대리	강원도 원주시 판부면 금대리	4213038021
강원도 원주시 판부면 서곡리	강원도 원주시 판부면 서곡리	4213038022
강원도 원주시 판부면 신촌리	강원도 원주시 판부면 신촌리	4213038023
강원도 원주시 평원동	강원도 원주시 평원동	4213010200
강원도 원주시 학성동	강원도 원주시 학성동	4213010900
강원도 원주시 행구동	강원도 원주시 행구동	4213011400
강원도 원주시 호저면 고산리	강원도 원주시 호저면 고산리	4213032022
강원도 원주시 호저면 광격리	강원도 원주시 호저면 광격리	4213032024
강원도 원주시 호저면 대덕리	강원도 원주시 호저면 대덕리	4213032023
강원도 원주시 호저면 만종리	강원도 원주시 호저면 만종리	4213032025
강원도 원주시 호저면 매호리	강원도 원주시 호저면 매호리	4213032030
강원도 원주시 호저면 무장리	강원도 원주시 호저면 무장리	4213032027
강원도 원주시 호저면 산현리	강원도 원주시 호저면 산현리	4213032029
강원도 원주시 호저면 옥산리	강원도 원주시 호저면 옥산리	4213032026
강원도 원주시 호저면 용곡리	강원도 원주시 호저면 용곡리	4213032028
강원도 원주시 호저면 주산리	강원도 원주시 호저면 주산리	4213032021
강원도 원주시 흥업면 대안리	강원도 원주시 흥업면 대안리	4213037024
강원도 원주시 흥업면 매지리	강원도 원주시 흥업면 매지리	4213037022
강원도 원주시 흥업면 사제리	강원도 원주시 흥업면 사제리	4213037023
강원도 원주시 흥업면 흥업리	강원도 원주시 흥업면 흥업리	4213037021
강원도 인제군 기린면 방동리	강원도 인제군 기린면 방동리	4281033024
강원도 인제군 기린면 북리	강원도 인제군 기린면 북리	4281033022
강원도 인제군 기린면 서리	강원도 인제군 기린면 서리	4281033023
강원도 인제군 기린면 진동리	강원도 인제군 기린면 진동리	4281033025
강원도 인제군 기린면 현리	강원도 인제군 기린면 현리	4281033021
강원도 인제군 남면 갑둔리	강원도 인제군 남면 갑둔리	4281031025
강원도 인제군 남면 관대리	강원도 인제군 남면 관대리	4281031028
강원도 인제군 남면 남전리	강원도 인제군 남면 남전리	4281031027
강원도 인제군 남면 부평리	강원도 인제군 남면 부평리	4281031024
강원도 인제군 남면 상수내리	강원도 인제군 남면 상수내리	4281031030
강원도 인제군 남면 소치리	강원도 인제군 남면 소치리	4281031033
강원도 인제군 남면 수산리	강원도 인제군 남면 수산리	4281031032
강원도 인제군 남면 신남리	강원도 인제군 남면 신남리	4281031021
강원도 인제군 남면 신월리	강원도 인제군 남면 신월리	4281031029
강원도 인제군 남면 신풍리	강원도 인제군 남면 신풍리	4281031022
강원도 인제군 남면 어론리	강원도 인제군 남면 어론리	4281031023
강원도 인제군 남면 정자리	강원도 인제군 남면 정자리	4281031026
강원도 인제군 남면 하수내리	강원도 인제군 남면 하수내리	4281031031
강원도 인제군 북면 용대리	강원도 인제군 북면 용대리	4281032024
강원도 인제군 북면 원통리	강원도 인제군 북면 원통리	4281032021
강원도 인제군 북면 월학리	강원도 인제군 북면 월학리	4281032022
강원도 인제군 북면 한계리	강원도 인제군 북면 한계리	4281032023
강원도 인제군 상남면 미산리	강원도 인제군 상남면 미산리	4281035023
강원도 인제군 상남면 상남리	강원도 인제군 상남면 상남리	4281035021
강원도 인제군 상남면 하남리	강원도 인제군 상남면 하남리	4281035022
강원도 인제군 서화면 가전리	강원도 인제군 서화면 가전리	4281034024
강원도 인제군 서화면 서화리	강원도 인제군 서화면 서화리	4281034023
강원도 인제군 서화면 서흥리	강원도 인제군 서화면 서흥리	4281034022
강원도 인제군 서화면 심적리	강원도 인제군 서화면 심적리	4281034025
강원도 인제군 서화면 천도리	강원도 인제군 서화면 천도리	4281034021
강원도 인제군 인제읍 가리산리	강원도 인제군 인제읍 가리산리	4281025029
강원도 인제군 인제읍 가아리	강원도 인제군 인제읍 가아리	4281025028
강원도 인제군 인제읍 고사리	강원도 인제군 인제읍 고사리	4281025031
강원도 인제군 인제읍 귀둔리	강원도 인제군 인제읍 귀둔리	4281025027
강원도 인제군 인제읍 남북리	강원도 인제군 인제읍 남북리	4281025022
강원도 인제군 인제읍 덕산리	강원도 인제군 인제읍 덕산리	4281025024
강원도 인제군 인제읍 덕적리	강원도 인제군 인제읍 덕적리	4281025025
강원도 인제군 인제읍 상동리	강원도 인제군 인제읍 상동리	4281025021
강원도 인제군 인제읍 원대리	강원도 인제군 인제읍 원대리	4281025026
강원도 인제군 인제읍 하추리	강원도 인제군 인제읍 하추리	4281025030
강원도 인제군 인제읍 합강리	강원도 인제군 인제읍 합강리	4281025023
강원도 정선군 고한읍 고한리	강원도 정선군 고한읍 고한리	4277025321
강원도 정선군 남면 광덕리	강원도 정선군 남면 광덕리	4277032025
강원도 정선군 남면 낙동리	강원도 정선군 남면 낙동리	4277032024
강원도 정선군 남면 무릉리	강원도 정선군 남면 무릉리	4277032022
강원도 정선군 남면 문곡리	강원도 정선군 남면 문곡리	4277032021
강원도 정선군 남면 유평리	강원도 정선군 남면 유평리	4277032023
강원도 정선군 북평면 나전리	강원도 정선군 북평면 나전리	4277034025
강원도 정선군 북평면 남평리	강원도 정선군 북평면 남평리	4277034023
강원도 정선군 북평면 문곡리	강원도 정선군 북평면 문곡리	4277034024
강원도 정선군 북평면 북평리	강원도 정선군 북평면 북평리	4277034022
강원도 정선군 북평면 숙암리	강원도 정선군 북평면 숙암리	4277034026
강원도 정선군 북평면 장열리	강원도 정선군 북평면 장열리	4277034021
강원도 정선군 사북읍 사북리	강원도 정선군 사북읍 사북리	4277025622
강원도 정선군 사북읍 직전리	강원도 정선군 사북읍 직전리	4277025621
강원도 정선군 신동읍 가사리	강원도 정선군 신동읍 가사리	4277025925
강원도 정선군 신동읍 고성리	강원도 정선군 신동읍 고성리	4277025926
강원도 정선군 신동읍 덕천리	강원도 정선군 신동읍 덕천리	4277025927
강원도 정선군 신동읍 방제리	강원도 정선군 신동읍 방제리	4277025924
강원도 정선군 신동읍 예미리	강원도 정선군 신동읍 예미리	4277025921
강원도 정선군 신동읍 운치리	강원도 정선군 신동읍 운치리	4277025928
강원도 정선군 신동읍 조동리	강원도 정선군 신동읍 조동리	4277025923
강원도 정선군 신동읍 천포리	강원도 정선군 신동읍 천포리	4277025922
강원도 정선군 여량면 고양리	강원도 정선군 여량면 고양리	4277037025
강원도 정선군 여량면 구절리	강원도 정선군 여량면 구절리	4277037023
강원도 정선군 여량면 남곡리	강원도 정선군 여량면 남곡리	4277037024
강원도 정선군 여량면 봉정리	강원도 정선군 여량면 봉정리	4277037026
강원도 정선군 여량면 여량리	강원도 정선군 여량면 여량리	4277037021
강원도 정선군 여량면 유천리	강원도 정선군 여량면 유천리	4277037022
강원도 정선군 임계면 가목리	강원도 정선군 임계면 가목리	4277035021
강원도 정선군 임계면 고양리	강원도 정선군 임계면 고양리	4277035031
강원도 정선군 임계면 낙천리	강원도 정선군 임계면 낙천리	4277035027
강원도 정선군 임계면 덕암리	강원도 정선군 임계면 덕암리	4277035030
강원도 정선군 임계면 도전리	강원도 정선군 임계면 도전리	4277035022
강원도 정선군 임계면 문래리	강원도 정선군 임계면 문래리	4277035034
강원도 정선군 임계면 반천리	강원도 정선군 임계면 반천리	4277035032
강원도 정선군 임계면 봉산리	강원도 정선군 임계면 봉산리	4277035026
강원도 정선군 임계면 송계리	강원도 정선군 임계면 송계리	4277035025
강원도 정선군 임계면 용산리	강원도 정선군 임계면 용산리	4277035028
강원도 정선군 임계면 임계리	강원도 정선군 임계면 임계리	4277035024
강원도 정선군 임계면 직원리	강원도 정선군 임계면 직원리	4277035023
강원도 정선군 정선읍 가수리	강원도 정선군 정선읍 가수리	4277025032
강원도 정선군 정선읍 광하리	강원도 정선군 정선읍 광하리	4277025030
강원도 정선군 정선읍 귤암리	강원도 정선군 정선읍 귤암리	4277025031
강원도 정선군 정선읍 덕송리	강원도 정선군 정선읍 덕송리	4277025023
강원도 정선군 정선읍 덕우리	강원도 정선군 정선읍 덕우리	4277025026
강원도 정선군 정선읍 봉양리	강원도 정선군 정선읍 봉양리	4277025021
강원도 정선군 정선읍 북실리	강원도 정선군 정선읍 북실리	4277025022
강원도 정선군 정선읍 신월리	강원도 정선군 정선읍 신월리	4277025025
강원도 정선군 정선읍 애산리	강원도 정선군 정선읍 애산리	4277025024
강원도 정선군 정선읍 여탄리	강원도 정선군 정선읍 여탄리	4277025027
강원도 정선군 정선읍 용탄리	강원도 정선군 정선읍 용탄리	4277025029
강원도 정선군 정선읍 회동리	강원도 정선군 정선읍 회동리	4277025028
강원도 정선군 화암면 건천리	강원도 정선군 화암면 건천리	4277036025
강원도 정선군 화암면 몰운리	강원도 정선군 화암면 몰운리	4277036024
강원도 정선군 화암면 백전리	강원도 정선군 화암면 백전리	4277036027
강원도 정선군 화암면 북동리	강원도 정선군 화암면 북동리	4277036023
강원도 정선군 화암면 석곡리	강원도 정선군 화암면 석곡리	4277036022
강원도 정선군 화암면 호촌리	강원도 정선군 화암면 호촌리	4277036026
강원도 정선군 화암면 화암리	강원도 정선군 화암면 화암리	4277036021
강원도 철원군 갈말읍 강포리	강원도 철원군 갈말읍 강포리	4278025623
강원도 철원군 갈말읍 군탄리	강원도 철원군 갈말읍 군탄리	4278025624
강원도 철원군 갈말읍 내대리	강원도 철원군 갈말읍 내대리	4278025626
강원도 철원군 갈말읍 동막리	강원도 철원군 갈말읍 동막리	4278025630
강원도 철원군 갈말읍 문혜리	강원도 철원군 갈말읍 문혜리	4278025625
강원도 철원군 갈말읍 상사리	강원도 철원군 갈말읍 상사리	4278025629
강원도 철원군 갈말읍 신철원리	강원도 철원군 갈말읍 신철원리	4278025621
강원도 철원군 갈말읍 정연리	강원도 철원군 갈말읍 정연리	4278025631
강원도 철원군 갈말읍 지경리	강원도 철원군 갈말읍 지경리	4278025627
강원도 철원군 갈말읍 지포리	강원도 철원군 갈말읍 지포리	4278025622
강원도 철원군 갈말읍 토성리	강원도 철원군 갈말읍 토성리	4278025628
강원도 철원군 근남면 마현리	강원도 철원군 근남면 마현리	4278032026
강원도 철원군 근남면 사곡리	강원도 철원군 근남면 사곡리	4278032023
강원도 철원군 근남면 양지리	강원도 철원군 근남면 양지리	4278032024
강원도 철원군 근남면 육단리	강원도 철원군 근남면 육단리	4278032021
강원도 철원군 근남면 잠곡리	강원도 철원군 근남면 잠곡리	4278032022
강원도 철원군 근남면 풍암리	강원도 철원군 근남면 풍암리	4278032025
강원도 철원군 근동면 방통리	강원도 철원군 근동면 방통리	4278034022
강원도 철원군 근북면 금곡리	강원도 철원군 근북면 금곡리	4278033023
강원도 철원군 근북면 백덕리	강원도 철원군 근북면 백덕리	4278033022
강원도 철원군 근북면 유곡리	강원도 철원군 근북면 유곡리	4278033021
강원도 철원군 근북면 율목리	강원도 철원군 근북면 율목리	4278033024
강원도 철원군 김화읍 감봉리	강원도 철원군 김화읍 감봉리	4278025327
강원도 철원군 김화읍 도창리	강원도 철원군 김화읍 도창리	4278025329
강원도 철원군 김화읍 생창리	강원도 철원군 김화읍 생창리	4278025323
강원도 철원군 김화읍 암정리	강원도 철원군 김화읍 암정리	4278025324
강원도 철원군 김화읍 용양리	강원도 철원군 김화읍 용양리	4278025326
강원도 철원군 김화읍 운장리	강원도 철원군 김화읍 운장리	4278025325
강원도 철원군 김화읍 읍내리	강원도 철원군 김화읍 읍내리	4278025322
강원도 철원군 김화읍 청양리	강원도 철원군 김화읍 청양리	4278025328
강원도 철원군 김화읍 학사리	강원도 철원군 김화읍 학사리	4278025321
강원도 철원군 동송읍 강산리	강원도 철원군 동송읍 강산리	4278025932
강원도 철원군 동송읍 관우리	강원도 철원군 동송읍 관우리	4278025927
강원도 철원군 동송읍 대위리	강원도 철원군 동송읍 대위리	4278025926
강원도 철원군 동송읍 상노리	강원도 철원군 동송읍 상노리	4278025925
강원도 철원군 동송읍 양지리	강원도 철원군 동송읍 양지리	4278025928
강원도 철원군 동송읍 오덕리	강원도 철원군 동송읍 오덕리	4278025922
강원도 철원군 동송읍 오지리	강원도 철원군 동송읍 오지리	4278025924
강원도 철원군 동송읍 이길리	강원도 철원군 동송읍 이길리	4278025929
강원도 철원군 동송읍 이평리	강원도 철원군 동송읍 이평리	4278025921
강원도 철원군 동송읍 장흥리	강원도 철원군 동송읍 장흥리	4278025923
강원도 철원군 동송읍 중강리	강원도 철원군 동송읍 중강리	4278025931
강원도 철원군 동송읍 하갈리	강원도 철원군 동송읍 하갈리	4278025930
강원도 철원군 서면 와수리	강원도 철원군 서면 와수리	4278031022
강원도 철원군 서면 자등리	강원도 철원군 서면 자등리	4278031021
강원도 철원군 원남면 노동리	강원도 철원군 원남면 노동리	4278036030
강원도 철원군 원남면 주파리	강원도 철원군 원남면 주파리	4278036028
강원도 철원군 원남면 죽대리	강원도 철원군 원남면 죽대리	4278036023
강원도 철원군 원남면 진현리	강원도 철원군 원남면 진현리	4278036031
강원도 철원군 철원읍 가단리	강원도 철원군 철원읍 가단리	4278025032
강원도 철원군 철원읍 관전리	강원도 철원군 철원읍 관전리	4278025022
강원도 철원군 철원읍 내포리	강원도 철원군 철원읍 내포리	4278025027
강원도 철원군 철원읍 대마리	강원도 철원군 철원읍 대마리	4278025029
강원도 철원군 철원읍 사요리	강원도 철원군 철원읍 사요리	4278025024
강원도 철원군 철원읍 산명리	강원도 철원군 철원읍 산명리	4278025031
강원도 철원군 철원읍 외촌리	강원도 철원군 철원읍 외촌리	4278025025
강원도 철원군 철원읍 월하리	강원도 철원군 철원읍 월하리	4278025023
강원도 철원군 철원읍 유정리	강원도 철원군 철원읍 유정리	4278025033
강원도 철원군 철원읍 율이리	강원도 철원군 철원읍 율이리	4278025026
강원도 철원군 철원읍 중리	강원도 철원군 철원읍 중리	4278025028
강원도 철원군 철원읍 중세리	강원도 철원군 철원읍 중세리	4278025030
강원도 철원군 철원읍 홍원리	강원도 철원군 철원읍 홍원리	4278025034
강원도 철원군 철원읍 화지리	강원도 철원군 철원읍 화지리	4278025021
강원도 춘천시 교동	강원도 춘천시 교동	4211012200
강원도 춘천시 근화동	강원도 춘천시 근화동	4211011700
강원도 춘천시 낙원동	강원도 춘천시 낙원동	4211010300
강원도 춘천시 남면 가정리	강원도 춘천시 남면 가정리	4211034023
강원도 춘천시 남면 관천리	강원도 춘천시 남면 관천리	4211034021
강원도 춘천시 남면 박암리	강원도 춘천시 남면 박암리	4211034022
강원도 춘천시 남면 발산리	강원도 춘천시 남면 발산리	4211034024
강원도 춘천시 남면 추곡리	강원도 춘천시 남면 추곡리	4211034026
강원도 춘천시 남면 한덕리	강원도 춘천시 남면 한덕리	4211034027
강원도 춘천시 남면 후동리	강원도 춘천시 남면 후동리	4211034025
강원도 춘천시 남산면 강촌리	강원도 춘천시 남산면 강촌리	4211040027
강원도 춘천시 남산면 광판리	강원도 춘천시 남산면 광판리	4211040022
강원도 춘천시 남산면 방곡리	강원도 춘천시 남산면 방곡리	4211040026
강원도 춘천시 남산면 방하리	강원도 춘천시 남산면 방하리	4211040030
강원도 춘천시 남산면 백양리	강원도 춘천시 남산면 백양리	4211040029
강원도 춘천시 남산면 산수리	강원도 춘천시 남산면 산수리	4211040031
강원도 춘천시 남산면 서천리	강원도 춘천시 남산면 서천리	4211040028
강원도 춘천시 남산면 수동리	강원도 춘천시 남산면 수동리	4211040024
강원도 춘천시 남산면 창촌리	강원도 춘천시 남산면 창촌리	4211040025
강원도 춘천시 남산면 행촌리	강원도 춘천시 남산면 행촌리	4211040023
강원도 춘천시 동내면 거두리	강원도 춘천시 동내면 거두리	4211039021
강원도 춘천시 동내면 고은리	강원도 춘천시 동내면 고은리	4211039023
강원도 춘천시 동내면 사암리	강원도 춘천시 동내면 사암리	4211039024
강원도 춘천시 동내면 신촌리	강원도 춘천시 동내면 신촌리	4211039022
강원도 춘천시 동내면 학곡리	강원도 춘천시 동내면 학곡리	4211039025
강원도 춘천시 동면 감정리	강원도 춘천시 동면 감정리	4211031024
강원도 춘천시 동면 만천리	강원도 춘천시 동면 만천리	4211031022
강원도 춘천시 동면 상걸리	강원도 춘천시 동면 상걸리	4211031030
강원도 춘천시 동면 신이리	강원도 춘천시 동면 신이리	4211031028
강원도 춘천시 동면 월곡리	강원도 춘천시 동면 월곡리	4211031025
강원도 춘천시 동면 장학리	강원도 춘천시 동면 장학리	4211031023
강원도 춘천시 동면 지내리	강원도 춘천시 동면 지내리	4211031021
강원도 춘천시 동면 평촌리	강원도 춘천시 동면 평촌리	4211031029
강원도 춘천시 동면 품걸리	강원도 춘천시 동면 품걸리	4211031027
강원도 춘천시 동면 품안리	강원도 춘천시 동면 품안리	4211031026
강원도 춘천시 동산면 군자리	강원도 춘천시 동산면 군자리	4211032024
강원도 춘천시 동산면 봉명리	강원도 춘천시 동산면 봉명리	4211032022
강원도 춘천시 동산면 원창리	강원도 춘천시 동산면 원창리	4211032023
강원도 춘천시 동산면 조양리	강원도 춘천시 동산면 조양리	4211032021
강원도 춘천시 봉의동	강원도 춘천시 봉의동	4211010100
강원도 춘천시 북산면 내평리	강원도 춘천시 북산면 내평리	4211038021
강원도 춘천시 북산면 대곡리	강원도 춘천시 북산면 대곡리	4211038029
강원도 춘천시 북산면 대동리	강원도 춘천시 북산면 대동리	4211038028
강원도 춘천시 북산면 물로리	강원도 춘천시 북산면 물로리	4211038026
강원도 춘천시 북산면 부귀리	강원도 춘천시 북산면 부귀리	4211038023
강원도 춘천시 북산면 오항리	강원도 춘천시 북산면 오항리	4211038025
강원도 춘천시 북산면 조교리	강원도 춘천시 북산면 조교리	4211038027
강원도 춘천시 북산면 청평리	강원도 춘천시 북산면 청평리	4211038022
강원도 춘천시 북산면 추곡리	강원도 춘천시 북산면 추곡리	4211038024
강원도 춘천시 북산면 추전리	강원도 춘천시 북산면 추전리	4211038030
강원도 춘천시 사농동	강원도 춘천시 사농동	4211011900
강원도 춘천시 사북면 가일리	강원도 춘천시 사북면 가일리	4211036024
강원도 춘천시 사북면 고성리	강원도 춘천시 사북면 고성리	4211036028
강원도 춘천시 사북면 고탄리	강원도 춘천시 사북면 고탄리	4211036027
강원도 춘천시 사북면 송암리	강원도 춘천시 사북면 송암리	4211036029
강원도 춘천시 사북면 신포리	강원도 춘천시 사북면 신포리	4211036021
강원도 춘천시 사북면 오탄리	강원도 춘천시 사북면 오탄리	4211036023
강원도 춘천시 사북면 원평리	강원도 춘천시 사북면 원평리	4211036025
강원도 춘천시 사북면 인람리	강원도 춘천시 사북면 인람리	4211036030
강원도 춘천시 사북면 지암리	강원도 춘천시 사북면 지암리	4211036026
강원도 춘천시 사북면 지촌리	강원도 춘천시 사북면 지촌리	4211036022
강원도 춘천시 삼천동	강원도 춘천시 삼천동	4211012500
강원도 춘천시 서면 금산리	강원도 춘천시 서면 금산리	4211035022
강원도 춘천시 서면 당림리	강원도 춘천시 서면 당림리	4211035029
강원도 춘천시 서면 덕두원리	강원도 춘천시 서면 덕두원리	4211035028
강원도 춘천시 서면 방동리	강원도 춘천시 서면 방동리	4211035027
강원도 춘천시 서면 서상리	강원도 춘천시 서면 서상리	4211035024
강원도 춘천시 서면 신매리	강원도 춘천시 서면 신매리	4211035023
강원도 춘천시 서면 안보리	강원도 춘천시 서면 안보리	4211035030
강원도 춘천시 서면 오월리	강원도 춘천시 서면 오월리	4211035025
강원도 춘천시 서면 월송리	강원도 춘천시 서면 월송리	4211035026
강원도 춘천시 서면 현암리	강원도 춘천시 서면 현암리	4211035021
강원도 춘천시 석사동	강원도 춘천시 석사동	4211012400
강원도 춘천시 소양로1가	강원도 춘천시 소양로1가	4211011300
강원도 춘천시 소양로2가	강원도 춘천시 소양로2가	4211011400
강원도 춘천시 소양로3가	강원도 춘천시 소양로3가	4211011500
강원도 춘천시 소양로4가	강원도 춘천시 소양로4가	4211011600
강원도 춘천시 송암동	강원도 춘천시 송암동	4211012700
강원도 춘천시 신동	강원도 춘천시 신동	4211012800
강원도 춘천시 신동면 의암리	강원도 춘천시 신동면 의암리	4211033021
강원도 춘천시 신동면 정족리	강원도 춘천시 신동면 정족리	4211033025
강원도 춘천시 신동면 증리	강원도 춘천시 신동면 증리	4211033024
강원도 춘천시 신동면 팔미리	강원도 춘천시 신동면 팔미리	4211033022
강원도 춘천시 신동면 혈동리	강원도 춘천시 신동면 혈동리	4211033023
강원도 춘천시 신북읍 발산리	강원도 춘천시 신북읍 발산리	4211025025
강원도 춘천시 신북읍 산천리	강원도 춘천시 신북읍 산천리	4211025024
강원도 춘천시 신북읍 용산리	강원도 춘천시 신북읍 용산리	4211025027
강원도 춘천시 신북읍 유포리	강원도 춘천시 신북읍 유포리	4211025023
강원도 춘천시 신북읍 율문리	강원도 춘천시 신북읍 율문리	4211025021
강원도 춘천시 신북읍 지내리	강원도 춘천시 신북읍 지내리	4211025026
강원도 춘천시 신북읍 천전리	강원도 춘천시 신북읍 천전리	4211025022
강원도 춘천시 약사동	강원도 춘천시 약사동	4211011100
강원도 춘천시 옥천동	강원도 춘천시 옥천동	4211010700
강원도 춘천시 온의동	강원도 춘천시 온의동	4211012100
강원도 춘천시 요선동	강원도 춘천시 요선동	4211010200
강원도 춘천시 우두동	강원도 춘천시 우두동	4211011800
강원도 춘천시 운교동	강원도 춘천시 운교동	4211011000
강원도 춘천시 조양동	강원도 춘천시 조양동	4211010800
강원도 춘천시 죽림동	강원도 춘천시 죽림동	4211010900
강원도 춘천시 중도동	강원도 춘천시 중도동	4211012900
강원도 춘천시 중앙로1가	강원도 춘천시 중앙로1가	4211010400
강원도 춘천시 중앙로2가	강원도 춘천시 중앙로2가	4211010500
강원도 춘천시 중앙로3가	강원도 춘천시 중앙로3가	4211010600
강원도 춘천시 칠전동	강원도 춘천시 칠전동	4211012600
강원도 춘천시 퇴계동	강원도 춘천시 퇴계동	4211012300
강원도 춘천시 효자동	강원도 춘천시 효자동	4211011200
강원도 춘천시 후평동	강원도 춘천시 후평동	4211012000
강원도 태백시 금천동	강원도 태백시 금천동	4219010300
강원도 태백시 동점동	강원도 태백시 동점동	4219010600
강원도 태백시 문곡동	강원도 태백시 문곡동	4219010500
강원도 태백시 백산동	강원도 태백시 백산동	4219011300
강원도 태백시 상사미동	강원도 태백시 상사미동	4219011500
강원도 태백시 소도동	강원도 태백시 소도동	4219010700
강원도 태백시 원동	강원도 태백시 원동	4219011400
강원도 태백시 장성동	강원도 태백시 장성동	4219010200
강원도 태백시 적각동	강원도 태백시 적각동	4219011000
강원도 태백시 조탄동	강원도 태백시 조탄동	4219011700
강원도 태백시 창죽동	강원도 태백시 창죽동	4219011100
강원도 태백시 철암동	강원도 태백시 철암동	4219010400
강원도 태백시 통동	강원도 태백시 통동	4219011200
강원도 태백시 하사미동	강원도 태백시 하사미동	4219011600
강원도 태백시 혈동	강원도 태백시 혈동	4219010800
강원도 태백시 화전동	강원도 태백시 화전동	4219010900
강원도 태백시 황지동	강원도 태백시 황지동	4219010100
강원도 평창군 대관령면 병내리	강원도 평창군 대관령면 병내리	4276038022
강원도 평창군 대관령면 수하리	강원도 평창군 대관령면 수하리	4276038025
강원도 평창군 대관령면 용산리	강원도 평창군 대관령면 용산리	4276038026
강원도 평창군 대관령면 유천리	강원도 평창군 대관령면 유천리	4276038021
강원도 평창군 대관령면 차항리	강원도 평창군 대관령면 차항리	4276038023
강원도 평창군 대관령면 횡계리	강원도 평창군 대관령면 횡계리	4276038024
강원도 평창군 대화면 개수리	강원도 평창군 대화면 개수리	4276033023
강원도 평창군 대화면 대화리	강원도 평창군 대화면 대화리	4276033021
강원도 평창군 대화면 상안미리	강원도 평창군 대화면 상안미리	4276033024
강원도 평창군 대화면 신리	강원도 평창군 대화면 신리	4276033022
강원도 평창군 대화면 하안미리	강원도 평창군 대화면 하안미리	4276033025
강원도 평창군 미탄면 기화리	강원도 평창군 미탄면 기화리	4276031027
강원도 평창군 미탄면 마하리	강원도 평창군 미탄면 마하리	4276031028
강원도 평창군 미탄면 백운리	강원도 평창군 미탄면 백운리	4276031025
강원도 평창군 미탄면 수청리	강원도 평창군 미탄면 수청리	4276031029
강원도 평창군 미탄면 율치리	강원도 평창군 미탄면 율치리	4276031022
강원도 평창군 미탄면 창리	강원도 평창군 미탄면 창리	4276031021
강원도 평창군 미탄면 평안리	강원도 평창군 미탄면 평안리	4276031024
강원도 평창군 미탄면 한탄리	강원도 평창군 미탄면 한탄리	4276031026
강원도 평창군 미탄면 회동리	강원도 평창군 미탄면 회동리	4276031023
강원도 평창군 방림면 계촌리	강원도 평창군 방림면 계촌리	4276032023
강원도 평창군 방림면 방림리	강원도 평창군 방림면 방림리	4276032021
강원도 평창군 방림면 운교리	강원도 평창군 방림면 운교리	4276032022
강원도 평창군 봉평면 덕거리	강원도 평창군 봉평면 덕거리	4276034029
강원도 평창군 봉평면 면온리	강원도 평창군 봉평면 면온리	4276034025
강원도 평창군 봉평면 무이리	강원도 평창군 봉평면 무이리	4276034026
강원도 평창군 봉평면 원길리	강원도 평창군 봉평면 원길리	4276034028
강원도 평창군 봉평면 유포리	강원도 평창군 봉평면 유포리	4276034023
강원도 평창군 봉평면 진조리	강원도 평창군 봉평면 진조리	4276034024
강원도 평창군 봉평면 창동리	강원도 평창군 봉평면 창동리	4276034021
강원도 평창군 봉평면 평촌리	강원도 평창군 봉평면 평촌리	4276034022
강원도 평창군 봉평면 흥정리	강원도 평창군 봉평면 흥정리	4276034027
강원도 평창군 용평면 노동리	강원도 평창군 용평면 노동리	4276035024
강원도 평창군 용평면 도사리	강원도 평창군 용평면 도사리	4276035025
강원도 평창군 용평면 백옥포리	강원도 평창군 용평면 백옥포리	4276035026
강원도 평창군 용평면 속사리	강원도 평창군 용평면 속사리	4276035023
강원도 평창군 용평면 용전리	강원도 평창군 용평면 용전리	4276035021
강원도 평창군 용평면 이목정리	강원도 평창군 용평면 이목정리	4276035022
강원도 평창군 용평면 장평리	강원도 평창군 용평면 장평리	4276035027
강원도 평창군 용평면 재산리	강원도 평창군 용평면 재산리	4276035028
강원도 평창군 진부면 간평리	강원도 평창군 진부면 간평리	4276036028
강원도 평창군 진부면 거문리	강원도 평창군 진부면 거문리	4276036030
강원도 평창군 진부면 동산리	강원도 평창군 진부면 동산리	4276036027
강원도 평창군 진부면 두일리	강원도 평창군 진부면 두일리	4276036024
강원도 평창군 진부면 마평리	강원도 평창군 진부면 마평리	4276036033
강원도 평창군 진부면 막동리	강원도 평창군 진부면 막동리	4276036036
강원도 평창군 진부면 봉산리	강원도 평창군 진부면 봉산리	4276036032
강원도 평창군 진부면 상월오개리	강원도 평창군 진부면 상월오개리	4276036029
강원도 평창군 진부면 상진부리	강원도 평창군 진부면 상진부리	4276036022
강원도 평창군 진부면 송정리	강원도 평창군 진부면 송정리	4276036023
강원도 평창군 진부면 수항리	강원도 평창군 진부면 수항리	4276036034
강원도 평창군 진부면 신기리	강원도 평창군 진부면 신기리	4276036031
강원도 평창군 진부면 장전리	강원도 평창군 진부면 장전리	4276036037
강원도 평창군 진부면 척천리	강원도 평창군 진부면 척천리	4276036025
강원도 평창군 진부면 탑동리	강원도 평창군 진부면 탑동리	4276036026
강원도 평창군 진부면 하진부리	강원도 평창군 진부면 하진부리	4276036021
강원도 평창군 진부면 호명리	강원도 평창군 진부면 호명리	4276036038
강원도 평창군 진부면 화의리	강원도 평창군 진부면 화의리	4276036035
강원도 평창군 평창읍 계장리	강원도 평창군 평창읍 계장리	4276025047
강원도 평창군 평창읍 고길리	강원도 평창군 평창읍 고길리	4276025029
강원도 평창군 평창읍 노론리	강원도 평창군 평창읍 노론리	4276025026
강원도 평창군 평창읍 뇌운리	강원도 평창군 평창읍 뇌운리	4276025051
강원도 평창군 평창읍 다수리	강원도 평창군 평창읍 다수리	4276025048
강원도 평창군 평창읍 대상리	강원도 평창군 평창읍 대상리	4276025038
강원도 평창군 평창읍 대하리	강원도 평창군 평창읍 대하리	4276025039
강원도 평창군 평창읍 도돈리	강원도 평창군 평창읍 도돈리	4276025035
강원도 평창군 평창읍 마지리	강원도 평창군 평창읍 마지리	4276025036
강원도 평창군 평창읍 상리	강원도 평창군 평창읍 상리	4276025021
강원도 평창군 평창읍 약수리	강원도 평창군 평창읍 약수리	4276025032
강원도 평창군 평창읍 여만리	강원도 평창군 평창읍 여만리	4276025042
강원도 평창군 평창읍 용항리	강원도 평창군 평창읍 용항리	4276025045
강원도 평창군 평창읍 원당리	강원도 평창군 평창읍 원당리	4276025050
강원도 평창군 평창읍 유동리	강원도 평창군 평창읍 유동리	4276025031
강원도 평창군 평창읍 응암리	강원도 평창군 평창읍 응암리	4276025037
강원도 평창군 평창읍 이곡리	강원도 평창군 평창읍 이곡리	4276025027
강원도 평창군 평창읍 임하리	강원도 평창군 평창읍 임하리	4276025046
강원도 평창군 평창읍 입탄리	강원도 평창군 평창읍 입탄리	4276025040
강원도 평창군 평창읍 조동리	강원도 평창군 평창읍 조동리	4276025028
강원도 평창군 평창읍 조둔리	강원도 평창군 평창읍 조둔리	4276025033
강원도 평창군 평창읍 종부리	강원도 평창군 평창읍 종부리	4276025025
강원도 평창군 평창읍 주진리	강원도 평창군 평창읍 주진리	4276025044
강원도 평창군 평창읍 중리	강원도 평창군 평창읍 중리	4276025022
강원도 평창군 평창읍 지동리	강원도 평창군 평창읍 지동리	4276025030
강원도 평창군 평창읍 천동리	강원도 평창군 평창읍 천동리	4276025034
강원도 평창군 평창읍 천변리	강원도 평창군 평창읍 천변리	4276025024
강원도 평창군 평창읍 하리	강원도 평창군 평창읍 하리	4276025023
강원도 평창군 평창읍 하일리	강원도 평창군 평창읍 하일리	4276025049
강원도 평창군 평창읍 향동리	강원도 평창군 평창읍 향동리	4276025041
강원도 평창군 평창읍 후평리	강원도 평창군 평창읍 후평리	4276025043
강원도 홍천군 남면 남노일리	강원도 홍천군 남면 남노일리	4272036030
강원도 홍천군 남면 명동리	강원도 홍천군 남면 명동리	4272036027
강원도 홍천군 남면 시동리	강원도 홍천군 남면 시동리	4272036024
강원도 홍천군 남면 신대리	강원도 홍천군 남면 신대리	4272036023
강원도 홍천군 남면 양덕원리	강원도 홍천군 남면 양덕원리	4272036021
강원도 홍천군 남면 용수리	강원도 홍천군 남면 용수리	4272036029
강원도 홍천군 남면 월천리	강원도 홍천군 남면 월천리	4272036026
강원도 홍천군 남면 유목정리	강원도 홍천군 남면 유목정리	4272036022
강원도 홍천군 남면 유치리	강원도 홍천군 남면 유치리	4272036025
강원도 홍천군 남면 제곡리	강원도 홍천군 남면 제곡리	4272036028
강원도 홍천군 남면 화전리	강원도 홍천군 남면 화전리	4272036031
강원도 홍천군 내면 광원리	강원도 홍천군 내면 광원리	4272039022
강원도 홍천군 내면 명개리	강원도 홍천군 내면 명개리	4272039023
강원도 홍천군 내면 방내리	강원도 홍천군 내면 방내리	4272039026
강원도 홍천군 내면 율전리	강원도 홍천군 내면 율전리	4272039024
강원도 홍천군 내면 자운리	강원도 홍천군 내면 자운리	4272039025
강원도 홍천군 내면 창촌리	강원도 홍천군 내면 창촌리	4272039021
강원도 홍천군 내촌면 광암리	강원도 홍천군 내촌면 광암리	4272033028
강원도 홍천군 내촌면 답풍리	강원도 홍천군 내촌면 답풍리	4272033025
강원도 홍천군 내촌면 도관리	강원도 홍천군 내촌면 도관리	4272033024
강원도 홍천군 내촌면 문현리	강원도 홍천군 내촌면 문현리	4272033027
강원도 홍천군 내촌면 물걸리	강원도 홍천군 내촌면 물걸리	4272033021
강원도 홍천군 내촌면 서곡리	강원도 홍천군 내촌면 서곡리	4272033023
강원도 홍천군 내촌면 와야리	강원도 홍천군 내촌면 와야리	4272033022
강원도 홍천군 내촌면 화상대리	강원도 홍천군 내촌면 화상대리	4272033026
강원도 홍천군 동면 개운리	강원도 홍천군 동면 개운리	4272035029
강원도 홍천군 동면 노천리	강원도 홍천군 동면 노천리	4272035030
강원도 홍천군 동면 덕치리	강원도 홍천군 동면 덕치리	4272035023
강원도 홍천군 동면 방량리	강원도 홍천군 동면 방량리	4272035026
강원도 홍천군 동면 삼현리	강원도 홍천군 동면 삼현리	4272035025
강원도 홍천군 동면 성수리	강원도 홍천군 동면 성수리	4272035024
강원도 홍천군 동면 속초리	강원도 홍천군 동면 속초리	4272035021
강원도 홍천군 동면 신봉리	강원도 홍천군 동면 신봉리	4272035022
강원도 홍천군 동면 월운리	강원도 홍천군 동면 월운리	4272035027
강원도 홍천군 동면 좌운리	강원도 홍천군 동면 좌운리	4272035031
강원도 홍천군 동면 후동리	강원도 홍천군 동면 후동리	4272035028
강원도 홍천군 두촌면 괘석리	강원도 홍천군 두촌면 괘석리	4272032027
강원도 홍천군 두촌면 역내리	강원도 홍천군 두촌면 역내리	4272032022
강원도 홍천군 두촌면 원동리	강원도 홍천군 두촌면 원동리	4272032025
강원도 홍천군 두촌면 자은리	강원도 홍천군 두촌면 자은리	4272032024
강원도 홍천군 두촌면 장남리	강원도 홍천군 두촌면 장남리	4272032026
강원도 홍천군 두촌면 천현리	강원도 홍천군 두촌면 천현리	4272032023
강원도 홍천군 두촌면 철정리	강원도 홍천군 두촌면 철정리	4272032021
강원도 홍천군 북방면 구만리	강원도 홍천군 북방면 구만리	4272038031
강원도 홍천군 북방면 굴지리	강원도 홍천군 북방면 굴지리	4272038034
강원도 홍천군 북방면 노일리	강원도 홍천군 북방면 노일리	4272038032
강원도 홍천군 북방면 능평리	강원도 홍천군 북방면 능평리	4272038026
강원도 홍천군 북방면 도사곡리	강원도 홍천군 북방면 도사곡리	4272038035
강원도 홍천군 북방면 본궁리	강원도 홍천군 북방면 본궁리	4272038028
강원도 홍천군 북방면 부사원리	강원도 홍천군 북방면 부사원리	4272038027
강원도 홍천군 북방면 북방리	강원도 홍천군 북방면 북방리	4272038025
강원도 홍천군 북방면 상화계리	강원도 홍천군 북방면 상화계리	4272038021
강원도 홍천군 북방면 성동리	강원도 홍천군 북방면 성동리	4272038024
강원도 홍천군 북방면 소매곡리	강원도 홍천군 북방면 소매곡리	4272038036
강원도 홍천군 북방면 역전평리	강원도 홍천군 북방면 역전평리	4272038029
강원도 홍천군 북방면 원소리	강원도 홍천군 북방면 원소리	4272038030
강원도 홍천군 북방면 장항리	강원도 홍천군 북방면 장항리	4272038033
강원도 홍천군 북방면 전치곡리	강원도 홍천군 북방면 전치곡리	4272038038
강원도 홍천군 북방면 중화계리	강원도 홍천군 북방면 중화계리	4272038023
강원도 홍천군 북방면 하화계리	강원도 홍천군 북방면 하화계리	4272038037
강원도 홍천군 북방면 화동리	강원도 홍천군 북방면 화동리	4272038022
강원도 홍천군 서면 개야리	강원도 홍천군 서면 개야리	4272037031
강원도 홍천군 서면 굴업리	강원도 홍천군 서면 굴업리	4272037024
강원도 홍천군 서면 길곡리	강원도 홍천군 서면 길곡리	4272037027
강원도 홍천군 서면 대곡리	강원도 홍천군 서면 대곡리	4272037025
강원도 홍천군 서면 동막리	강원도 홍천군 서면 동막리	4272037028
강원도 홍천군 서면 두미리	강원도 홍천군 서면 두미리	4272037032
강원도 홍천군 서면 마곡리	강원도 홍천군 서면 마곡리	4272037030
강원도 홍천군 서면 모곡리	강원도 홍천군 서면 모곡리	4272037029
강원도 홍천군 서면 반곡리	강원도 홍천군 서면 반곡리	4272037021
강원도 홍천군 서면 어유포리	강원도 홍천군 서면 어유포리	4272037022
강원도 홍천군 서면 중방대리	강원도 홍천군 서면 중방대리	4272037026
강원도 홍천군 서면 팔봉리	강원도 홍천군 서면 팔봉리	4272037023
강원도 홍천군 서석면 검산리	강원도 홍천군 서석면 검산리	4272034022
강원도 홍천군 서석면 상군두리	강원도 홍천군 서석면 상군두리	4272034024
강원도 홍천군 서석면 생곡리	강원도 홍천군 서석면 생곡리	4272034023
강원도 홍천군 서석면 수하리	강원도 홍천군 서석면 수하리	4272034028
강원도 홍천군 서석면 어론리	강원도 홍천군 서석면 어론리	4272034027
강원도 홍천군 서석면 청량리	강원도 홍천군 서석면 청량리	4272034026
강원도 홍천군 서석면 풍암리	강원도 홍천군 서석면 풍암리	4272034021
강원도 홍천군 서석면 하군두리	강원도 홍천군 서석면 하군두리	4272034025
강원도 홍천군 홍천읍 갈마곡리	강원도 홍천군 홍천읍 갈마곡리	4272025024
강원도 홍천군 홍천읍 검율리	강원도 홍천군 홍천읍 검율리	4272025025
강원도 홍천군 홍천읍 결운리	강원도 홍천군 홍천읍 결운리	4272025027
강원도 홍천군 홍천읍 삼마치리	강원도 홍천군 홍천읍 삼마치리	4272025032
강원도 홍천군 홍천읍 상오안리	강원도 홍천군 홍천읍 상오안리	4272025033
강원도 홍천군 홍천읍 신장대리	강원도 홍천군 홍천읍 신장대리	4272025022
강원도 홍천군 홍천읍 연봉리	강원도 홍천군 홍천읍 연봉리	4272025029
강원도 홍천군 홍천읍 와동리	강원도 홍천군 홍천읍 와동리	4272025026
강원도 홍천군 홍천읍 장전평리	강원도 홍천군 홍천읍 장전평리	4272025031
강원도 홍천군 홍천읍 진리	강원도 홍천군 홍천읍 진리	4272025021
강원도 홍천군 홍천읍 태학리	강원도 홍천군 홍천읍 태학리	4272025028
강원도 홍천군 홍천읍 하오안리	강원도 홍천군 홍천읍 하오안리	4272025030
강원도 홍천군 홍천읍 희망리	강원도 홍천군 홍천읍 희망리	4272025023
강원도 홍천군 화촌면 구성포리	강원도 홍천군 화촌면 구성포리	4272031029
강원도 홍천군 화촌면 군업리	강원도 홍천군 화촌면 군업리	4272031026
강원도 홍천군 화촌면 굴운리	강원도 홍천군 화촌면 굴운리	4272031028
강원도 홍천군 화촌면 내삼포리	강원도 홍천군 화촌면 내삼포리	4272031022
강원도 홍천군 화촌면 성산리	강원도 홍천군 화촌면 성산리	4272031023
강원도 홍천군 화촌면 송정리	강원도 홍천군 화촌면 송정리	4272031021
강원도 홍천군 화촌면 야시대리	강원도 홍천군 화촌면 야시대리	4272031024
강원도 홍천군 화촌면 외삼포리	강원도 홍천군 화촌면 외삼포리	4272031031
강원도 홍천군 화촌면 장평리	강원도 홍천군 화촌면 장평리	4272031027
강원도 홍천군 화촌면 주음치리	강원도 홍천군 화촌면 주음치리	4272031025
강원도 홍천군 화촌면 풍천리	강원도 홍천군 화촌면 풍천리	4272031030
강원도 화천군 간동면 간척리	강원도 화천군 간동면 간척리	4279031023
강원도 화천군 간동면 구만리	강원도 화천군 간동면 구만리	4279031027
강원도 화천군 간동면 도송리	강원도 화천군 간동면 도송리	4279031026
강원도 화천군 간동면 방천리	강원도 화천군 간동면 방천리	4279031025
강원도 화천군 간동면 오음리	강원도 화천군 간동면 오음리	4279031024
강원도 화천군 간동면 용호리	강원도 화천군 간동면 용호리	4279031022
강원도 화천군 간동면 유촌리	강원도 화천군 간동면 유촌리	4279031021
강원도 화천군 사내면 광덕리	강원도 화천군 사내면 광덕리	4279034022
강원도 화천군 사내면 명월리	강원도 화천군 사내면 명월리	4279034023
강원도 화천군 사내면 사창리	강원도 화천군 사내면 사창리	4279034021
강원도 화천군 사내면 삼일리	강원도 화천군 사내면 삼일리	4279034025
강원도 화천군 사내면 용담리	강원도 화천군 사내면 용담리	4279034024
강원도 화천군 상서면 구운리	강원도 화천군 상서면 구운리	4279033023
강원도 화천군 상서면 노동리	강원도 화천군 상서면 노동리	4279033026
강원도 화천군 상서면 다목리	강원도 화천군 상서면 다목리	4279033030
강원도 화천군 상서면 마현리	강원도 화천군 상서면 마현리	4279033031
강원도 화천군 상서면 봉오리	강원도 화천군 상서면 봉오리	4279033029
강원도 화천군 상서면 부촌리	강원도 화천군 상서면 부촌리	4279033027
강원도 화천군 상서면 산양리	강원도 화천군 상서면 산양리	4279033028
강원도 화천군 상서면 신대리	강원도 화천군 상서면 신대리	4279033022
강원도 화천군 상서면 신풍리	강원도 화천군 상서면 신풍리	4279033021
강원도 화천군 상서면 장촌리	강원도 화천군 상서면 장촌리	4279033024
강원도 화천군 상서면 파포리	강원도 화천군 상서면 파포리	4279033025
강원도 화천군 하남면 거례리	강원도 화천군 하남면 거례리	4279032028
강원도 화천군 하남면 계성리	강원도 화천군 하남면 계성리	4279032023
강원도 화천군 하남면 논미리	강원도 화천군 하남면 논미리	4279032022
강원도 화천군 하남면 삼화리	강원도 화천군 하남면 삼화리	4279032027
강원도 화천군 하남면 서오지리	강원도 화천군 하남면 서오지리	4279032029
강원도 화천군 하남면 안평리	강원도 화천군 하남면 안평리	4279032024
강원도 화천군 하남면 용암리	강원도 화천군 하남면 용암리	4279032026
강원도 화천군 하남면 원천리	강원도 화천군 하남면 원천리	4279032021
강원도 화천군 하남면 위라리	강원도 화천군 하남면 위라리	4279032025
강원도 화천군 화천읍 대이리	강원도 화천군 화천읍 대이리	4279025028
강원도 화천군 화천읍 동촌리	강원도 화천군 화천읍 동촌리	4279025027
강원도 화천군 화천읍 상리	강원도 화천군 화천읍 상리	4279025024
강원도 화천군 화천읍 신읍리	강원도 화천군 화천읍 신읍리	4279025025
강원도 화천군 화천읍 아리	강원도 화천군 화천읍 아리	4279025021
강원도 화천군 화천읍 중리	강원도 화천군 화천읍 중리	4279025023
강원도 화천군 화천읍 풍산리	강원도 화천군 화천읍 풍산리	4279025026
강원도 화천군 화천읍 하리	강원도 화천군 화천읍 하리	4279025022
강원도 횡성군 갑천면 구방리	강원도 횡성군 갑천면 구방리	4273034024
강원도 횡성군 갑천면 대관대리	강원도 횡성군 갑천면 대관대리	4273034033
강원도 횡성군 갑천면 매일리	강원도 횡성군 갑천면 매일리	4273034026
강원도 횡성군 갑천면 병지방리	강원도 횡성군 갑천면 병지방리	4273034034
강원도 횡성군 갑천면 부동리	강원도 횡성군 갑천면 부동리	4273034022
강원도 횡성군 갑천면 삼거리	강원도 횡성군 갑천면 삼거리	4273034030
강원도 횡성군 갑천면 상대리	강원도 횡성군 갑천면 상대리	4273034028
강원도 횡성군 갑천면 율동리	강원도 횡성군 갑천면 율동리	4273034029
강원도 횡성군 갑천면 전촌리	강원도 횡성군 갑천면 전촌리	4273034031
강원도 횡성군 갑천면 중금리	강원도 횡성군 갑천면 중금리	4273034021
강원도 횡성군 갑천면 추동리	강원도 횡성군 갑천면 추동리	4273034032
강원도 횡성군 갑천면 포동리	강원도 횡성군 갑천면 포동리	4273034025
강원도 횡성군 갑천면 하대리	강원도 횡성군 갑천면 하대리	4273034027
강원도 횡성군 갑천면 화전리	강원도 횡성군 갑천면 화전리	4273034023
강원도 횡성군 강림면 강림리	강원도 횡성군 강림면 강림리	4273038021
강원도 횡성군 강림면 부곡리	강원도 횡성군 강림면 부곡리	4273038022
강원도 횡성군 강림면 월현리	강원도 횡성군 강림면 월현리	4273038023
강원도 횡성군 공근면 가곡리	강원도 횡성군 공근면 가곡리	4273036025
강원도 횡성군 공근면 공근리	강원도 횡성군 공근면 공근리	4273036024
강원도 횡성군 공근면 덕촌리	강원도 횡성군 공근면 덕촌리	4273036037
강원도 횡성군 공근면 도곡리	강원도 횡성군 공근면 도곡리	4273036031
강원도 횡성군 공근면 매곡리	강원도 횡성군 공근면 매곡리	4273036034
강원도 횡성군 공근면 부창리	강원도 횡성군 공근면 부창리	4273036022
강원도 횡성군 공근면 삼배리	강원도 횡성군 공근면 삼배리	4273036026
강원도 횡성군 공근면 상동리	강원도 횡성군 공근면 상동리	4273036021
강원도 횡성군 공근면 상창봉리	강원도 횡성군 공근면 상창봉리	4273036029
강원도 횡성군 공근면 수백리	강원도 횡성군 공근면 수백리	4273036036
강원도 횡성군 공근면 신촌리	강원도 횡성군 공근면 신촌리	4273036038
강원도 횡성군 공근면 어둔리	강원도 횡성군 공근면 어둔리	4273036023
강원도 횡성군 공근면 오산리	강원도 횡성군 공근면 오산리	4273036035
강원도 횡성군 공근면 창봉리	강원도 횡성군 공근면 창봉리	4273036030
강원도 횡성군 공근면 청곡리	강원도 횡성군 공근면 청곡리	4273036027
강원도 횡성군 공근면 초원리	강원도 횡성군 공근면 초원리	4273036032
강원도 횡성군 공근면 학담리	강원도 횡성군 공근면 학담리	4273036033
강원도 횡성군 공근면 행정리	강원도 횡성군 공근면 행정리	4273036028
강원도 횡성군 둔내면 궁종리	강원도 횡성군 둔내면 궁종리	4273033032
강원도 횡성군 둔내면 두원리	강원도 횡성군 둔내면 두원리	4273033026
강원도 횡성군 둔내면 둔방내리	강원도 횡성군 둔내면 둔방내리	4273033022
강원도 횡성군 둔내면 마암리	강원도 횡성군 둔내면 마암리	4273033030
강원도 횡성군 둔내면 삽교리	강원도 횡성군 둔내면 삽교리	4273033029
강원도 횡성군 둔내면 석문리	강원도 횡성군 둔내면 석문리	4273033028
강원도 횡성군 둔내면 영랑리	강원도 횡성군 둔내면 영랑리	4273033023
강원도 횡성군 둔내면 우용리	강원도 횡성군 둔내면 우용리	4273033025
강원도 횡성군 둔내면 자포곡리	강원도 횡성군 둔내면 자포곡리	4273033027
강원도 횡성군 둔내면 조항리	강원도 횡성군 둔내면 조항리	4273033024
강원도 횡성군 둔내면 태기리	강원도 횡성군 둔내면 태기리	4273033033
강원도 횡성군 둔내면 현천리	강원도 횡성군 둔내면 현천리	4273033021
강원도 횡성군 둔내면 화동리	강원도 횡성군 둔내면 화동리	4273033031
강원도 횡성군 서원면 금대리	강원도 횡성군 서원면 금대리	4273037026
강원도 횡성군 서원면 석화리	강원도 횡성군 서원면 석화리	4273037024
강원도 횡성군 서원면 압곡리	강원도 횡성군 서원면 압곡리	4273037022
강원도 횡성군 서원면 옥계리	강원도 횡성군 서원면 옥계리	4273037023
강원도 횡성군 서원면 유현리	강원도 횡성군 서원면 유현리	4273037025
강원도 횡성군 서원면 창촌리	강원도 횡성군 서원면 창촌리	4273037021
강원도 횡성군 안흥면 가천리	강원도 횡성군 안흥면 가천리	4273032022
강원도 횡성군 안흥면 상안리	강원도 횡성군 안흥면 상안리	4273032024
강원도 횡성군 안흥면 성산리	강원도 횡성군 안흥면 성산리	4273032027
강원도 횡성군 안흥면 소사리	강원도 횡성군 안흥면 소사리	4273032026
강원도 횡성군 안흥면 송한리	강원도 횡성군 안흥면 송한리	4273032023
강원도 횡성군 안흥면 안흥리	강원도 횡성군 안흥면 안흥리	4273032021
강원도 횡성군 안흥면 지구리	강원도 횡성군 안흥면 지구리	4273032025
강원도 횡성군 우천면 두곡리	강원도 횡성군 우천면 두곡리	4273031021
강원도 횡성군 우천면 문암리	강원도 횡성군 우천면 문암리	4273031034
강원도 횡성군 우천면 백달리	강원도 횡성군 우천면 백달리	4273031030
강원도 횡성군 우천면 법주리	강원도 횡성군 우천면 법주리	4273031033
강원도 횡성군 우천면 산전리	강원도 횡성군 우천면 산전리	4273031023
강원도 횡성군 우천면 상대리	강원도 횡성군 우천면 상대리	4273031027
강원도 횡성군 우천면 상하가리	강원도 횡성군 우천면 상하가리	4273031024
강원도 횡성군 우천면 양적리	강원도 횡성군 우천면 양적리	4273031032
강원도 횡성군 우천면 오원리	강원도 횡성군 우천면 오원리	4273031029
강원도 횡성군 우천면 용둔리	강원도 횡성군 우천면 용둔리	4273031022
강원도 횡성군 우천면 우항리	강원도 횡성군 우천면 우항리	4273031031
강원도 횡성군 우천면 정금리	강원도 횡성군 우천면 정금리	4273031025
강원도 횡성군 우천면 하궁리	강원도 횡성군 우천면 하궁리	4273031026
강원도 횡성군 우천면 하대리	강원도 횡성군 우천면 하대리	4273031028
강원도 횡성군 청일면 갑천리	강원도 횡성군 청일면 갑천리	4273035027
강원도 횡성군 청일면 고시리	강원도 횡성군 청일면 고시리	4273035028
강원도 횡성군 청일면 봉명리	강원도 횡성군 청일면 봉명리	4273035021
강원도 횡성군 청일면 속실리	강원도 횡성군 청일면 속실리	4273035022
강원도 횡성군 청일면 신대리	강원도 횡성군 청일면 신대리	4273035029
강원도 횡성군 청일면 유동리	강원도 횡성군 청일면 유동리	4273035024
강원도 횡성군 청일면 유평리	강원도 횡성군 청일면 유평리	4273035026
강원도 횡성군 청일면 초현리	강원도 횡성군 청일면 초현리	4273035025
강원도 횡성군 청일면 춘당리	강원도 횡성군 청일면 춘당리	4273035023
강원도 횡성군 횡성읍 가담리	강원도 횡성군 횡성읍 가담리	4273025044
강원도 횡성군 횡성읍 갈풍리	강원도 횡성군 횡성읍 갈풍리	4273025042
강원도 횡성군 횡성읍 개전리	강원도 횡성군 횡성읍 개전리	4273025030
강원도 횡성군 횡성읍 곡교리	강원도 횡성군 횡성읍 곡교리	4273025039
강원도 횡성군 횡성읍 교항리	강원도 횡성군 횡성읍 교항리	4273025035
강원도 횡성군 횡성읍 궁천리	강원도 횡성군 횡성읍 궁천리	4273025027
강원도 횡성군 횡성읍 남산리	강원도 횡성군 횡성읍 남산리	4273025034
강원도 횡성군 횡성읍 내지리	강원도 횡성군 횡성읍 내지리	4273025024
강원도 횡성군 횡성읍 마산리	강원도 횡성군 횡성읍 마산리	4273025031
강원도 횡성군 횡성읍 마옥리	강원도 횡성군 횡성읍 마옥리	4273025025
강원도 횡성군 횡성읍 모평리	강원도 횡성군 횡성읍 모평리	4273025040
강원도 횡성군 횡성읍 묵계리	강원도 횡성군 횡성읍 묵계리	4273025038
강원도 횡성군 횡성읍 반곡리	강원도 횡성군 횡성읍 반곡리	4273025041
강원도 횡성군 횡성읍 북천리	강원도 횡성군 횡성읍 북천리	4273025023
강원도 횡성군 횡성읍 생운리	강원도 횡성군 횡성읍 생운리	4273025033
강원도 횡성군 횡성읍 송전리	강원도 횡성군 횡성읍 송전리	4273025026
강원도 횡성군 횡성읍 영영포리	강원도 횡성군 횡성읍 영영포리	4273025029
강원도 횡성군 횡성읍 옥동리	강원도 횡성군 횡성읍 옥동리	4273025028
강원도 횡성군 횡성읍 읍상리	강원도 횡성군 횡성읍 읍상리	4273025021
강원도 횡성군 횡성읍 읍하리	강원도 횡성군 횡성읍 읍하리	4273025022
강원도 횡성군 횡성읍 입석리	강원도 횡성군 횡성읍 입석리	4273025036
강원도 횡성군 횡성읍 정암리	강원도 횡성군 횡성읍 정암리	4273025046
강원도 횡성군 횡성읍 조곡리	강원도 횡성군 횡성읍 조곡리	4273025032
강원도 횡성군 횡성읍 청룡리	강원도 횡성군 횡성읍 청용리	4273025037
강원도 횡성군 횡성읍 추동리	강원도 횡성군 횡성읍 추동리	4273025045
강원도 횡성군 횡성읍 학곡리	강원도 횡성군 횡성읍 학곡리	4273025043
경기도 가평군 가평읍 개곡리	경기도 가평군 가평읍 개곡리	4182025030
경기도 가평군 가평읍 경반리	경기도 가평군 가평읍 경반리	4182025027
경기도 가평군 가평읍 금대리	경기도 가평군 가평읍 금대리	4182025034
경기도 가평군 가평읍 달전리	경기도 가평군 가평읍 달전리	4182025023
경기도 가평군 가평읍 대곡리	경기도 가평군 가평읍 대곡리	4182025022
경기도 가평군 가평읍 두밀리	경기도 가평군 가평읍 두밀리	4182025026
경기도 가평군 가평읍 마장리	경기도 가평군 가평읍 마장리	4182025029
경기도 가평군 가평읍 복장리	경기도 가평군 가평읍 복장리	4182025033
경기도 가평군 가평읍 산유리	경기도 가평군 가평읍 산유리	4182025032
경기도 가평군 가평읍 상색리	경기도 가평군 가평읍 상색리	4182025025
경기도 가평군 가평읍 승안리	경기도 가평군 가평읍 승안리	4182025028
경기도 가평군 가평읍 읍내리	경기도 가평군 가평읍 읍내리	4182025021
경기도 가평군 가평읍 이화리	경기도 가평군 가평읍 이화리	4182025031
경기도 가평군 가평읍 하색리	경기도 가평군 가평읍 하색리	4182025024
경기도 가평군 북면 도대리	경기도 가평군 북면 도대리	4182035024
경기도 가평군 북면 목동리	경기도 가평군 북면 목동리	4182035021
경기도 가평군 북면 백둔리	경기도 가평군 북면 백둔리	4182035026
경기도 가평군 북면 소법리	경기도 가평군 북면 소법리	4182035022
경기도 가평군 북면 이곡리	경기도 가평군 북면 이곡리	4182035028
경기도 가평군 북면 적목리	경기도 가평군 북면 적목리	4182035025
경기도 가평군 북면 제령리	경기도 가평군 북면 제령리	4182035027
경기도 가평군 북면 화악리	경기도 가평군 북면 화악리	4182035023
경기도 가평군 상면 덕현리	경기도 가평군 상면 덕현리	4182033025
경기도 가평군 상면 봉수리	경기도 가평군 상면 봉수리	4182033029
경기도 가평군 상면 상동리	경기도 가평군 상면 상동리	4182033027
경기도 가평군 상면 연하리	경기도 가평군 상면 연하리	4182033021
경기도 가평군 상면 원흥리	경기도 가평군 상면 원흥리	4182033030
경기도 가평군 상면 율길리	경기도 가평군 상면 율길리	4182033028
경기도 가평군 상면 임초리	경기도 가평군 상면 임초리	4182033024
경기도 가평군 상면 태봉리	경기도 가평군 상면 태봉리	4182033026
경기도 가평군 상면 항사리	경기도 가평군 상면 항사리	4182033022
경기도 가평군 상면 행현리	경기도 가평군 상면 행현리	4182033023
경기도 가평군 설악면 가일리	경기도 가평군 설악면 가일리	4182031032
경기도 가평군 설악면 묵안리	경기도 가평군 설악면 묵안리	4182031031
경기도 가평군 설악면 미사리	경기도 가평군 설악면 미사리	4182031026
경기도 가평군 설악면 방일리	경기도 가평군 설악면 방일리	4182031033
경기도 가평군 설악면 사룡리	경기도 가평군 설악면 사룡리	4182031024
경기도 가평군 설악면 선촌리	경기도 가평군 설악면 선촌리	4182031022
경기도 가평군 설악면 설곡리	경기도 가평군 설악면 설곡리	4182031030
경기도 가평군 설악면 송산리	경기도 가평군 설악면 송산리	4182031025
경기도 가평군 설악면 신천리	경기도 가평군 설악면 신천리	4182031021
경기도 가평군 설악면 엄소리	경기도 가평군 설악면 엄소리	4182031029
경기도 가평군 설악면 위곡리	경기도 가평군 설악면 위곡리	4182031027
경기도 가평군 설악면 이천리	경기도 가평군 설악면 이천리	4182031035
경기도 가평군 설악면 창의리	경기도 가평군 설악면 창의리	4182031028
경기도 가평군 설악면 천안리	경기도 가평군 설악면 천안리	4182031034
경기도 가평군 설악면 회곡리	경기도 가평군 설악면 회곡리	4182031023
경기도 가평군 조종면 대보리	경기도 가평군 조종면 대보리	4182034527
경기도 가평군 조종면 마일리	경기도 가평군 조종면 마일리	4182034526
경기도 가평군 조종면 상판리	경기도 가평군 조종면 상판리	4182034524
경기도 가평군 조종면 신상리	경기도 가평군 조종면 신상리	4182034522
경기도 가평군 조종면 신하리	경기도 가평군 조종면 신하리	4182034525
경기도 가평군 조종면 운악리	경기도 가평군 조종면 운악리	4182034528
경기도 가평군 조종면 현리	경기도 가평군 조종면 현리	4182034521
경기도 가평군 청평면 고성리	경기도 가평군 청평면 고성리	4182032526
경기도 가평군 청평면 대성리	경기도 가평군 청평면 대성리	4182032524
경기도 가평군 청평면 삼회리	경기도 가평군 청평면 삼회리	4182032527
경기도 가평군 청평면 상천리	경기도 가평군 청평면 상천리	4182032522
경기도 가평군 청평면 청평리	경기도 가평군 청평면 청평리	4182032521
경기도 가평군 청평면 하천리	경기도 가평군 청평면 하천리	4182032523
경기도 가평군 청평면 호명리	경기도 가평군 청평면 호명리	4182032525
경기도 고양덕양구 강매동	경기도 고양시 덕양구 강매동	4128112400
경기도 고양덕양구 고양동	경기도 고양시 덕양구 고양동	4128111600
경기도 고양덕양구 관산동	경기도 고양시 덕양구 관산동	4128111800
경기도 고양덕양구 내곡동	경기도 고양시 덕양구 내곡동	4128112100
경기도 고양덕양구 내유동	경기도 고양시 덕양구 내유동	4128111900
경기도 고양덕양구 대자동	경기도 고양시 덕양구 대자동	4128111700
경기도 고양덕양구 대장동	경기도 고양시 덕양구 대장동	4128112200
경기도 고양덕양구 덕은동	경기도 고양시 덕양구 덕은동	4128113100
경기도 고양덕양구 도내동	경기도 고양시 덕양구 도내동	4128110500
경기도 고양덕양구 동산동	경기도 고양시 덕양구 동산동	4128111200
경기도 고양덕양구 벽제동	경기도 고양시 덕양구 벽제동	4128111400
경기도 고양덕양구 북한동	경기도 고양시 덕양구 북한동	4128110700
경기도 고양덕양구 삼송동	경기도 고양시 덕양구 삼송동	4128111100
경기도 고양덕양구 선유동	경기도 고양시 덕양구 선유동	4128111500
경기도 고양덕양구 성사동	경기도 고양시 덕양구 성사동	4128110600
경기도 고양덕양구 신원동	경기도 고양시 덕양구 신원동	4128110300
경기도 고양덕양구 신평동	경기도 고양시 덕양구 신평동	4128112700
경기도 고양덕양구 오금동	경기도 고양시 덕양구 오금동	4128111000
경기도 고양덕양구 용두동	경기도 고양시 덕양구 용두동	4128111300
경기도 고양덕양구 원당동	경기도 고양시 덕양구 원당동	4128110200
경기도 고양덕양구 원흥동	경기도 고양시 덕양구 원흥동	4128110400
경기도 고양덕양구 주교동	경기도 고양시 덕양구 주교동	4128110100
경기도 고양덕양구 지축동	경기도 고양시 덕양구 지축동	4128110900
경기도 고양덕양구 토당동	경기도 고양시 덕양구 토당동	4128112000
경기도 고양덕양구 행신동	경기도 고양시 덕양구 행신동	4128112800
경기도 고양덕양구 행주내동	경기도 고양시 덕양구 행주내동	4128112500
경기도 고양덕양구 행주외동	경기도 고양시 덕양구 행주외동	4128112600
경기도 고양덕양구 향동동	경기도 고양시 덕양구 향동동	4128113200
경기도 고양덕양구 현천동	경기도 고양시 덕양구 현천동	4128113000
경기도 고양덕양구 화전동	경기도 고양시 덕양구 화전동	4128112900
경기도 고양덕양구 화정동	경기도 고양시 덕양구 화정동	4128112300
경기도 고양덕양구 효자동	경기도 고양시 덕양구 효자동	4128110800
경기도 고양일산동구 마두동	경기도 고양시 일산동구 마두동	4128510500
경기도 고양일산동구 문봉동	경기도 고양시 일산동구 문봉동	4128511200
경기도 고양일산동구 백석동	경기도 고양시 일산동구 백석동	4128510600
경기도 고양일산동구 사리현동	경기도 고양시 일산동구 사리현동	4128510900
경기도 고양일산동구 산황동	경기도 고양시 일산동구 산황동	4128510800
경기도 고양일산동구 설문동	경기도 고양시 일산동구 설문동	4128511100
경기도 고양일산동구 성석동	경기도 고양시 일산동구 성석동	4128511300
경기도 고양일산동구 식사동	경기도 고양시 일산동구 식사동	4128510100
경기도 고양일산동구 장항동	경기도 고양시 일산동구 장항동	4128510400
경기도 고양일산동구 정발산동	경기도 고양시 일산동구 정발산동	4128510300
경기도 고양일산동구 중산동	경기도 고양시 일산동구 중산동	4128510200
경기도 고양일산동구 지영동	경기도 고양시 일산동구 지영동	4128511000
경기도 고양일산동구 풍동	경기도 고양시 일산동구 풍동	4128510700
경기도 고양일산서구 가좌동	경기도 고양시 일산서구 가좌동	4128710600
경기도 고양일산서구 구산동	경기도 고양시 일산서구 구산동	4128710700
경기도 고양일산서구 대화동	경기도 고양시 일산서구 대화동	4128710400
경기도 고양일산서구 덕이동	경기도 고양시 일산서구 덕이동	4128710500
경기도 고양일산서구 법곳동	경기도 고양시 일산서구 법곳동	4128710800
경기도 고양일산서구 일산동	경기도 고양시 일산서구 일산동	4128710100
경기도 고양일산서구 주엽동	경기도 고양시 일산서구 주엽동	4128710200
경기도 고양일산서구 탄현동	경기도 고양시 일산서구 탄현동	4128710300
경기도 과천시 갈현동	경기도 과천시 갈현동	4129010300
경기도 과천시 과천동	경기도 과천시 과천동	4129010500
경기도 과천시 관문동	경기도 과천시 관문동	4129010100
경기도 과천시 막계동	경기도 과천시 막계동	4129010400
경기도 과천시 문원동	경기도 과천시 문원동	4129010200
경기도 과천시 별양동	경기도 과천시 별양동	4129010900
경기도 과천시 부림동	경기도 과천시 부림동	4129011000
경기도 과천시 원문동	경기도 과천시 원문동	4129010800
경기도 과천시 주암동	경기도 과천시 주암동	4129010600
경기도 과천시 중앙동	경기도 과천시 중앙동	4129010700
경기도 광명시 가학동	경기도 광명시 가학동	4121010700
경기도 광명시 광명동	경기도 광명시 광명동	4121010100
경기도 광명시 노온사동	경기도 광명시 노온사동	4121010500
경기도 광명시 소하동	경기도 광명시 소하동	4121010400
경기도 광명시 옥길동	경기도 광명시 옥길동	4121010800
경기도 광명시 일직동	경기도 광명시 일직동	4121010600
경기도 광명시 철산동	경기도 광명시 철산동	4121010200
경기도 광명시 하안동	경기도 광명시 하안동	4121010300
경기도 광주시 경안동	경기도 광주시 경안동	4161010100
경기도 광주시 곤지암읍 건업리	경기도 광주시 곤지암읍 건업리	4161025930
경기도 광주시 곤지암읍 곤지암리	경기도 광주시 곤지암읍 곤지암리	4161025921
경기도 광주시 곤지암읍 만선리	경기도 광주시 곤지암읍 만선리	4161025927
경기도 광주시 곤지암읍 봉현리	경기도 광주시 곤지암읍 봉현리	4161025924
경기도 광주시 곤지암읍 부항리	경기도 광주시 곤지암읍 부항리	4161025925
경기도 광주시 곤지암읍 삼리	경기도 광주시 곤지암읍 삼리	4161025936
경기도 광주시 곤지암읍 삼합리	경기도 광주시 곤지암읍 삼합리	4161025929
경기도 광주시 곤지암읍 수양리	경기도 광주시 곤지암읍 수양리	4161025922
경기도 광주시 곤지암읍 신대리	경기도 광주시 곤지암읍 신대리	4161025935
경기도 광주시 곤지암읍 신촌리	경기도 광주시 곤지암읍 신촌리	4161025923
경기도 광주시 곤지암읍 연곡리	경기도 광주시 곤지암읍 연곡리	4161025932
경기도 광주시 곤지암읍 열미리	경기도 광주시 곤지암읍 열미리	4161025934
경기도 광주시 곤지암읍 오향리	경기도 광주시 곤지암읍 오향리	4161025933
경기도 광주시 곤지암읍 유사리	경기도 광주시 곤지암읍 유사리	4161025928
경기도 광주시 곤지암읍 이선리	경기도 광주시 곤지암읍 이선리	4161025926
경기도 광주시 곤지암읍 장심리	경기도 광주시 곤지암읍 장심리	4161025931
경기도 광주시 남종면 검천리	경기도 광주시 남종면 검천리	4161035026
경기도 광주시 남종면 귀여리	경기도 광주시 남종면 귀여리	4161035025
경기도 광주시 남종면 금사리	경기도 광주시 남종면 금사리	4161035022
경기도 광주시 남종면 분원리	경기도 광주시 남종면 분원리	4161035021
경기도 광주시 남종면 삼성리	경기도 광주시 남종면 삼성리	4161035024
경기도 광주시 남종면 수청리	경기도 광주시 남종면 수청리	4161035027
경기도 광주시 남종면 이석리	경기도 광주시 남종면 이석리	4161035023
경기도 광주시 남한산성면 검복리	경기도 광주시 남한산성면 검복리	4161037028
경기도 광주시 남한산성면 광지원리	경기도 광주시 남한산성면 광지원리	4161037023
경기도 광주시 남한산성면 불당리	경기도 광주시 남한산성면 불당리	4161037027
경기도 광주시 남한산성면 산성리	경기도 광주시 남한산성면 산성리	4161037021
경기도 광주시 남한산성면 상번천리	경기도 광주시 남한산성면 상번천리	4161037024
경기도 광주시 남한산성면 엄미리	경기도 광주시 남한산성면 엄미리	4161037022
경기도 광주시 남한산성면 오전리	경기도 광주시 남한산성면 오전리	4161037026
경기도 광주시 남한산성면 하번천리	경기도 광주시 남한산성면 하번천리	4161037025
경기도 광주시 도척면 궁평리	경기도 광주시 도척면 궁평리	4161033027
경기도 광주시 도척면 노곡리	경기도 광주시 도척면 노곡리	4161033021
경기도 광주시 도척면 도웅리	경기도 광주시 도척면 도웅리	4161033026
경기도 광주시 도척면 방도리	경기도 광주시 도척면 방도리	4161033023
경기도 광주시 도척면 상림리	경기도 광주시 도척면 상림리	4161033025
경기도 광주시 도척면 유정리	경기도 광주시 도척면 유정리	4161033022
경기도 광주시 도척면 진우리	경기도 광주시 도척면 진우리	4161033028
경기도 광주시 도척면 추곡리	경기도 광주시 도척면 추곡리	4161033024
경기도 광주시 목동	경기도 광주시 목동	4161011300
경기도 광주시 목현동	경기도 광주시 목현동	4161010600
경기도 광주시 삼동	경기도 광주시 삼동	4161010700
경기도 광주시 송정동	경기도 광주시 송정동	4161010300
경기도 광주시 쌍령동	경기도 광주시 쌍령동	4161010200
경기도 광주시 역동	경기도 광주시 역동	4161011200
경기도 광주시 오포읍 고산리	경기도 광주시 오포읍 고산리	4161025021
경기도 광주시 오포읍 능평리	경기도 광주시 오포읍 능평리	4161025023
경기도 광주시 오포읍 매산리	경기도 광주시 오포읍 매산리	4161025026
경기도 광주시 오포읍 문형리	경기도 광주시 오포읍 문형리	4161025024
경기도 광주시 오포읍 신현리	경기도 광주시 오포읍 신현리	4161025022
경기도 광주시 오포읍 양벌리	경기도 광주시 오포읍 양벌리	4161025027
경기도 광주시 오포읍 추자리	경기도 광주시 오포읍 추자리	4161025025
경기도 광주시 장지동	경기도 광주시 장지동	4161011100
경기도 광주시 중대동	경기도 광주시 중대동	4161010800
경기도 광주시 직동	경기도 광주시 직동	4161010900
경기도 광주시 초월읍 늑현리	경기도 광주시 초월읍 늑현리	4161025324
경기도 광주시 초월읍 대쌍령리	경기도 광주시 초월읍 대쌍령리	4161025321
경기도 광주시 초월읍 도평리	경기도 광주시 초월읍 도평리	4161025332
경기도 광주시 초월읍 무갑리	경기도 광주시 초월읍 무갑리	4161025330
경기도 광주시 초월읍 산이리	경기도 광주시 초월읍 산이리	4161025323
경기도 광주시 초월읍 서하리	경기도 광주시 초월읍 서하리	4161025331
경기도 광주시 초월읍 선동리	경기도 광주시 초월읍 선동리	4161025326
경기도 광주시 초월읍 신월리	경기도 광주시 초월읍 신월리	4161025328
경기도 광주시 초월읍 쌍동리	경기도 광주시 초월읍 쌍동리	4161025322
경기도 광주시 초월읍 용수리	경기도 광주시 초월읍 용수리	4161025327
경기도 광주시 초월읍 지월리	경기도 광주시 초월읍 지월리	4161025329
경기도 광주시 초월읍 학동리	경기도 광주시 초월읍 학동리	4161025325
경기도 광주시 탄벌동	경기도 광주시 탄벌동	4161010500
경기도 광주시 태전동	경기도 광주시 태전동	4161011000
경기도 광주시 퇴촌면 관음리	경기도 광주시 퇴촌면 관음리	4161034022
경기도 광주시 퇴촌면 광동리	경기도 광주시 퇴촌면 광동리	4161034021
경기도 광주시 퇴촌면 도마리	경기도 광주시 퇴촌면 도마리	4161034027
경기도 광주시 퇴촌면 도수리	경기도 광주시 퇴촌면 도수리	4161034025
경기도 광주시 퇴촌면 무수리	경기도 광주시 퇴촌면 무수리	4161034028
경기도 광주시 퇴촌면 영동리	경기도 광주시 퇴촌면 영동리	4161034024
경기도 광주시 퇴촌면 오리	경기도 광주시 퇴촌면 오리	4161034026
경기도 광주시 퇴촌면 우산리	경기도 광주시 퇴촌면 우산리	4161034023
경기도 광주시 퇴촌면 원당리	경기도 광주시 퇴촌면 원당리	4161034029
경기도 광주시 퇴촌면 정지리	경기도 광주시 퇴촌면 정지리	4161034030
경기도 광주시 회덕동	경기도 광주시 회덕동	4161010400
경기도 구리시 갈매동	경기도 구리시 갈매동	4131010100
경기도 구리시 교문동	경기도 구리시 교문동	4131010400
경기도 구리시 사노동	경기도 구리시 사노동	4131010200
경기도 구리시 수택동	경기도 구리시 수택동	4131010500
경기도 구리시 아천동	경기도 구리시 아천동	4131010600
경기도 구리시 인창동	경기도 구리시 인창동	4131010300
경기도 구리시 토평동	경기도 구리시 토평동	4131010700
경기도 군포시 금정동	경기도 군포시 금정동	4141010500
경기도 군포시 당동	경기도 군포시 당동	4141010100
경기도 군포시 당정동	경기도 군포시 당정동	4141010200
경기도 군포시 대야미동	경기도 군포시 대야미동	4141010800
경기도 군포시 도마교동	경기도 군포시 도마교동	4141010900
경기도 군포시 둔대동	경기도 군포시 둔대동	4141010600
경기도 군포시 부곡동	경기도 군포시 부곡동	4141010300
경기도 군포시 산본동	경기도 군포시 산본동	4141010400
경기도 군포시 속달동	경기도 군포시 속달동	4141010700
경기도 김포시 감정동	경기도 김포시 감정동	4157010500
경기도 김포시 걸포동	경기도 김포시 걸포동	4157010200
경기도 김포시 고촌읍 신곡리	경기도 김포시 고촌읍 신곡리	4157025324
경기도 김포시 고촌읍 전호리	경기도 김포시 고촌읍 전호리	4157025325
경기도 김포시 고촌읍 태리	경기도 김포시 고촌읍 태리	4157025323
경기도 김포시 고촌읍 풍곡리	경기도 김포시 고촌읍 풍곡리	4157025322
경기도 김포시 고촌읍 향산리	경기도 김포시 고촌읍 향산리	4157025321
경기도 김포시 구래동	경기도 김포시 구래동	4157010900
경기도 김포시 대곶면 거물대리	경기도 김포시 대곶면 거물대리	4157034027
경기도 김포시 대곶면 대능리	경기도 김포시 대곶면 대능리	4157034021
경기도 김포시 대곶면 대명리	경기도 김포시 대곶면 대명리	4157034033
경기도 김포시 대곶면 대벽리	경기도 김포시 대곶면 대벽리	4157034022
경기도 김포시 대곶면 상마리	경기도 김포시 대곶면 상마리	4157034024
경기도 김포시 대곶면 석정리	경기도 김포시 대곶면 석정리	4157034030
경기도 김포시 대곶면 송마리	경기도 김포시 대곶면 송마리	4157034029
경기도 김포시 대곶면 쇄암리	경기도 김포시 대곶면 쇄암리	4157034031
경기도 김포시 대곶면 신안리	경기도 김포시 대곶면 신안리	4157034032
경기도 김포시 대곶면 약암리	경기도 김포시 대곶면 약암리	4157034023
경기도 김포시 대곶면 오니산리	경기도 김포시 대곶면 오니산리	4157034028
경기도 김포시 대곶면 율생리	경기도 김포시 대곶면 율생리	4157034025
경기도 김포시 대곶면 초원지리	경기도 김포시 대곶면 초원지리	4157034026
경기도 김포시 마산동	경기도 김포시 마산동	4157010800
경기도 김포시 북변동	경기도 김포시 북변동	4157010100
경기도 김포시 사우동	경기도 김포시 사우동	4157010600
경기도 김포시 양촌읍 구래리	경기도 김포시 양촌읍 구래리	4157025624
경기도 김포시 양촌읍 누산리	경기도 김포시 양촌읍 누산리	4157025622
경기도 김포시 양촌읍 대포리	경기도 김포시 양촌읍 대포리	4157025625
경기도 김포시 양촌읍 석모리	경기도 김포시 양촌읍 석모리	4157025623
경기도 김포시 양촌읍 양곡리	경기도 김포시 양촌읍 양곡리	4157025621
경기도 김포시 양촌읍 유현리	경기도 김포시 양촌읍 유현리	4157025627
경기도 김포시 양촌읍 학운리	경기도 김포시 양촌읍 학운리	4157025626
경기도 김포시 양촌읍 흥신리	경기도 김포시 양촌읍 흥신리	4157025628
경기도 김포시 운양동	경기도 김포시 운양동	4157010300
경기도 김포시 월곶면 갈산리	경기도 김포시 월곶면 갈산리	4157035023
경기도 김포시 월곶면 개곡리	경기도 김포시 월곶면 개곡리	4157035030
경기도 김포시 월곶면 고막리	경기도 김포시 월곶면 고막리	4157035022
경기도 김포시 월곶면 고양리	경기도 김포시 월곶면 고양리	4157035024
경기도 김포시 월곶면 군하리	경기도 김포시 월곶면 군하리	4157035021
경기도 김포시 월곶면 보구곶리	경기도 김포시 월곶면 보구곶리	4157035027
경기도 김포시 월곶면 성동리	경기도 김포시 월곶면 성동리	4157035026
경기도 김포시 월곶면 용강리	경기도 김포시 월곶면 용강리	4157035028
경기도 김포시 월곶면 조강리	경기도 김포시 월곶면 조강리	4157035029
경기도 김포시 월곶면 포내리	경기도 김포시 월곶면 포내리	4157035025
경기도 김포시 장기동	경기도 김포시 장기동	4157010400
경기도 김포시 통진읍 가현리	경기도 김포시 통진읍 가현리	4157025025
경기도 김포시 통진읍 고정리	경기도 김포시 통진읍 고정리	4157025028
경기도 김포시 통진읍 귀전리	경기도 김포시 통진읍 귀전리	4157025027
경기도 김포시 통진읍 도사리	경기도 김포시 통진읍 도사리	4157025021
경기도 김포시 통진읍 동을산리	경기도 김포시 통진읍 동을산리	4157025026
경기도 김포시 통진읍 마송리	경기도 김포시 통진읍 마송리	4157025022
경기도 김포시 통진읍 서암리	경기도 김포시 통진읍 서암리	4157025023
경기도 김포시 통진읍 수참리	경기도 김포시 통진읍 수참리	4157025024
경기도 김포시 통진읍 옹정리	경기도 김포시 통진읍 옹정리	4157025029
경기도 김포시 풍무동	경기도 김포시 풍무동	4157010700
경기도 김포시 하성면 가금리	경기도 김포시 하성면 가금리	4157036026
경기도 김포시 하성면 마곡리	경기도 김포시 하성면 마곡리	4157036021
경기도 김포시 하성면 마근포리	경기도 김포시 하성면 마근포리	4157036032
경기도 김포시 하성면 마조리	경기도 김포시 하성면 마조리	4157036025
경기도 김포시 하성면 봉성리	경기도 김포시 하성면 봉성리	4157036030
경기도 김포시 하성면 석탄리	경기도 김포시 하성면 석탄리	4157036022
경기도 김포시 하성면 시암리	경기도 김포시 하성면 시암리	4157036024
경기도 김포시 하성면 양택리	경기도 김포시 하성면 양택리	4157036027
경기도 김포시 하성면 원산리	경기도 김포시 하성면 원산리	4157036028
경기도 김포시 하성면 전류리	경기도 김포시 하성면 전류리	4157036031
경기도 김포시 하성면 하사리	경기도 김포시 하성면 하사리	4157036029
경기도 김포시 하성면 후평리	경기도 김포시 하성면 후평리	4157036023
경기도 남양주시 금곡동	경기도 남양주시 금곡동	4136010300
경기도 남양주시 다산동	경기도 남양주시 다산동	4136011200
경기도 남양주시 도농동	경기도 남양주시 도농동	4136011000
경기도 남양주시 별내동	경기도 남양주시 별내동	4136011100
경기도 남양주시 별내면 광전리	경기도 남양주시 별내면 광전리	4136031023
경기도 남양주시 별내면 용암리	경기도 남양주시 별내면 용암리	4136031022
경기도 남양주시 별내면 청학리	경기도 남양주시 별내면 청학리	4136031021
경기도 남양주시 삼패동	경기도 남양주시 삼패동	4136010600
경기도 남양주시 수동면 내방리	경기도 남양주시 수동면 내방리	4136034024
경기도 남양주시 수동면 송천리	경기도 남양주시 수동면 송천리	4136034027
경기도 남양주시 수동면 수산리	경기도 남양주시 수동면 수산리	4136034023
경기도 남양주시 수동면 외방리	경기도 남양주시 수동면 외방리	4136034025
경기도 남양주시 수동면 운수리	경기도 남양주시 수동면 운수리	4136034021
경기도 남양주시 수동면 입석리	경기도 남양주시 수동면 입석리	4136034026
경기도 남양주시 수동면 지둔리	경기도 남양주시 수동면 지둔리	4136034022
경기도 남양주시 수석동	경기도 남양주시 수석동	4136010800
경기도 남양주시 오남읍 양지리	경기도 남양주시 오남읍 양지리	4136026221
경기도 남양주시 오남읍 오남리	경기도 남양주시 오남읍 오남리	4136026223
경기도 남양주시 오남읍 팔현리	경기도 남양주시 오남읍 팔현리	4136026222
경기도 남양주시 와부읍 덕소리	경기도 남양주시 와부읍 덕소리	4136025021
경기도 남양주시 와부읍 도곡리	경기도 남양주시 와부읍 도곡리	4136025022
경기도 남양주시 와부읍 월문리	경기도 남양주시 와부읍 월문리	4136025024
경기도 남양주시 와부읍 율석리	경기도 남양주시 와부읍 율석리	4136025025
경기도 남양주시 와부읍 팔당리	경기도 남양주시 와부읍 팔당리	4136025023
경기도 남양주시 이패동	경기도 남양주시 이패동	4136010500
경기도 남양주시 일패동	경기도 남양주시 일패동	4136010400
경기도 남양주시 조안면 능내리	경기도 남양주시 조안면 능내리	4136036021
경기도 남양주시 조안면 삼봉리	경기도 남양주시 조안면 삼봉리	4136036025
경기도 남양주시 조안면 송촌리	경기도 남양주시 조안면 송촌리	4136036024
경기도 남양주시 조안면 시우리	경기도 남양주시 조안면 시우리	4136036026
경기도 남양주시 조안면 조안리	경기도 남양주시 조안면 조안리	4136036022
경기도 남양주시 조안면 진중리	경기도 남양주시 조안면 진중리	4136036023
경기도 남양주시 지금동	경기도 남양주시 지금동	4136010900
경기도 남양주시 진건읍 배양리	경기도 남양주시 진건읍 배양리	4136025922
경기도 남양주시 진건읍 사능리	경기도 남양주시 진건읍 사능리	4136025921
경기도 남양주시 진건읍 송능리	경기도 남양주시 진건읍 송능리	4136025926
경기도 남양주시 진건읍 신월리	경기도 남양주시 진건읍 신월리	4136025924
경기도 남양주시 진건읍 용정리	경기도 남양주시 진건읍 용정리	4136025925
경기도 남양주시 진건읍 진관리	경기도 남양주시 진건읍 진관리	4136025923
경기도 남양주시 진접읍 금곡리	경기도 남양주시 진접읍 금곡리	4136025328
경기도 남양주시 진접읍 내각리	경기도 남양주시 진접읍 내각리	4136025322
경기도 남양주시 진접읍 내곡리	경기도 남양주시 진접읍 내곡리	4136025323
경기도 남양주시 진접읍 부평리	경기도 남양주시 진접읍 부평리	4136025325
경기도 남양주시 진접읍 연평리	경기도 남양주시 진접읍 연평리	4136025324
경기도 남양주시 진접읍 장현리	경기도 남양주시 진접읍 장현리	4136025321
경기도 남양주시 진접읍 진벌리	경기도 남양주시 진접읍 진벌리	4136025327
경기도 남양주시 진접읍 팔야리	경기도 남양주시 진접읍 팔야리	4136025326
경기도 남양주시 퇴계원읍 퇴계원리	경기도 남양주시 퇴계원읍 퇴계원리	4136026521
경기도 남양주시 평내동	경기도 남양주시 평내동	4136010200
경기도 남양주시 호평동	경기도 남양주시 호평동	4136010100
경기도 남양주시 화도읍	경기도 남양주시 화도읍	4136025600
경기도 남양주시 화도읍 가곡리	경기도 남양주시 화도읍 가곡리	4136025623
경기도 남양주시 화도읍 구암리	경기도 남양주시 화도읍 구암리	4136025624
경기도 남양주시 화도읍 금남리	경기도 남양주시 화도읍 금남리	4136025625
경기도 남양주시 화도읍 녹촌리	경기도 남양주시 화도읍 녹촌리	4136025629
경기도 남양주시 화도읍 답내리	경기도 남양주시 화도읍 답내리	4136025626
경기도 남양주시 화도읍 마석우리	경기도 남양주시 화도읍 마석우리	4136025621
경기도 남양주시 화도읍 묵현리	경기도 남양주시 화도읍 묵현리	4136025622
경기도 남양주시 화도읍 월산리	경기도 남양주시 화도읍 월산리	4136025627
경기도 남양주시 화도읍 차산리	경기도 남양주시 화도읍 차산리	4136025630
경기도 남양주시 화도읍 창현리	경기도 남양주시 화도읍 창현리	4136025628
경기도 동두천시 걸산동	경기도 동두천시 걸산동	4125010500
경기도 동두천시 광암동	경기도 동두천시 광암동	4125010400
경기도 동두천시 동두천동	경기도 동두천시 동두천동	4125010700
경기도 동두천시 보산동	경기도 동두천시 보산동	4125010600
경기도 동두천시 상봉암동	경기도 동두천시 상봉암동	4125010900
경기도 동두천시 상패동	경기도 동두천시 상패동	4125011200
경기도 동두천시 생연동	경기도 동두천시 생연동	4125010300
경기도 동두천시 송내동	경기도 동두천시 송내동	4125010100
경기도 동두천시 안흥동	경기도 동두천시 안흥동	4125010800
경기도 동두천시 지행동	경기도 동두천시 지행동	4125010200
경기도 동두천시 탑동동	경기도 동두천시 탑동동	4125011100
경기도 동두천시 하봉암동	경기도 동두천시 하봉암동	4125011000
경기도 부천시 계수동	경기도 부천시 계수동	4119011600
경기도 부천시 고강동	경기도 부천시 고강동	4119012100
경기도 부천시 괴안동	경기도 부천시 괴안동	4119011300
경기도 부천시 내동	경기도 부천시 내동	4119012400
경기도 부천시 대장동	경기도 부천시 대장동	4119012200
경기도 부천시 도당동	경기도 부천시 도당동	4119010400
경기도 부천시 범박동	경기도 부천시 범박동	4119011200
경기도 부천시 삼정동	경기도 부천시 삼정동	4119012300
경기도 부천시 상동	경기도 부천시 상동	4119010900
경기도 부천시 소사동	경기도 부천시 소사동	4119010600
경기도 부천시 소사본동	경기도 부천시 소사본동	4119011000
경기도 부천시 송내동	경기도 부천시 송내동	4119011400
경기도 부천시 심곡동	경기도 부천시 심곡동	4119010200
경기도 부천시 심곡본동	경기도 부천시 심곡본동	4119011100
경기도 부천시 약대동	경기도 부천시 약대동	4119010500
경기도 부천시 여월동	경기도 부천시 여월동	4119011800
경기도 부천시 역곡동	경기도 부천시 역곡동	4119010700
경기도 부천시 오정동	경기도 부천시 오정동	4119011700
경기도 부천시 옥길동	경기도 부천시 옥길동	4119011500
경기도 부천시 원미동	경기도 부천시 원미동	4119010100
경기도 부천시 원종동	경기도 부천시 원종동	4119012000
경기도 부천시 작동	경기도 부천시 작동	4119011900
경기도 부천시 중동	경기도 부천시 중동	4119010800
경기도 부천시 춘의동	경기도 부천시 춘의동	4119010300
경기도 성남분당구 구미동	경기도 성남시 분당구 구미동	4113511400
경기도 성남분당구 궁내동	경기도 성남시 분당구 궁내동	4113511200
경기도 성남분당구 금곡동	경기도 성남시 분당구 금곡동	4113511100
경기도 성남분당구 대장동	경기도 성남시 분당구 대장동	4113511600
경기도 성남분당구 동원동	경기도 성남시 분당구 동원동	4113511300
경기도 성남분당구 백현동	경기도 성남시 분당구 백현동	4113511000
경기도 성남분당구 분당동	경기도 성남시 분당구 분당동	4113510100
경기도 성남분당구 삼평동	경기도 성남시 분당구 삼평동	4113510900
경기도 성남분당구 서현동	경기도 성남시 분당구 서현동	4113510500
경기도 성남분당구 석운동	경기도 성남시 분당구 석운동	4113511700
경기도 성남분당구 수내동	경기도 성남시 분당구 수내동	4113510200
경기도 성남분당구 야탑동	경기도 성남시 분당구 야탑동	4113510700
경기도 성남분당구 운중동	경기도 성남시 분당구 운중동	4113511500
경기도 성남분당구 율동	경기도 성남시 분당구 율동	4113510400
경기도 성남분당구 이매동	경기도 성남시 분당구 이매동	4113510600
경기도 성남분당구 정자동	경기도 성남시 분당구 정자동	4113510300
경기도 성남분당구 판교동	경기도 성남시 분당구 판교동	4113510800
경기도 성남분당구 하산운동	경기도 성남시 분당구 하산운동	4113511800
경기도 성남수정구 고등동	경기도 성남시 수정구 고등동	4113111200
경기도 성남수정구 금토동	경기도 성남시 수정구 금토동	4113111600
경기도 성남수정구 단대동	경기도 성남시 수정구 단대동	4113110400
경기도 성남수정구 둔전동	경기도 성남시 수정구 둔전동	4113111400
경기도 성남수정구 복정동	경기도 성남시 수정구 복정동	4113110700
경기도 성남수정구 사송동	경기도 성남시 수정구 사송동	4113111700
경기도 성남수정구 산성동	경기도 성남시 수정구 산성동	4113110500
경기도 성남수정구 상적동	경기도 성남시 수정구 상적동	4113111300
경기도 성남수정구 수진동	경기도 성남시 수정구 수진동	4113110300
경기도 성남수정구 시흥동	경기도 성남시 수정구 시흥동	4113111500
경기도 성남수정구 신촌동	경기도 성남시 수정구 신촌동	4113110900
경기도 성남수정구 신흥동	경기도 성남시 수정구 신흥동	4113110100
경기도 성남수정구 심곡동	경기도 성남시 수정구 심곡동	4113111100
경기도 성남수정구 양지동	경기도 성남시 수정구 양지동	4113110600
경기도 성남수정구 오야동	경기도 성남시 수정구 오야동	4113111000
경기도 성남수정구 창곡동	경기도 성남시 수정구 창곡동	4113110800
경기도 성남수정구 태평동	경기도 성남시 수정구 태평동	4113110200
경기도 성남중원구 갈현동	경기도 성남시 중원구 갈현동	4113310800
경기도 성남중원구 금광동	경기도 성남시 중원구 금광동	4113310300
경기도 성남중원구 도촌동	경기도 성남시 중원구 도촌동	4113310700
경기도 성남중원구 상대원동	경기도 성남시 중원구 상대원동	4113310500
경기도 성남중원구 성남동	경기도 성남시 중원구 성남동	4113310100
경기도 성남중원구 여수동	경기도 성남시 중원구 여수동	4113310600
경기도 성남중원구 은행동	경기도 성남시 중원구 은행동	4113310400
경기도 성남중원구 중앙동	경기도 성남시 중원구 중앙동	4113313200
경기도 성남중원구 하대원동	경기도 성남시 중원구 하대원동	4113310900
경기도 수원권선구 고색동	경기도 수원시 권선구 고색동	4111312800
경기도 수원권선구 곡반정동	경기도 수원시 권선구 곡반정동	4111313600
경기도 수원권선구 구운동	경기도 수원시 권선구 구운동	4111313200
경기도 수원권선구 권선동	경기도 수원시 권선구 권선동	4111313700
경기도 수원권선구 금곡동	경기도 수원시 권선구 금곡동	4111313400
경기도 수원권선구 당수동	경기도 수원시 권선구 당수동	4111314100
경기도 수원권선구 대황교동	경기도 수원시 권선구 대황교동	4111313900
경기도 수원권선구 서둔동	경기도 수원시 권선구 서둔동	4111313100
경기도 수원권선구 세류동	경기도 수원시 권선구 세류동	4111312600
경기도 수원권선구 오목천동	경기도 수원시 권선구 오목천동	4111312900
경기도 수원권선구 입북동	경기도 수원시 권선구 입북동	4111314000
경기도 수원권선구 장지동	경기도 수원시 권선구 장지동	4111313800
경기도 수원권선구 탑동	경기도 수원시 권선구 탑동	4111313300
경기도 수원권선구 평동	경기도 수원시 권선구 평동	4111312700
경기도 수원권선구 평리동	경기도 수원시 권선구 평리동	4111313000
경기도 수원권선구 호매실동	경기도 수원시 권선구 호매실동	4111313500
경기도 수원영통구 망포동	경기도 수원시 영통구 망포동	4111710700
경기도 수원영통구 매탄동	경기도 수원시 영통구 매탄동	4111710100
경기도 수원영통구 신동	경기도 수원시 영통구 신동	4111710600
경기도 수원영통구 영통동	경기도 수원시 영통구 영통동	4111710500
경기도 수원영통구 원천동	경기도 수원시 영통구 원천동	4111710200
경기도 수원영통구 이의동	경기도 수원시 영통구 이의동	4111710300
경기도 수원영통구 하동	경기도 수원시 영통구 하동	4111710400
경기도 수원장안구 상광교동	경기도 수원시 장안구 상광교동	4111113800
경기도 수원장안구 송죽동	경기도 수원시 장안구 송죽동	4111113500
경기도 수원장안구 연무동	경기도 수원시 장안구 연무동	4111113700
경기도 수원장안구 영화동	경기도 수원시 장안구 영화동	4111113400
경기도 수원장안구 율전동	경기도 수원시 장안구 율전동	4111113200
경기도 수원장안구 이목동	경기도 수원시 장안구 이목동	4111113100
경기도 수원장안구 정자동	경기도 수원시 장안구 정자동	4111113000
경기도 수원장안구 조원동	경기도 수원시 장안구 조원동	4111113600
경기도 수원장안구 천천동	경기도 수원시 장안구 천천동	4111113300
경기도 수원장안구 파장동	경기도 수원시 장안구 파장동	4111112900
경기도 수원장안구 하광교동	경기도 수원시 장안구 하광교동	4111113900
경기도 수원팔달구 고등동	경기도 수원시 팔달구 고등동	4111513700
경기도 수원팔달구 교동	경기도 수원시 팔달구 교동	4111513200
경기도 수원팔달구 구천동	경기도 수원시 팔달구 구천동	4111512600
경기도 수원팔달구 남수동	경기도 수원시 팔달구 남수동	4111512700
경기도 수원팔달구 남창동	경기도 수원시 팔달구 남창동	4111512300
경기도 수원팔달구 매교동	경기도 수원시 팔달구 매교동	4111513300
경기도 수원팔달구 매산로1가	경기도 수원시 팔달구 매산로1가	4111513400
경기도 수원팔달구 매산로2가	경기도 수원시 팔달구 매산로2가	4111513500
경기도 수원팔달구 매산로3가	경기도 수원시 팔달구 매산로3가	4111513600
경기도 수원팔달구 매향동	경기도 수원시 팔달구 매향동	4111512800
경기도 수원팔달구 북수동	경기도 수원시 팔달구 북수동	4111512900
경기도 수원팔달구 신풍동	경기도 수원시 팔달구 신풍동	4111513000
경기도 수원팔달구 영동	경기도 수원시 팔달구 영동	4111512400
경기도 수원팔달구 우만동	경기도 수원시 팔달구 우만동	4111514000
경기도 수원팔달구 인계동	경기도 수원시 팔달구 인계동	4111514100
경기도 수원팔달구 장안동	경기도 수원시 팔달구 장안동	4111513100
경기도 수원팔달구 중동	경기도 수원시 팔달구 중동	4111512500
경기도 수원팔달구 지동	경기도 수원시 팔달구 지동	4111513900
경기도 수원팔달구 팔달로1가	경기도 수원시 팔달구 팔달로1가	4111512000
경기도 수원팔달구 팔달로2가	경기도 수원시 팔달구 팔달로2가	4111512100
경기도 수원팔달구 팔달로3가	경기도 수원시 팔달구 팔달로3가	4111512200
경기도 수원팔달구 화서동	경기도 수원시 팔달구 화서동	4111513800
경기도 시흥시 거모동	경기도 시흥시 거모동	4139012700
경기도 시흥시 계수동	경기도 시흥시 계수동	4139011300
경기도 시흥시 과림동	경기도 시흥시 과림동	4139011200
경기도 시흥시 광석동	경기도 시흥시 광석동	4139012100
경기도 시흥시 군자동	경기도 시흥시 군자동	4139012800
경기도 시흥시 금이동	경기도 시흥시 금이동	4139011000
경기도 시흥시 논곡동	경기도 시흥시 논곡동	4139012500
경기도 시흥시 능곡동	경기도 시흥시 능곡동	4139011800
경기도 시흥시 대야동	경기도 시흥시 대야동	4139010100
경기도 시흥시 도창동	경기도 시흥시 도창동	4139010900
경기도 시흥시 매화동	경기도 시흥시 매화동	4139010800
경기도 시흥시 목감동	경기도 시흥시 목감동	4139012600
경기도 시흥시 무지내동	경기도 시흥시 무지내동	4139013400
경기도 시흥시 물왕동	경기도 시흥시 물왕동	4139012200
경기도 시흥시 미산동	경기도 시흥시 미산동	4139010500
경기도 시흥시 방산동	경기도 시흥시 방산동	4139010300
경기도 시흥시 산현동	경기도 시흥시 산현동	4139012300
경기도 시흥시 신천동	경기도 시흥시 신천동	4139010200
경기도 시흥시 안현동	경기도 시흥시 안현동	4139010700
경기도 시흥시 월곶동	경기도 시흥시 월곶동	4139013100
경기도 시흥시 은행동	경기도 시흥시 은행동	4139010600
경기도 시흥시 장곡동	경기도 시흥시 장곡동	4139013000
경기도 시흥시 장현동	경기도 시흥시 장현동	4139012900
경기도 시흥시 정왕동	경기도 시흥시 정왕동	4139013200
경기도 시흥시 조남동	경기도 시흥시 조남동	4139012400
경기도 시흥시 죽율동	경기도 시흥시 죽율동	4139013300
경기도 시흥시 포동	경기도 시흥시 포동	4139010400
경기도 시흥시 하상동	경기도 시흥시 하상동	4139012000
경기도 시흥시 하중동	경기도 시흥시 하중동	4139011900
경기도 시흥시 화정동	경기도 시흥시 화정동	4139011700
경기도 안산단원구 고잔동	경기도 안산시 단원구 고잔동	4127310100
경기도 안산단원구 대부남동	경기도 안산시 단원구 대부남동	4127311200
경기도 안산단원구 대부동동	경기도 안산시 단원구 대부동동	4127311000
경기도 안산단원구 대부북동	경기도 안산시 단원구 대부북동	4127311100
경기도 안산단원구 목내동	경기도 안산시 단원구 목내동	4127310600
경기도 안산단원구 선감동	경기도 안산시 단원구 선감동	4127311300
경기도 안산단원구 선부동	경기도 안산시 단원구 선부동	4127310900
경기도 안산단원구 성곡동	경기도 안산시 단원구 성곡동	4127310400
경기도 안산단원구 신길동	경기도 안산시 단원구 신길동	4127310300
경기도 안산단원구 와동	경기도 안산시 단원구 와동	4127310200
경기도 안산단원구 원곡동	경기도 안산시 단원구 원곡동	4127310800
경기도 안산단원구 원시동	경기도 안산시 단원구 원시동	4127310500
경기도 안산단원구 초지동	경기도 안산시 단원구 초지동	4127310700
경기도 안산단원구 풍도동	경기도 안산시 단원구 풍도동	4127311400
경기도 안산단원구 화정동	경기도 안산시 단원구 화정동	4127311500
경기도 안산상록구 건건동	경기도 안산시 상록구 건건동	4127111100
경기도 안산상록구 본오동	경기도 안산시 상록구 본오동	4127110400
경기도 안산상록구 부곡동	경기도 안산시 상록구 부곡동	4127110700
경기도 안산상록구 사동	경기도 안산시 상록구 사동	4127110300
경기도 안산상록구 사사동	경기도 안산시 상록구 사사동	4127111200
경기도 안산상록구 성포동	경기도 안산시 상록구 성포동	4127110800
경기도 안산상록구 수암동	경기도 안산시 상록구 수암동	4127111300
경기도 안산상록구 양상동	경기도 안산시 상록구 양상동	4127110600
경기도 안산상록구 월피동	경기도 안산시 상록구 월피동	4127110900
경기도 안산상록구 이동	경기도 안산시 상록구 이동	4127110200
경기도 안산상록구 일동	경기도 안산시 상록구 일동	4127110100
경기도 안산상록구 장상동	경기도 안산시 상록구 장상동	4127111400
경기도 안산상록구 장하동	경기도 안산시 상록구 장하동	4127111500
경기도 안산상록구 팔곡이동	경기도 안산시 상록구 팔곡이동	4127110500
경기도 안산상록구 팔곡일동	경기도 안산시 상록구 팔곡일동	4127111000
경기도 안성시 가사동	경기도 안성시 가사동	4155012600
경기도 안성시 가현동	경기도 안성시 가현동	4155012700
경기도 안성시 계동	경기도 안성시 계동	4155012100
경기도 안성시 고삼면 가유리	경기도 안성시 고삼면 가유리	4155042024
경기도 안성시 고삼면 대갈리	경기도 안성시 고삼면 대갈리	4155042023
경기도 안성시 고삼면 봉산리	경기도 안성시 고삼면 봉산리	4155042026
경기도 안성시 고삼면 삼은리	경기도 안성시 고삼면 삼은리	4155042025
경기도 안성시 고삼면 신창리	경기도 안성시 고삼면 신창리	4155042022
경기도 안성시 고삼면 쌍지리	경기도 안성시 고삼면 쌍지리	4155042021
경기도 안성시 고삼면 월향리	경기도 안성시 고삼면 월향리	4155042027
경기도 안성시 공도읍 건천리	경기도 안성시 공도읍 건천리	4155025027
경기도 안성시 공도읍 마정리	경기도 안성시 공도읍 마정리	4155025030
경기도 안성시 공도읍 만정리	경기도 안성시 공도읍 만정리	4155025029
경기도 안성시 공도읍 불당리	경기도 안성시 공도읍 불당리	4155025028
경기도 안성시 공도읍 승두리	경기도 안성시 공도읍 승두리	4155025026
경기도 안성시 공도읍 신두리	경기도 안성시 공도읍 신두리	4155025023
경기도 안성시 공도읍 양기리	경기도 안성시 공도읍 양기리	4155025021
경기도 안성시 공도읍 용두리	경기도 안성시 공도읍 용두리	4155025025
경기도 안성시 공도읍 웅교리	경기도 안성시 공도읍 웅교리	4155025022
경기도 안성시 공도읍 중복리	경기도 안성시 공도읍 중복리	4155025024
경기도 안성시 공도읍 진사리	경기도 안성시 공도읍 진사리	4155025031
경기도 안성시 구포동	경기도 안성시 구포동	4155010500
경기도 안성시 금광면 개산리	경기도 안성시 금광면 개산리	4155032022
경기도 안성시 금광면 금광리	경기도 안성시 금광면 금광리	4155032025
경기도 안성시 금광면 내우리	경기도 안성시 금광면 내우리	4155032021
경기도 안성시 금광면 사흥리	경기도 안성시 금광면 사흥리	4155032028
경기도 안성시 금광면 삼흥리	경기도 안성시 금광면 삼흥리	4155032027
경기도 안성시 금광면 상중리	경기도 안성시 금광면 상중리	4155032024
경기도 안성시 금광면 석하리	경기도 안성시 금광면 석하리	4155032033
경기도 안성시 금광면 신양복리	경기도 안성시 금광면 신양복리	4155032034
경기도 안성시 금광면 오산리	경기도 안성시 금광면 오산리	4155032031
경기도 안성시 금광면 오흥리	경기도 안성시 금광면 오흥리	4155032029
경기도 안성시 금광면 옥정리	경기도 안성시 금광면 옥정리	4155032032
경기도 안성시 금광면 장죽리	경기도 안성시 금광면 장죽리	4155032023
경기도 안성시 금광면 한운리	경기도 안성시 금광면 한운리	4155032030
경기도 안성시 금광면 현곡리	경기도 안성시 금광면 현곡리	4155032026
경기도 안성시 금산동	경기도 안성시 금산동	4155011400
경기도 안성시 금석동	경기도 안성시 금석동	4155012000
경기도 안성시 낙원동	경기도 안성시 낙원동	4155010900
경기도 안성시 당왕동	경기도 안성시 당왕동	4155012500
경기도 안성시 대덕면 건지리	경기도 안성시 대덕면 건지리	4155035027
경기도 안성시 대덕면 내리	경기도 안성시 대덕면 내리	4155035028
경기도 안성시 대덕면 대농리	경기도 안성시 대덕면 대농리	4155035029
경기도 안성시 대덕면 명당리	경기도 안성시 대덕면 명당리	4155035025
경기도 안성시 대덕면 모산리	경기도 안성시 대덕면 모산리	4155035023
경기도 안성시 대덕면 무능리	경기도 안성시 대덕면 무능리	4155035032
경기도 안성시 대덕면 보동리	경기도 안성시 대덕면 보동리	4155035024
경기도 안성시 대덕면 삼한리	경기도 안성시 대덕면 삼한리	4155035034
경기도 안성시 대덕면 소내리	경기도 안성시 대덕면 소내리	4155035033
경기도 안성시 대덕면 소현리	경기도 안성시 대덕면 소현리	4155035021
경기도 안성시 대덕면 신령리	경기도 안성시 대덕면 신령리	4155035031
경기도 안성시 대덕면 죽리	경기도 안성시 대덕면 죽리	4155035030
경기도 안성시 대덕면 진현리	경기도 안성시 대덕면 진현리	4155035026
경기도 안성시 대덕면 토현리	경기도 안성시 대덕면 토현리	4155035022
경기도 안성시 대천동	경기도 안성시 대천동	4155011600
경기도 안성시 도기동	경기도 안성시 도기동	4155012400
경기도 안성시 동본동	경기도 안성시 동본동	4155010600
경기도 안성시 명륜동	경기도 안성시 명륜동	4155010700
경기도 안성시 미양면 갈전리	경기도 안성시 미양면 갈전리	4155034031
경기도 안성시 미양면 강덕리	경기도 안성시 미양면 강덕리	4155034035
경기도 안성시 미양면 개정리	경기도 안성시 미양면 개정리	4155034023
경기도 안성시 미양면 계륵리	경기도 안성시 미양면 계륵리	4155034022
경기도 안성시 미양면 고지리	경기도 안성시 미양면 고지리	4155034027
경기도 안성시 미양면 구례리	경기도 안성시 미양면 구례리	4155034021
경기도 안성시 미양면 구수리	경기도 안성시 미양면 구수리	4155034029
경기도 안성시 미양면 마산리	경기도 안성시 미양면 마산리	4155034037
경기도 안성시 미양면 법전리	경기도 안성시 미양면 법전리	4155034025
경기도 안성시 미양면 보체리	경기도 안성시 미양면 보체리	4155034033
경기도 안성시 미양면 신계리	경기도 안성시 미양면 신계리	4155034024
경기도 안성시 미양면 신기리	경기도 안성시 미양면 신기리	4155034034
경기도 안성시 미양면 양변리	경기도 안성시 미양면 양변리	4155034038
경기도 안성시 미양면 양지리	경기도 안성시 미양면 양지리	4155034032
경기도 안성시 미양면 용두리	경기도 안성시 미양면 용두리	4155034026
경기도 안성시 미양면 정동리	경기도 안성시 미양면 정동리	4155034028
경기도 안성시 미양면 진촌리	경기도 안성시 미양면 진촌리	4155034030
경기도 안성시 미양면 후평리	경기도 안성시 미양면 후평리	4155034036
경기도 안성시 발화동	경기도 안성시 발화동	4155013200
경기도 안성시 보개면 가율리	경기도 안성시 보개면 가율리	4155031035
경기도 안성시 보개면 곡천리	경기도 안성시 보개면 곡천리	4155031032
경기도 안성시 보개면 구사리	경기도 안성시 보개면 구사리	4155031034
경기도 안성시 보개면 기좌리	경기도 안성시 보개면 기좌리	4155031022
경기도 안성시 보개면 남풍리	경기도 안성시 보개면 남풍리	4155031038
경기도 안성시 보개면 내방리	경기도 안성시 보개면 내방리	4155031030
경기도 안성시 보개면 동신리	경기도 안성시 보개면 동신리	4155031031
경기도 안성시 보개면 동평리	경기도 안성시 보개면 동평리	4155031037
경기도 안성시 보개면 복평리	경기도 안성시 보개면 복평리	4155031033
경기도 안성시 보개면 북가현리	경기도 안성시 보개면 북가현리	4155031039
경기도 안성시 보개면 북좌리	경기도 안성시 보개면 북좌리	4155031023
경기도 안성시 보개면 불현리	경기도 안성시 보개면 불현리	4155031029
경기도 안성시 보개면 상삼리	경기도 안성시 보개면 상삼리	4155031024
경기도 안성시 보개면 신안리	경기도 안성시 보개면 신안리	4155031036
경기도 안성시 보개면 신장리	경기도 안성시 보개면 신장리	4155031025
경기도 안성시 보개면 양복리	경기도 안성시 보개면 양복리	4155031026
경기도 안성시 보개면 오두리	경기도 안성시 보개면 오두리	4155031027
경기도 안성시 보개면 이전리	경기도 안성시 보개면 이전리	4155031028
경기도 안성시 보개면 적가리	경기도 안성시 보개면 적가리	4155031021
경기도 안성시 봉남동	경기도 안성시 봉남동	4155010400
경기도 안성시 봉산동	경기도 안성시 봉산동	4155010100
경기도 안성시 사곡동	경기도 안성시 사곡동	4155012300
경기도 안성시 삼죽면 기솔리	경기도 안성시 삼죽면 기솔리	4155041030
경기도 안성시 삼죽면 내강리	경기도 안성시 삼죽면 내강리	4155041026
경기도 안성시 삼죽면 내장리	경기도 안성시 삼죽면 내장리	4155041021
경기도 안성시 삼죽면 덕산리	경기도 안성시 삼죽면 덕산리	4155041024
경기도 안성시 삼죽면 마전리	경기도 안성시 삼죽면 마전리	4155041029
경기도 안성시 삼죽면 미장리	경기도 안성시 삼죽면 미장리	4155041028
경기도 안성시 삼죽면 배태리	경기도 안성시 삼죽면 배태리	4155041025
경기도 안성시 삼죽면 용월리	경기도 안성시 삼죽면 용월리	4155041023
경기도 안성시 삼죽면 율곡리	경기도 안성시 삼죽면 율곡리	4155041022
경기도 안성시 삼죽면 진촌리	경기도 안성시 삼죽면 진촌리	4155041027
경기도 안성시 서운면 동촌리	경기도 안성시 서운면 동촌리	4155033027
경기도 안성시 서운면 북산리	경기도 안성시 서운면 북산리	4155033034
경기도 안성시 서운면 산평리	경기도 안성시 서운면 산평리	4155033025
경기도 안성시 서운면 송산리	경기도 안성시 서운면 송산리	4155033031
경기도 안성시 서운면 송정리	경기도 안성시 서운면 송정리	4155033023
경기도 안성시 서운면 신기리	경기도 안성시 서운면 신기리	4155033030
경기도 안성시 서운면 신능리	경기도 안성시 서운면 신능리	4155033029
경기도 안성시 서운면 신촌리	경기도 안성시 서운면 신촌리	4155033024
경기도 안성시 서운면 신흥리	경기도 안성시 서운면 신흥리	4155033028
경기도 안성시 서운면 양촌리	경기도 안성시 서운면 양촌리	4155033033
경기도 안성시 서운면 오촌리	경기도 안성시 서운면 오촌리	4155033032
경기도 안성시 서운면 인리	경기도 안성시 서운면 인리	4155033021
경기도 안성시 서운면 청용리	경기도 안성시 서운면 청용리	4155033022
경기도 안성시 서운면 현매리	경기도 안성시 서운면 현매리	4155033026
경기도 안성시 서인동	경기도 안성시 서인동	4155011700
경기도 안성시 석정동	경기도 안성시 석정동	4155011800
경기도 안성시 성남동	경기도 안성시 성남동	4155011100
경기도 안성시 숭인동	경기도 안성시 숭인동	4155010200
경기도 안성시 신건지동	경기도 안성시 신건지동	4155012800
경기도 안성시 신모산동	경기도 안성시 신모산동	4155013000
경기도 안성시 신소현동	경기도 안성시 신소현동	4155012900
경기도 안성시 신흥동	경기도 안성시 신흥동	4155011200
경기도 안성시 아양동	경기도 안성시 아양동	4155011900
경기도 안성시 양성면 구장리	경기도 안성시 양성면 구장리	4155036022
경기도 안성시 양성면 난실리	경기도 안성시 양성면 난실리	4155036030
경기도 안성시 양성면 노곡리	경기도 안성시 양성면 노곡리	4155036031
경기도 안성시 양성면 덕봉리	경기도 안성시 양성면 덕봉리	4155036035
경기도 안성시 양성면 도곡리	경기도 안성시 양성면 도곡리	4155036026
경기도 안성시 양성면 동항리	경기도 안성시 양성면 동항리	4155036021
경기도 안성시 양성면 명목리	경기도 안성시 양성면 명목리	4155036036
경기도 안성시 양성면 미산리	경기도 안성시 양성면 미산리	4155036032
경기도 안성시 양성면 방신리	경기도 안성시 양성면 방신리	4155036038
경기도 안성시 양성면 방축리	경기도 안성시 양성면 방축리	4155036033
경기도 안성시 양성면 산정리	경기도 안성시 양성면 산정리	4155036027
경기도 안성시 양성면 삼암리	경기도 안성시 양성면 삼암리	4155036037
경기도 안성시 양성면 석화리	경기도 안성시 양성면 석화리	4155036023
경기도 안성시 양성면 이현리	경기도 안성시 양성면 이현리	4155036028
경기도 안성시 양성면 장서리	경기도 안성시 양성면 장서리	4155036029
경기도 안성시 양성면 조일리	경기도 안성시 양성면 조일리	4155036025
경기도 안성시 양성면 추곡리	경기도 안성시 양성면 추곡리	4155036024
경기도 안성시 양성면 필산리	경기도 안성시 양성면 필산리	4155036034
경기도 안성시 연지동	경기도 안성시 연지동	4155011500
경기도 안성시 영동	경기도 안성시 영동	4155010300
경기도 안성시 옥산동	경기도 안성시 옥산동	4155012200
경기도 안성시 옥천동	경기도 안성시 옥천동	4155010800
경기도 안성시 원곡면 내가천리	경기도 안성시 원곡면 내가천리	4155038025
경기도 안성시 원곡면 반제리	경기도 안성시 원곡면 반제리	4155038027
경기도 안성시 원곡면 산하리	경기도 안성시 원곡면 산하리	4155038024
경기도 안성시 원곡면 성은리	경기도 안성시 원곡면 성은리	4155038021
경기도 안성시 원곡면 성주리	경기도 안성시 원곡면 성주리	4155038028
경기도 안성시 원곡면 외가천리	경기도 안성시 원곡면 외가천리	4155038026
경기도 안성시 원곡면 지문리	경기도 안성시 원곡면 지문리	4155038023
경기도 안성시 원곡면 칠곡리	경기도 안성시 원곡면 칠곡리	4155038022
경기도 안성시 인지동	경기도 안성시 인지동	4155011300
경기도 안성시 일죽면 가리	경기도 안성시 일죽면 가리	4155039024
경기도 안성시 일죽면 고은리	경기도 안성시 일죽면 고은리	4155039029
경기도 안성시 일죽면 금산리	경기도 안성시 일죽면 금산리	4155039033
경기도 안성시 일죽면 능국리	경기도 안성시 일죽면 능국리	4155039031
경기도 안성시 일죽면 당촌리	경기도 안성시 일죽면 당촌리	4155039026
경기도 안성시 일죽면 방초리	경기도 안성시 일죽면 방초리	4155039027
경기도 안성시 일죽면 산북리	경기도 안성시 일죽면 산북리	4155039025
경기도 안성시 일죽면 송천리	경기도 안성시 일죽면 송천리	4155039028
경기도 안성시 일죽면 신흥리	경기도 안성시 일죽면 신흥리	4155039032
경기도 안성시 일죽면 월정리	경기도 안성시 일죽면 월정리	4155039021
경기도 안성시 일죽면 장암리	경기도 안성시 일죽면 장암리	4155039034
경기도 안성시 일죽면 주천리	경기도 안성시 일죽면 주천리	4155039022
경기도 안성시 일죽면 죽림리	경기도 안성시 일죽면 죽림리	4155039023
경기도 안성시 일죽면 화곡리	경기도 안성시 일죽면 화곡리	4155039030
경기도 안성시 일죽면 화봉리	경기도 안성시 일죽면 화봉리	4155039035
경기도 안성시 죽산면 당목리	경기도 안성시 죽산면 당목리	4155040029
경기도 안성시 죽산면 두교리	경기도 안성시 죽산면 두교리	4155040030
경기도 안성시 죽산면 두현리	경기도 안성시 죽산면 두현리	4155040024
경기도 안성시 죽산면 매산리	경기도 안성시 죽산면 매산리	4155040022
경기도 안성시 죽산면 용설리	경기도 안성시 죽산면 용설리	4155040027
경기도 안성시 죽산면 장계리	경기도 안성시 죽산면 장계리	4155040026
경기도 안성시 죽산면 장능리	경기도 안성시 죽산면 장능리	4155040025
경기도 안성시 죽산면 장원리	경기도 안성시 죽산면 장원리	4155040023
경기도 안성시 죽산면 죽산리	경기도 안성시 죽산면 죽산리	4155040021
경기도 안성시 죽산면 칠장리	경기도 안성시 죽산면 칠장리	4155040028
경기도 안성시 중리동	경기도 안성시 중리동	4155013300
경기도 안성시 창전동	경기도 안성시 창전동	4155011000
경기도 안성시 현수동	경기도 안성시 현수동	4155013100
경기도 안양동안구 관양동	경기도 안양시 동안구 관양동	4117310200
경기도 안양동안구 비산동	경기도 안양시 동안구 비산동	4117310100
경기도 안양동안구 평촌동	경기도 안양시 동안구 평촌동	4117310300
경기도 안양동안구 호계동	경기도 안양시 동안구 호계동	4117310400
경기도 안양만안구 박달동	경기도 안양시 만안구 박달동	4117110300
경기도 안양만안구 석수동	경기도 안양시 만안구 석수동	4117110200
경기도 안양만안구 안양동	경기도 안양시 만안구 안양동	4117110100
경기도 양주시 고암동	경기도 양주시 고암동	4163011500
경기도 양주시 고읍동	경기도 양주시 고읍동	4163010900
경기도 양주시 광사동	경기도 양주시 광사동	4163010600
경기도 양주시 광적면 가납리	경기도 양주시 광적면 가납리	4163033021
경기도 양주시 광적면 광석리	경기도 양주시 광적면 광석리	4163033022
경기도 양주시 광적면 덕도리	경기도 양주시 광적면 덕도리	4163033026
경기도 양주시 광적면 비암리	경기도 양주시 광적면 비암리	4163033024
경기도 양주시 광적면 석우리	경기도 양주시 광적면 석우리	4163033027
경기도 양주시 광적면 우고리	경기도 양주시 광적면 우고리	4163033023
경기도 양주시 광적면 효촌리	경기도 양주시 광적면 효촌리	4163033025
경기도 양주시 남면 경신리	경기도 양주시 남면 경신리	4163032026
경기도 양주시 남면 구암리	경기도 양주시 남면 구암리	4163032024
경기도 양주시 남면 두곡리	경기도 양주시 남면 두곡리	4163032025
경기도 양주시 남면 매곡리	경기도 양주시 남면 매곡리	4163032023
경기도 양주시 남면 상수리	경기도 양주시 남면 상수리	4163032027
경기도 양주시 남면 신산리	경기도 양주시 남면 신산리	4163032021
경기도 양주시 남면 신암리	경기도 양주시 남면 신암리	4163032022
경기도 양주시 남면 입암리	경기도 양주시 남면 입암리	4163032028
경기도 양주시 남면 한산리	경기도 양주시 남면 한산리	4163032029
경기도 양주시 남면 황방리	경기도 양주시 남면 황방리	4163032030
경기도 양주시 남방동	경기도 양주시 남방동	4163010300
경기도 양주시 덕계동	경기도 양주시 덕계동	4163011600
경기도 양주시 덕정동	경기도 양주시 덕정동	4163011000
경기도 양주시 마전동	경기도 양주시 마전동	4163010400
경기도 양주시 만송동	경기도 양주시 만송동	4163010700
경기도 양주시 백석읍 가업리	경기도 양주시 백석읍 가업리	4163025024
경기도 양주시 백석읍 기산리	경기도 양주시 백석읍 기산리	4163025027
경기도 양주시 백석읍 방성리	경기도 양주시 백석읍 방성리	4163025021
경기도 양주시 백석읍 복지리	경기도 양주시 백석읍 복지리	4163025023
경기도 양주시 백석읍 연곡리	경기도 양주시 백석읍 연곡리	4163025026
경기도 양주시 백석읍 오산리	경기도 양주시 백석읍 오산리	4163025022
경기도 양주시 백석읍 홍죽리	경기도 양주시 백석읍 홍죽리	4163025025
경기도 양주시 봉양동	경기도 양주시 봉양동	4163011100
경기도 양주시 산북동	경기도 양주시 산북동	4163010500
경기도 양주시 삼숭동	경기도 양주시 삼숭동	4163010800
경기도 양주시 어둔동	경기도 양주시 어둔동	4163010200
경기도 양주시 옥정동	경기도 양주시 옥정동	4163011400
경기도 양주시 유양동	경기도 양주시 유양동	4163010100
경기도 양주시 율정동	경기도 양주시 율정동	4163011300
경기도 양주시 은현면 도하리	경기도 양주시 은현면 도하리	4163031026
경기도 양주시 은현면 봉암리	경기도 양주시 은현면 봉암리	4163031024
경기도 양주시 은현면 선암리	경기도 양주시 은현면 선암리	4163031022
경기도 양주시 은현면 용암리	경기도 양주시 은현면 용암리	4163031021
경기도 양주시 은현면 운암리	경기도 양주시 은현면 운암리	4163031023
경기도 양주시 은현면 하패리	경기도 양주시 은현면 하패리	4163031025
경기도 양주시 장흥면 교현리	경기도 양주시 장흥면 교현리	4163034021
경기도 양주시 장흥면 부곡리	경기도 양주시 장흥면 부곡리	4163034023
경기도 양주시 장흥면 삼상리	경기도 양주시 장흥면 삼상리	4163034026
경기도 양주시 장흥면 삼하리	경기도 양주시 장흥면 삼하리	4163034027
경기도 양주시 장흥면 석현리	경기도 양주시 장흥면 석현리	4163034024
경기도 양주시 장흥면 울대리	경기도 양주시 장흥면 울대리	4163034022
경기도 양주시 장흥면 일영리	경기도 양주시 장흥면 일영리	4163034025
경기도 양주시 회암동	경기도 양주시 회암동	4163011200
경기도 양주시 회정동	경기도 양주시 회정동	4163011700
경기도 양평군 강상면 교평리	경기도 양평군 강상면 교평리	4183031023
경기도 양평군 강상면 대석리	경기도 양평군 강상면 대석리	4183031027
경기도 양평군 강상면 병산리	경기도 양평군 강상면 병산리	4183031021
경기도 양평군 강상면 세월리	경기도 양평군 강상면 세월리	4183031026
경기도 양평군 강상면 송학리	경기도 양평군 강상면 송학리	4183031022
경기도 양평군 강상면 신화리	경기도 양평군 강상면 신화리	4183031024
경기도 양평군 강상면 화양리	경기도 양평군 강상면 화양리	4183031025
경기도 양평군 강하면 동오리	경기도 양평군 강하면 동오리	4183032023
경기도 양평군 강하면 성덕리	경기도 양평군 강하면 성덕리	4183032025
경기도 양평군 강하면 왕창리	경기도 양평군 강하면 왕창리	4183032022
경기도 양평군 강하면 운심리	경기도 양평군 강하면 운심리	4183032021
경기도 양평군 강하면 전수리	경기도 양평군 강하면 전수리	4183032026
경기도 양평군 강하면 항금리	경기도 양평군 강하면 항금리	4183032024
경기도 양평군 개군면 계전리	경기도 양평군 개군면 계전리	4183041032
경기도 양평군 개군면 공세리	경기도 양평군 개군면 공세리	4183041025
경기도 양평군 개군면 구미리	경기도 양평군 개군면 구미리	4183041022
경기도 양평군 개군면 내리	경기도 양평군 개군면 내리	4183041029
경기도 양평군 개군면 부리	경기도 양평군 개군면 부리	4183041027
경기도 양평군 개군면 불곡리	경기도 양평군 개군면 불곡리	4183041026
경기도 양평군 개군면 상자포리	경기도 양평군 개군면 상자포리	4183041033
경기도 양평군 개군면 석장리	경기도 양평군 개군면 석장리	4183041024
경기도 양평군 개군면 앙덕리	경기도 양평군 개군면 앙덕리	4183041023
경기도 양평군 개군면 자연리	경기도 양평군 개군면 자연리	4183041028
경기도 양평군 개군면 주읍리	경기도 양평군 개군면 주읍리	4183041031
경기도 양평군 개군면 하자포리	경기도 양평군 개군면 하자포리	4183041021
경기도 양평군 개군면 향리	경기도 양평군 개군면 향리	4183041030
경기도 양평군 단월면 덕수리	경기도 양평군 단월면 덕수리	4183036025
경기도 양평군 단월면 명성리	경기도 양평군 단월면 명성리	4183036027
경기도 양평군 단월면 보룡리	경기도 양평군 단월면 보룡리	4183036021
경기도 양평군 단월면 봉상리	경기도 양평군 단월면 봉상리	4183036023
경기도 양평군 단월면 부안리	경기도 양평군 단월면 부안리	4183036026
경기도 양평군 단월면 산음리	경기도 양평군 단월면 산음리	4183036029
경기도 양평군 단월면 삼가리	경기도 양평군 단월면 삼가리	4183036022
경기도 양평군 단월면 석산리	경기도 양평군 단월면 석산리	4183036028
경기도 양평군 단월면 향소리	경기도 양평군 단월면 향소리	4183036024
경기도 양평군 서종면 노문리	경기도 양평군 서종면 노문리	4183035027
경기도 양평군 서종면 도장리	경기도 양평군 서종면 도장리	4183035022
경기도 양평군 서종면 명달리	경기도 양평군 서종면 명달리	4183035026
경기도 양평군 서종면 문호리	경기도 양평군 서종면 문호리	4183035021
경기도 양평군 서종면 서후리	경기도 양평군 서종면 서후리	4183035024
경기도 양평군 서종면 수능리	경기도 양평군 서종면 수능리	4183035023
경기도 양평군 서종면 수입리	경기도 양평군 서종면 수입리	4183035028
경기도 양평군 서종면 정배리	경기도 양평군 서종면 정배리	4183035025
경기도 양평군 양동면 계정리	경기도 양평군 양동면 계정리	4183038026
경기도 양평군 양동면 고송리	경기도 양평군 양동면 고송리	4183038024
경기도 양평군 양동면 금왕리	경기도 양평군 양동면 금왕리	4183038025
경기도 양평군 양동면 단석리	경기도 양평군 양동면 단석리	4183038028
경기도 양평군 양동면 매월리	경기도 양평군 양동면 매월리	4183038023
경기도 양평군 양동면 삼산리	경기도 양평군 양동면 삼산리	4183038027
경기도 양평군 양동면 석곡리	경기도 양평군 양동면 석곡리	4183038022
경기도 양평군 양동면 쌍학리	경기도 양평군 양동면 쌍학리	4183038021
경기도 양평군 양서면 국수리	경기도 양평군 양서면 국수리	4183033028
경기도 양평군 양서면 대심리	경기도 양평군 양서면 대심리	4183033027
경기도 양평군 양서면 도곡리	경기도 양평군 양서면 도곡리	4183033026
경기도 양평군 양서면 목왕리	경기도 양평군 양서면 목왕리	4183033024
경기도 양평군 양서면 복포리	경기도 양평군 양서면 복포리	4183033029
경기도 양평군 양서면 부용리	경기도 양평군 양서면 부용리	4183033023
경기도 양평군 양서면 신원리	경기도 양평군 양서면 신원리	4183033025
경기도 양평군 양서면 양수리	경기도 양평군 양서면 양수리	4183033021
경기도 양평군 양서면 용담리	경기도 양평군 양서면 용담리	4183033022
경기도 양평군 양서면 증동리	경기도 양평군 양서면 증동리	4183033031
경기도 양평군 양서면 청계리	경기도 양평군 양서면 청계리	4183033030
경기도 양평군 양평읍 공흥리	경기도 양평군 양평읍 공흥리	4183025025
경기도 양평군 양평읍 대흥리	경기도 양평군 양평읍 대흥리	4183025028
경기도 양평군 양평읍 덕평리	경기도 양평군 양평읍 덕평리	4183025024
경기도 양평군 양평읍 도곡리	경기도 양평군 양평읍 도곡리	4183025027
경기도 양평군 양평읍 백안리	경기도 양평군 양평읍 백안리	4183025026
경기도 양평군 양평읍 봉성리	경기도 양평군 양평읍 봉성리	4183025029
경기도 양평군 양평읍 신애리	경기도 양평군 양평읍 신애리	4183025023
경기도 양평군 양평읍 양근리	경기도 양평군 양평읍 양근리	4183025021
경기도 양평군 양평읍 오빈리	경기도 양평군 양평읍 오빈리	4183025022
경기도 양평군 양평읍 원덕리	경기도 양평군 양평읍 원덕리	4183025030
경기도 양평군 양평읍 창대리	경기도 양평군 양평읍 창대리	4183025032
경기도 양평군 양평읍 회현리	경기도 양평군 양평읍 회현리	4183025031
경기도 양평군 옥천면 신복리	경기도 양평군 옥천면 신복리	4183034023
경기도 양평군 옥천면 아신리	경기도 양평군 옥천면 아신리	4183034024
경기도 양평군 옥천면 옥천리	경기도 양평군 옥천면 옥천리	4183034021
경기도 양평군 옥천면 용천리	경기도 양평군 옥천면 용천리	4183034022
경기도 양평군 용문면 광탄리	경기도 양평군 용문면 광탄리	4183040027
경기도 양평군 용문면 금곡리	경기도 양평군 용문면 금곡리	4183040026
경기도 양평군 용문면 다문리	경기도 양평군 용문면 다문리	4183040024
경기도 양평군 용문면 덕촌리	경기도 양평군 용문면 덕촌리	4183040031
경기도 양평군 용문면 마룡리	경기도 양평군 용문면 마룡리	4183040021
경기도 양평군 용문면 망능리	경기도 양평군 용문면 망능리	4183040028
경기도 양평군 용문면 삼성리	경기도 양평군 용문면 삼성리	4183040023
경기도 양평군 용문면 신점리	경기도 양평군 용문면 신점리	4183040033
경기도 양평군 용문면 연수리	경기도 양평군 용문면 연수리	4183040025
경기도 양평군 용문면 오촌리	경기도 양평군 용문면 오촌리	4183040032
경기도 양평군 용문면 조현리	경기도 양평군 용문면 조현리	4183040030
경기도 양평군 용문면 중원리	경기도 양평군 용문면 중원리	4183040029
경기도 양평군 용문면 화전리	경기도 양평군 용문면 화전리	4183040022
경기도 양평군 지평면 곡수리	경기도 양평군 지평면 곡수리	4183039528
경기도 양평군 지평면 대평리	경기도 양평군 지평면 대평리	4183039527
경기도 양평군 지평면 망미리	경기도 양평군 지평면 망미리	4183039524
경기도 양평군 지평면 무왕리	경기도 양평군 지평면 무왕리	4183039525
경기도 양평군 지평면 송현리	경기도 양평군 지평면 송현리	4183039522
경기도 양평군 지평면 수곡리	경기도 양평군 지평면 수곡리	4183039529
경기도 양평군 지평면 옥현리	경기도 양평군 지평면 옥현리	4183039530
경기도 양평군 지평면 월산리	경기도 양평군 지평면 월산리	4183039523
경기도 양평군 지평면 일신리	경기도 양평군 지평면 일신리	4183039526
경기도 양평군 지평면 지평리	경기도 양평군 지평면 지평리	4183039521
경기도 양평군 청운면 가현리	경기도 양평군 청운면 가현리	4183037024
경기도 양평군 청운면 갈운리	경기도 양평군 청운면 갈운리	4183037025
경기도 양평군 청운면 다대리	경기도 양평군 청운면 다대리	4183037029
경기도 양평군 청운면 도원리	경기도 양평군 청운면 도원리	4183037026
경기도 양평군 청운면 비룡리	경기도 양평군 청운면 비룡리	4183037023
경기도 양평군 청운면 삼성리	경기도 양평군 청운면 삼성리	4183037028
경기도 양평군 청운면 신론리	경기도 양평군 청운면 신론리	4183037027
경기도 양평군 청운면 여물리	경기도 양평군 청운면 여물리	4183037022
경기도 양평군 청운면 용두리	경기도 양평군 청운면 용두리	4183037021
경기도 여주시 가남읍 건장리	경기도 여주시 가남읍 건장리	4167025026
경기도 여주시 가남읍 금곡리	경기도 여주시 가남읍 금곡리	4167025038
경기도 여주시 가남읍 금당리	경기도 여주시 가남읍 금당리	4167025037
경기도 여주시 가남읍 대신리	경기도 여주시 가남읍 대신리	4167025024
경기도 여주시 가남읍 본두리	경기도 여주시 가남읍 본두리	4167025032
경기도 여주시 가남읍 삼군리	경기도 여주시 가남읍 삼군리	4167025028
경기도 여주시 가남읍 삼승리	경기도 여주시 가남읍 삼승리	4167025040
경기도 여주시 가남읍 상활리	경기도 여주시 가남읍 상활리	4167025022
경기도 여주시 가남읍 송림리	경기도 여주시 가남읍 송림리	4167025039
경기도 여주시 가남읍 신해리	경기도 여주시 가남읍 신해리	4167025023
경기도 여주시 가남읍 심석리	경기도 여주시 가남읍 심석리	4167025027
경기도 여주시 가남읍 안금리	경기도 여주시 가남읍 안금리	4167025034
경기도 여주시 가남읍 양귀리	경기도 여주시 가남읍 양귀리	4167025035
경기도 여주시 가남읍 연대리	경기도 여주시 가남읍 연대리	4167025036
경기도 여주시 가남읍 오산리	경기도 여주시 가남읍 오산리	4167025029
경기도 여주시 가남읍 은봉리	경기도 여주시 가남읍 은봉리	4167025025
경기도 여주시 가남읍 정단리	경기도 여주시 가남읍 정단리	4167025030
경기도 여주시 가남읍 태평리	경기도 여주시 가남읍 태평리	4167025021
경기도 여주시 가남읍 하귀리	경기도 여주시 가남읍 하귀리	4167025033
경기도 여주시 가남읍 화평리	경기도 여주시 가남읍 화평리	4167025031
경기도 여주시 가업동	경기도 여주시 가업동	4167011000
경기도 여주시 강천면 가야리	경기도 여주시 강천면 가야리	4167037024
경기도 여주시 강천면 간매리	경기도 여주시 강천면 간매리	4167037021
경기도 여주시 강천면 강천리	경기도 여주시 강천면 강천리	4167037027
경기도 여주시 강천면 걸은리	경기도 여주시 강천면 걸은리	4167037022
경기도 여주시 강천면 굴암리	경기도 여주시 강천면 굴암리	4167037026
경기도 여주시 강천면 도전리	경기도 여주시 강천면 도전리	4167037029
경기도 여주시 강천면 부평리	경기도 여주시 강천면 부평리	4167037028
경기도 여주시 강천면 이호리	경기도 여주시 강천면 이호리	4167037023
경기도 여주시 강천면 적금리	경기도 여주시 강천면 적금리	4167037025
경기도 여주시 교동	경기도 여주시 교동	4167010800
경기도 여주시 금사면 궁리	경기도 여주시 금사면 궁리	4167033022
경기도 여주시 금사면 금사리	경기도 여주시 금사면 금사리	4167033030
경기도 여주시 금사면 도곡리	경기도 여주시 금사면 도곡리	4167033023
경기도 여주시 금사면 상호리	경기도 여주시 금사면 상호리	4167033028
경기도 여주시 금사면 소유리	경기도 여주시 금사면 소유리	4167033027
경기도 여주시 금사면 외평리	경기도 여주시 금사면 외평리	4167033031
경기도 여주시 금사면 이포리	경기도 여주시 금사면 이포리	4167033021
경기도 여주시 금사면 장흥리	경기도 여주시 금사면 장흥리	4167033024
경기도 여주시 금사면 전북리	경기도 여주시 금사면 전북리	4167033026
경기도 여주시 금사면 주록리	경기도 여주시 금사면 주록리	4167033025
경기도 여주시 금사면 하호리	경기도 여주시 금사면 하호리	4167033029
경기도 여주시 능서면 광대리	경기도 여주시 능서면 광대리	4167034030
경기도 여주시 능서면 구양리	경기도 여주시 능서면 구양리	4167034022
경기도 여주시 능서면 내양리	경기도 여주시 능서면 내양리	4167034025
경기도 여주시 능서면 마래리	경기도 여주시 능서면 마래리	4167034029
경기도 여주시 능서면 매류리	경기도 여주시 능서면 매류리	4167034032
경기도 여주시 능서면 매화리	경기도 여주시 능서면 매화리	4167034027
경기도 여주시 능서면 백석리	경기도 여주시 능서면 백석리	4167034024
경기도 여주시 능서면 번도리	경기도 여주시 능서면 번도리	4167034021
경기도 여주시 능서면 신지리	경기도 여주시 능서면 신지리	4167034033
경기도 여주시 능서면 양거리	경기도 여주시 능서면 양거리	4167034028
경기도 여주시 능서면 오계리	경기도 여주시 능서면 오계리	4167034031
경기도 여주시 능서면 왕대리	경기도 여주시 능서면 왕대리	4167034023
경기도 여주시 능서면 용은리	경기도 여주시 능서면 용은리	4167034026
경기도 여주시 능현동	경기도 여주시 능현동	4167011600
경기도 여주시 단현동	경기도 여주시 단현동	4167010500
경기도 여주시 대신면 가산리	경기도 여주시 대신면 가산리	4167035023
경기도 여주시 대신면 계림리	경기도 여주시 대신면 계림리	4167035032
경기도 여주시 대신면 당남리	경기도 여주시 대신면 당남리	4167035035
경기도 여주시 대신면 당산리	경기도 여주시 대신면 당산리	4167035022
경기도 여주시 대신면 도롱리	경기도 여주시 대신면 도롱리	4167035031
경기도 여주시 대신면 무촌리	경기도 여주시 대신면 무촌리	4167035030
경기도 여주시 대신면 보통리	경기도 여주시 대신면 보통리	4167035036
경기도 여주시 대신면 상구리	경기도 여주시 대신면 상구리	4167035026
경기도 여주시 대신면 송촌리	경기도 여주시 대신면 송촌리	4167035033
경기도 여주시 대신면 양촌리	경기도 여주시 대신면 양촌리	4167035039
경기도 여주시 대신면 옥촌리	경기도 여주시 대신면 옥촌리	4167035028
경기도 여주시 대신면 윤촌리	경기도 여주시 대신면 윤촌리	4167035029
경기도 여주시 대신면 율촌리	경기도 여주시 대신면 율촌리	4167035037
경기도 여주시 대신면 장풍리	경기도 여주시 대신면 장풍리	4167035027
경기도 여주시 대신면 천남리	경기도 여주시 대신면 천남리	4167035024
경기도 여주시 대신면 천서리	경기도 여주시 대신면 천서리	4167035034
경기도 여주시 대신면 초현리	경기도 여주시 대신면 초현리	4167035038
경기도 여주시 대신면 하림리	경기도 여주시 대신면 하림리	4167035025
경기도 여주시 대신면 후포리	경기도 여주시 대신면 후포리	4167035021
경기도 여주시 매룡동	경기도 여주시 매룡동	4167011900
경기도 여주시 멱곡동	경기도 여주시 멱곡동	4167011700
경기도 여주시 북내면 가정리	경기도 여주시 북내면 가정리	4167036035
경기도 여주시 북내면 내룡리	경기도 여주시 북내면 내룡리	4167036024
경기도 여주시 북내면 당우리	경기도 여주시 북내면 당우리	4167036021
경기도 여주시 북내면 덕산리	경기도 여주시 북내면 덕산리	4167036029
경기도 여주시 북내면 상교리	경기도 여주시 북내면 상교리	4167036025
경기도 여주시 북내면 서원리	경기도 여주시 북내면 서원리	4167036027
경기도 여주시 북내면 석우리	경기도 여주시 북내면 석우리	4167036028
경기도 여주시 북내면 신남리	경기도 여주시 북내면 신남리	4167036022
경기도 여주시 북내면 신접리	경기도 여주시 북내면 신접리	4167036033
경기도 여주시 북내면 외룡리	경기도 여주시 북내면 외룡리	4167036023
경기도 여주시 북내면 운촌리	경기도 여주시 북내면 운촌리	4167036032
경기도 여주시 북내면 장암리	경기도 여주시 북내면 장암리	4167036030
경기도 여주시 북내면 주암리	경기도 여주시 북내면 주암리	4167036026
경기도 여주시 북내면 중암리	경기도 여주시 북내면 중암리	4167036031
경기도 여주시 북내면 지내리	경기도 여주시 북내면 지내리	4167036034
경기도 여주시 산북면 명품리	경기도 여주시 산북면 명품리	4167038024
경기도 여주시 산북면 백자리	경기도 여주시 산북면 백자리	4167038026
경기도 여주시 산북면 상품리	경기도 여주시 산북면 상품리	4167038021
경기도 여주시 산북면 송현리	경기도 여주시 산북면 송현리	4167038022
경기도 여주시 산북면 용담리	경기도 여주시 산북면 용담리	4167038027
경기도 여주시 산북면 주어리	경기도 여주시 산북면 주어리	4167038025
경기도 여주시 산북면 후리	경기도 여주시 산북면 후리	4167038023
경기도 여주시 삼교동	경기도 여주시 삼교동	4167011400
경기도 여주시 상거동	경기도 여주시 상거동	4167011200
경기도 여주시 상동	경기도 여주시 상동	4167010100
경기도 여주시 신진동	경기도 여주시 신진동	4167010600
경기도 여주시 연라동	경기도 여주시 연라동	4167011100
경기도 여주시 연양동	경기도 여주시 연양동	4167011800
경기도 여주시 오금동	경기도 여주시 오금동	4167012300
경기도 여주시 오학동	경기도 여주시 오학동	4167012100
경기도 여주시 우만동	경기도 여주시 우만동	4167010400
경기도 여주시 월송동	경기도 여주시 월송동	4167010900
경기도 여주시 점동면 관한리	경기도 여주시 점동면 관한리	4167031025
경기도 여주시 점동면 뇌곡리	경기도 여주시 점동면 뇌곡리	4167031026
경기도 여주시 점동면 당진리	경기도 여주시 점동면 당진리	4167031028
경기도 여주시 점동면 덕평리	경기도 여주시 점동면 덕평리	4167031023
경기도 여주시 점동면 도리	경기도 여주시 점동면 도리	4167031033
경기도 여주시 점동면 부구리	경기도 여주시 점동면 부구리	4167031022
경기도 여주시 점동면 사곡리	경기도 여주시 점동면 사곡리	4167031030
경기도 여주시 점동면 삼합리	경기도 여주시 점동면 삼합리	4167031032
경기도 여주시 점동면 성신리	경기도 여주시 점동면 성신리	4167031027
경기도 여주시 점동면 원부리	경기도 여주시 점동면 원부리	4167031024
경기도 여주시 점동면 장안리	경기도 여주시 점동면 장안리	4167031031
경기도 여주시 점동면 처리	경기도 여주시 점동면 처리	4167031035
경기도 여주시 점동면 청안리	경기도 여주시 점동면 청안리	4167031021
경기도 여주시 점동면 현수리	경기도 여주시 점동면 현수리	4167031029
경기도 여주시 점동면 흔암리	경기도 여주시 점동면 흔암리	4167031034
경기도 여주시 점봉동	경기도 여주시 점봉동	4167011500
경기도 여주시 창동	경기도 여주시 창동	4167010300
경기도 여주시 천송동	경기도 여주시 천송동	4167012000
경기도 여주시 하거동	경기도 여주시 하거동	4167011300
경기도 여주시 하동	경기도 여주시 하동	4167010700
경기도 여주시 현암동	경기도 여주시 현암동	4167012200
경기도 여주시 홍문동	경기도 여주시 홍문동	4167010200
경기도 여주시 흥천면 계신리	경기도 여주시 흥천면 계신리	4167032022
경기도 여주시 흥천면 귀백리	경기도 여주시 흥천면 귀백리	4167032030
경기도 여주시 흥천면 내사리	경기도 여주시 흥천면 내사리	4167032024
경기도 여주시 흥천면 다대리	경기도 여주시 흥천면 다대리	4167032027
경기도 여주시 흥천면 대당리	경기도 여주시 흥천면 대당리	4167032033
경기도 여주시 흥천면 문장리	경기도 여주시 흥천면 문장리	4167032023
경기도 여주시 흥천면 복대리	경기도 여주시 흥천면 복대리	4167032021
경기도 여주시 흥천면 상대리	경기도 여주시 흥천면 상대리	4167032026
경기도 여주시 흥천면 상백리	경기도 여주시 흥천면 상백리	4167032029
경기도 여주시 흥천면 신근리	경기도 여주시 흥천면 신근리	4167032034
경기도 여주시 흥천면 외사리	경기도 여주시 흥천면 외사리	4167032025
경기도 여주시 흥천면 율극리	경기도 여주시 흥천면 율극리	4167032031
경기도 여주시 흥천면 하다리	경기도 여주시 흥천면 하다리	4167032028
경기도 여주시 흥천면 효지리	경기도 여주시 흥천면 효지리	4167032032
경기도 연천군 군남면 남계리	경기도 연천군 군남면 남계리	4180031027
경기도 연천군 군남면 삼거리	경기도 연천군 군남면 삼거리	4180031023
경기도 연천군 군남면 선곡리	경기도 연천군 군남면 선곡리	4180031025
경기도 연천군 군남면 옥계리	경기도 연천군 군남면 옥계리	4180031022
경기도 연천군 군남면 왕림리	경기도 연천군 군남면 왕림리	4180031024
경기도 연천군 군남면 진상리	경기도 연천군 군남면 진상리	4180031021
경기도 연천군 군남면 황지리	경기도 연천군 군남면 황지리	4180031026
경기도 연천군 미산면 광동리	경기도 연천군 미산면 광동리	4180034025
경기도 연천군 미산면 동이리	경기도 연천군 미산면 동이리	4180034021
경기도 연천군 미산면 마전리	경기도 연천군 미산면 마전리	4180034026
경기도 연천군 미산면 백석리	경기도 연천군 미산면 백석리	4180034023
경기도 연천군 미산면 삼화리	경기도 연천군 미산면 삼화리	4180034028
경기도 연천군 미산면 아미리	경기도 연천군 미산면 아미리	4180034022
경기도 연천군 미산면 우정리	경기도 연천군 미산면 우정리	4180034027
경기도 연천군 미산면 유촌리	경기도 연천군 미산면 유촌리	4180034024
경기도 연천군 백학면 갈현리	경기도 연천군 백학면 갈현리	4180033029
경기도 연천군 백학면 구미리	경기도 연천군 백학면 구미리	4180033027
경기도 연천군 백학면 노곡리	경기도 연천군 백학면 노곡리	4180033025
경기도 연천군 백학면 두일리	경기도 연천군 백학면 두일리	4180033021
경기도 연천군 백학면 두현리	경기도 연천군 백학면 두현리	4180033028
경기도 연천군 백학면 백령리	경기도 연천군 백학면 백령리	4180033022
경기도 연천군 백학면 석장리	경기도 연천군 백학면 석장리	4180033046
경기도 연천군 백학면 전동리	경기도 연천군 백학면 전동리	4180033024
경기도 연천군 백학면 통구리	경기도 연천군 백학면 통구리	4180033023
경기도 연천군 백학면 포춘리	경기도 연천군 백학면 포춘리	4180033030
경기도 연천군 백학면 학곡리	경기도 연천군 백학면 학곡리	4180033026
경기도 연천군 백학면 항동리	경기도 연천군 백학면 항동리	4180033031
경기도 연천군 신서면 갈현리	경기도 연천군 신서면 갈현리	4180036028
경기도 연천군 신서면 내산리	경기도 연천군 신서면 내산리	4180036023
경기도 연천군 신서면 답곡리	경기도 연천군 신서면 답곡리	4180036025
경기도 연천군 신서면 대광리	경기도 연천군 신서면 대광리	4180036021
경기도 연천군 신서면 덕산리	경기도 연천군 신서면 덕산리	4180036029
경기도 연천군 신서면 도밀리	경기도 연천군 신서면 도밀리	4180036027
경기도 연천군 신서면 도신리	경기도 연천군 신서면 도신리	4180036022
경기도 연천군 신서면 마전리	경기도 연천군 신서면 마전리	4180036024
경기도 연천군 신서면 신현리	경기도 연천군 신서면 신현리	4180036030
경기도 연천군 연천읍 고문리	경기도 연천군 연천읍 고문리	4180025029
경기도 연천군 연천읍 동막리	경기도 연천군 연천읍 동막리	4180025027
경기도 연천군 연천읍 부곡리	경기도 연천군 연천읍 부곡리	4180025030
경기도 연천군 연천읍 상리	경기도 연천군 연천읍 상리	4180025023
경기도 연천군 연천읍 옥산리	경기도 연천군 연천읍 옥산리	4180025025
경기도 연천군 연천읍 와초리	경기도 연천군 연천읍 와초리	4180025024
경기도 연천군 연천읍 읍내리	경기도 연천군 연천읍 읍내리	4180025026
경기도 연천군 연천읍 차탄리	경기도 연천군 연천읍 차탄리	4180025021
경기도 연천군 연천읍 통현리	경기도 연천군 연천읍 통현리	4180025028
경기도 연천군 연천읍 현가리	경기도 연천군 연천읍 현가리	4180025022
경기도 연천군 왕징면 강내리	경기도 연천군 왕징면 강내리	4180035024
경기도 연천군 왕징면 강서리	경기도 연천군 왕징면 강서리	4180035025
경기도 연천군 왕징면 고왕리	경기도 연천군 왕징면 고왕리	4180035027
경기도 연천군 왕징면 고잔상리	경기도 연천군 왕징면 고잔상리	4180035028
경기도 연천군 왕징면 고잔하리	경기도 연천군 왕징면 고잔하리	4180035029
경기도 연천군 왕징면 고장리	경기도 연천군 왕징면 고장리	4180035035
경기도 연천군 왕징면 기곡리	경기도 연천군 왕징면 기곡리	4180035030
경기도 연천군 왕징면 노동리	경기도 연천군 왕징면 노동리	4180035022
경기도 연천군 왕징면 동중리	경기도 연천군 왕징면 동중리	4180035026
경기도 연천군 왕징면 무등리	경기도 연천군 왕징면 무등리	4180035021
경기도 연천군 왕징면 북삼리	경기도 연천군 왕징면 북삼리	4180035023
경기도 연천군 왕징면 작동리	경기도 연천군 왕징면 작동리	4180035031
경기도 연천군 장남면 고랑포리	경기도 연천군 장남면 고랑포리	4180038025
경기도 연천군 장남면 반정리	경기도 연천군 장남면 반정리	4180038024
경기도 연천군 장남면 원당리	경기도 연천군 장남면 원당리	4180038021
경기도 연천군 장남면 자작리	경기도 연천군 장남면 자작리	4180038022
경기도 연천군 장남면 판부리	경기도 연천군 장남면 판부리	4180038023
경기도 연천군 전곡읍 간파리	경기도 연천군 전곡읍 간파리	4180025327
경기도 연천군 전곡읍 고능리	경기도 연천군 전곡읍 고능리	4180025324
경기도 연천군 전곡읍 늘목리	경기도 연천군 전곡읍 늘목리	4180025328
경기도 연천군 전곡읍 마포리	경기도 연천군 전곡읍 마포리	4180025325
경기도 연천군 전곡읍 신답리	경기도 연천군 전곡읍 신답리	4180025323
경기도 연천군 전곡읍 양원리	경기도 연천군 전곡읍 양원리	4180025326
경기도 연천군 전곡읍 은대리	경기도 연천군 전곡읍 은대리	4180025322
경기도 연천군 전곡읍 전곡리	경기도 연천군 전곡읍 전곡리	4180025321
경기도 연천군 중면 도연리	경기도 연천군 중면 도연리	4180037031
경기도 연천군 중면 마거리	경기도 연천군 중면 마거리	4180037025
경기도 연천군 중면 삼곶리	경기도 연천군 중면 삼곶리	4180037021
경기도 연천군 중면 어적산리	경기도 연천군 중면 어적산리	4180037029
경기도 연천군 중면 적거리	경기도 연천군 중면 적거리	4180037024
경기도 연천군 중면 적음리	경기도 연천군 중면 적음리	4180037027
경기도 연천군 중면 중사리	경기도 연천군 중면 중사리	4180037023
경기도 연천군 중면 합수리	경기도 연천군 중면 합수리	4180037026
경기도 연천군 중면 횡산리	경기도 연천군 중면 횡산리	4180037022
경기도 연천군 청산면 궁평리	경기도 연천군 청산면 궁평리	4180032024
경기도 연천군 청산면 대전리	경기도 연천군 청산면 대전리	4180032022
경기도 연천군 청산면 백의리	경기도 연천군 청산면 백의리	4180032025
경기도 연천군 청산면 장탄리	경기도 연천군 청산면 장탄리	4180032023
경기도 연천군 청산면 초성리	경기도 연천군 청산면 초성리	4180032021
경기도 오산시 가수동	경기도 오산시 가수동	4137012100
경기도 오산시 가장동	경기도 오산시 가장동	4137010600
경기도 오산시 갈곶동	경기도 오산시 갈곶동	4137012400
경기도 오산시 고현동	경기도 오산시 고현동	4137012200
경기도 오산시 궐동	경기도 오산시 궐동	4137010400
경기도 오산시 금암동	경기도 오산시 금암동	4137010700
경기도 오산시 내삼미동	경기도 오산시 내삼미동	4137011000
경기도 오산시 누읍동	경기도 오산시 누읍동	4137012000
경기도 오산시 두곡동	경기도 오산시 두곡동	4137011800
경기도 오산시 벌음동	경기도 오산시 벌음동	4137011700
경기도 오산시 부산동	경기도 오산시 부산동	4137010200
경기도 오산시 서동	경기도 오산시 서동	4137011600
경기도 오산시 서랑동	경기도 오산시 서랑동	4137011500
경기도 오산시 세교동	경기도 오산시 세교동	4137011300
경기도 오산시 수청동	경기도 오산시 수청동	4137010800
경기도 오산시 양산동	경기도 오산시 양산동	4137011200
경기도 오산시 오산동	경기도 오산시 오산동	4137010100
경기도 오산시 외삼미동	경기도 오산시 외삼미동	4137011100
경기도 오산시 원동	경기도 오산시 원동	4137010300
경기도 오산시 은계동	경기도 오산시 은계동	4137010900
경기도 오산시 지곶동	경기도 오산시 지곶동	4137011400
경기도 오산시 청학동	경기도 오산시 청학동	4137010500
경기도 오산시 청호동	경기도 오산시 청호동	4137012300
경기도 오산시 탑동	경기도 오산시 탑동	4137011900
경기도 용인기흥구 고매동	경기도 용인시 기흥구 고매동	4146310800
경기도 용인기흥구 공세동	경기도 용인시 기흥구 공세동	4146310700
경기도 용인기흥구 구갈동	경기도 용인시 기흥구 구갈동	4146310200
경기도 용인기흥구 농서동	경기도 용인시 기흥구 농서동	4146310900
경기도 용인기흥구 동백동	경기도 용인시 기흥구 동백동	4146311500
경기도 용인기흥구 마북동	경기도 용인시 기흥구 마북동	4146311300
경기도 용인기흥구 보라동	경기도 용인시 기흥구 보라동	4146310500
경기도 용인기흥구 보정동	경기도 용인시 기흥구 보정동	4146311800
경기도 용인기흥구 상갈동	경기도 용인시 기흥구 상갈동	4146310300
경기도 용인기흥구 상하동	경기도 용인시 기흥구 상하동	4146311700
경기도 용인기흥구 서천동	경기도 용인시 기흥구 서천동	4146311000
경기도 용인기흥구 신갈동	경기도 용인시 기흥구 신갈동	4146310100
경기도 용인기흥구 언남동	경기도 용인시 기흥구 언남동	4146311200
경기도 용인기흥구 영덕동	경기도 용인시 기흥구 영덕동	4146311100
경기도 용인기흥구 중동	경기도 용인시 기흥구 중동	4146311600
경기도 용인기흥구 지곡동	경기도 용인시 기흥구 지곡동	4146310600
경기도 용인기흥구 청덕동	경기도 용인시 기흥구 청덕동	4146311400
경기도 용인기흥구 하갈동	경기도 용인시 기흥구 하갈동	4146310400
경기도 용인수지구 고기동	경기도 용인시 수지구 고기동	4146510400
경기도 용인수지구 동천동	경기도 용인시 수지구 동천동	4146510300
경기도 용인수지구 상현동	경기도 용인시 수지구 상현동	4146510700
경기도 용인수지구 성복동	경기도 용인시 수지구 성복동	4146510600
경기도 용인수지구 신봉동	경기도 용인시 수지구 신봉동	4146510500
경기도 용인수지구 죽전동	경기도 용인시 수지구 죽전동	4146510200
경기도 용인수지구 풍덕천동	경기도 용인시 수지구 풍덕천동	4146510100
경기도 용인처인구 고림동	경기도 용인시 처인구 고림동	4146110600
경기도 용인처인구 김량장동	경기도 용인시 처인구 김량장동	4146110100
경기도 용인처인구 남동	경기도 용인시 처인구 남동	4146110400
경기도 용인처인구 남사면 방아리	경기도 용인시 처인구 남사면 방아리	4146132028
경기도 용인처인구 남사면 봉명리	경기도 용인시 처인구 남사면 봉명리	4146132024
경기도 용인처인구 남사면 봉무리	경기도 용인시 처인구 남사면 봉무리	4146132021
경기도 용인처인구 남사면 북리	경기도 용인시 처인구 남사면 북리	4146132022
경기도 용인처인구 남사면 아곡리	경기도 용인시 처인구 남사면 아곡리	4146132030
경기도 용인처인구 남사면 완장리	경기도 용인시 처인구 남사면 완장리	4146132031
경기도 용인처인구 남사면 원암리	경기도 용인시 처인구 남사면 원암리	4146132026
경기도 용인처인구 남사면 전궁리	경기도 용인시 처인구 남사면 전궁리	4146132027
경기도 용인처인구 남사면 진목리	경기도 용인시 처인구 남사면 진목리	4146132025
경기도 용인처인구 남사면 창리	경기도 용인시 처인구 남사면 창리	4146132029
경기도 용인처인구 남사면 통삼리	경기도 용인시 처인구 남사면 통삼리	4146132023
경기도 용인처인구 마평동	경기도 용인시 처인구 마평동	4146110700
경기도 용인처인구 모현읍 갈담리	경기도 용인시 처인구 모현읍 갈담리	4146125322
경기도 용인처인구 모현읍 능원리	경기도 용인시 처인구 모현읍 능원리	4146125327
경기도 용인처인구 모현읍 동림리	경기도 용인시 처인구 모현읍 동림리	4146125326
경기도 용인처인구 모현읍 매산리	경기도 용인시 처인구 모현읍 매산리	4146125325
경기도 용인처인구 모현읍 오산리	경기도 용인시 처인구 모현읍 오산리	4146125328
경기도 용인처인구 모현읍 왕산리	경기도 용인시 처인구 모현읍 왕산리	4146125321
경기도 용인처인구 모현읍 일산리	경기도 용인시 처인구 모현읍 일산리	4146125324
경기도 용인처인구 모현읍 초부리	경기도 용인시 처인구 모현읍 초부리	4146125323
경기도 용인처인구 백암면	경기도 용인시 처인구 백암면	4146135000
경기도 용인처인구 백암면 가좌리	경기도 용인시 처인구 백암면 가좌리	4146135033
경기도 용인처인구 백암면 가창리	경기도 용인시 처인구 백암면 가창리	4146135032
경기도 용인처인구 백암면 고안리	경기도 용인시 처인구 백암면 고안리	4146135024
경기도 용인처인구 백암면 근곡리	경기도 용인시 처인구 백암면 근곡리	4146135031
경기도 용인처인구 백암면 근삼리	경기도 용인시 처인구 백암면 근삼리	4146135029
경기도 용인처인구 백암면 근창리	경기도 용인시 처인구 백암면 근창리	4146135030
경기도 용인처인구 백암면 박곡리	경기도 용인시 처인구 백암면 박곡리	4146135022
경기도 용인처인구 백암면 백봉리	경기도 용인시 처인구 백암면 백봉리	4146135023
경기도 용인처인구 백암면 백암리	경기도 용인시 처인구 백암면 백암리	4146135021
경기도 용인처인구 백암면 석천리	경기도 용인시 처인구 백암면 석천리	4146135027
경기도 용인처인구 백암면 옥산리	경기도 용인시 처인구 백암면 옥산리	4146135025
경기도 용인처인구 백암면 용천리	경기도 용인시 처인구 백암면 용천리	4146135028
경기도 용인처인구 백암면 장평리	경기도 용인시 처인구 백암면 장평리	4146135026
경기도 용인처인구 삼가동	경기도 용인시 처인구 삼가동	4146110300
경기도 용인처인구 양지면 남곡리	경기도 용인시 처인구 양지면 남곡리	4146136022
경기도 용인처인구 양지면 대대리	경기도 용인시 처인구 양지면 대대리	4146136028
경기도 용인처인구 양지면 송문리	경기도 용인시 처인구 양지면 송문리	4146136030
경기도 용인처인구 양지면 식금리	경기도 용인시 처인구 양지면 식금리	4146136026
경기도 용인처인구 양지면 양지리	경기도 용인시 처인구 양지면 양지리	4146136021
경기도 용인처인구 양지면 정수리	경기도 용인시 처인구 양지면 정수리	4146136027
경기도 용인처인구 양지면 제일리	경기도 용인시 처인구 양지면 제일리	4146136024
경기도 용인처인구 양지면 주북리	경기도 용인시 처인구 양지면 주북리	4146136029
경기도 용인처인구 양지면 추계리	경기도 용인시 처인구 양지면 추계리	4146136025
경기도 용인처인구 양지면 평창리	경기도 용인시 처인구 양지면 평창리	4146136023
경기도 용인처인구 역북동	경기도 용인시 처인구 역북동	4146110200
경기도 용인처인구 운학동	경기도 용인시 처인구 운학동	4146110800
경기도 용인처인구 원삼면	경기도 용인시 처인구 원삼면	4146134000
경기도 용인처인구 원삼면 가재월리	경기도 용인시 처인구 원삼면 가재월리	4146134032
경기도 용인처인구 원삼면 고당리	경기도 용인시 처인구 원삼면 고당리	4146134021
경기도 용인처인구 원삼면 독성리	경기도 용인시 처인구 원삼면 독성리	4146134027
경기도 용인처인구 원삼면 두창리	경기도 용인시 처인구 원삼면 두창리	4146134026
경기도 용인처인구 원삼면 맹리	경기도 용인시 처인구 원삼면 맹리	4146134024
경기도 용인처인구 원삼면 목신리	경기도 용인시 처인구 원삼면 목신리	4146134029
경기도 용인처인구 원삼면 문촌리	경기도 용인시 처인구 원삼면 문촌리	4146134031
경기도 용인처인구 원삼면 미평리	경기도 용인시 처인구 원삼면 미평리	4146134025
경기도 용인처인구 원삼면 사암리	경기도 용인시 처인구 원삼면 사암리	4146134022
경기도 용인처인구 원삼면 좌항리	경기도 용인시 처인구 원삼면 좌항리	4146134023
경기도 용인처인구 원삼면 죽능리	경기도 용인시 처인구 원삼면 죽능리	4146134028
경기도 용인처인구 원삼면 학일리	경기도 용인시 처인구 원삼면 학일리	4146134030
경기도 용인처인구 유방동	경기도 용인시 처인구 유방동	4146110500
경기도 용인처인구 이동읍	경기도 용인시 처인구 이동읍	4146125600
경기도 용인처인구 이동읍 덕성리	경기도 용인시 처인구 이동읍 덕성리	4146125626
경기도 용인처인구 이동읍 묘봉리	경기도 용인시 처인구 이동읍 묘봉리	4146125623
경기도 용인처인구 이동읍 묵리	경기도 용인시 처인구 이동읍 묵리	4146125627
경기도 용인처인구 이동읍 서리	경기도 용인시 처인구 이동읍 서리	4146125629
경기도 용인처인구 이동읍 송전리	경기도 용인시 처인구 이동읍 송전리	4146125621
경기도 용인처인구 이동읍 시미리	경기도 용인시 처인구 이동읍 시미리	4146125625
경기도 용인처인구 이동읍 어비리	경기도 용인시 처인구 이동읍 어비리	4146125622
경기도 용인처인구 이동읍 천리	경기도 용인시 처인구 이동읍 천리	4146125628
경기도 용인처인구 이동읍 화산리	경기도 용인시 처인구 이동읍 화산리	4146125624
경기도 용인처인구 포곡읍 가실리	경기도 용인시 처인구 포곡읍 가실리	4146125026
경기도 용인처인구 포곡읍 금어리	경기도 용인시 처인구 포곡읍 금어리	4146125022
경기도 용인처인구 포곡읍 둔전리	경기도 용인시 처인구 포곡읍 둔전리	4146125023
경기도 용인처인구 포곡읍 마성리	경기도 용인시 처인구 포곡읍 마성리	4146125025
경기도 용인처인구 포곡읍 삼계리	경기도 용인시 처인구 포곡읍 삼계리	4146125021
경기도 용인처인구 포곡읍 신원리	경기도 용인시 처인구 포곡읍 신원리	4146125029
경기도 용인처인구 포곡읍 영문리	경기도 용인시 처인구 포곡읍 영문리	4146125024
경기도 용인처인구 포곡읍 유운리	경기도 용인시 처인구 포곡읍 유운리	4146125028
경기도 용인처인구 포곡읍 전대리	경기도 용인시 처인구 포곡읍 전대리	4146125027
경기도 용인처인구 해곡동	경기도 용인시 처인구 해곡동	4146111000
경기도 용인처인구 호동	경기도 용인시 처인구 호동	4146110900
경기도 의왕시 고천동	경기도 의왕시 고천동	4143010100
경기도 의왕시 내손동	경기도 의왕시 내손동	4143010700
경기도 의왕시 삼동	경기도 의왕시 삼동	4143010300
경기도 의왕시 오전동	경기도 의왕시 오전동	4143010500
경기도 의왕시 왕곡동	경기도 의왕시 왕곡동	4143010400
경기도 의왕시 월암동	경기도 의왕시 월암동	4143011000
경기도 의왕시 이동	경기도 의왕시 이동	4143010200
경기도 의왕시 청계동	경기도 의왕시 청계동	4143010800
경기도 의왕시 초평동	경기도 의왕시 초평동	4143011100
경기도 의왕시 포일동	경기도 의왕시 포일동	4143010900
경기도 의왕시 학의동	경기도 의왕시 학의동	4143010600
경기도 의정부시 가능동	경기도 의정부시 가능동	4115011000
경기도 의정부시 고산동	경기도 의정부시 고산동	4115011200
경기도 의정부시 금오동	경기도 의정부시 금오동	4115010900
경기도 의정부시 낙양동	경기도 의정부시 낙양동	4115010700
경기도 의정부시 녹양동	경기도 의정부시 녹양동	4115011100
경기도 의정부시 민락동	경기도 의정부시 민락동	4115010600
경기도 의정부시 산곡동	경기도 의정부시 산곡동	4115011300
경기도 의정부시 신곡동	경기도 의정부시 신곡동	4115010400
경기도 의정부시 용현동	경기도 의정부시 용현동	4115010500
경기도 의정부시 의정부동	경기도 의정부시 의정부동	4115010100
경기도 의정부시 자일동	경기도 의정부시 자일동	4115010800
경기도 의정부시 장암동	경기도 의정부시 장암동	4115010300
경기도 의정부시 호원동	경기도 의정부시 호원동	4115010200
경기도 이천시 갈산동	경기도 이천시 갈산동	4150010800
경기도 이천시 고담동	경기도 이천시 고담동	4150011400
경기도 이천시 관고동	경기도 이천시 관고동	4150010200
경기도 이천시 단월동	경기도 이천시 단월동	4150011200
경기도 이천시 대월면 구시리	경기도 이천시 대월면 구시리	4150035030
경기도 이천시 대월면 군량리	경기도 이천시 대월면 군량리	4150035031
경기도 이천시 대월면 대대리	경기도 이천시 대월면 대대리	4150035027
경기도 이천시 대월면 대흥리	경기도 이천시 대월면 대흥리	4150035028
경기도 이천시 대월면 도리리	경기도 이천시 대월면 도리리	4150035029
경기도 이천시 대월면 부필리	경기도 이천시 대월면 부필리	4150035034
경기도 이천시 대월면 사동리	경기도 이천시 대월면 사동리	4150035026
경기도 이천시 대월면 송라리	경기도 이천시 대월면 송라리	4150035032
경기도 이천시 대월면 장평리	경기도 이천시 대월면 장평리	4150035033
경기도 이천시 대월면 초지리	경기도 이천시 대월면 초지리	4150035025
경기도 이천시 대포동	경기도 이천시 대포동	4150011300
경기도 이천시 마장면 각평리	경기도 이천시 마장면 각평리	4150034029
경기도 이천시 마장면 관리	경기도 이천시 마장면 관리	4150034023
경기도 이천시 마장면 덕평리	경기도 이천시 마장면 덕평리	4150034030
경기도 이천시 마장면 목리	경기도 이천시 마장면 목리	4150034026
경기도 이천시 마장면 양촌리	경기도 이천시 마장면 양촌리	4150034022
경기도 이천시 마장면 오천리	경기도 이천시 마장면 오천리	4150034021
경기도 이천시 마장면 이치리	경기도 이천시 마장면 이치리	4150034028
경기도 이천시 마장면 이평리	경기도 이천시 마장면 이평리	4150034031
경기도 이천시 마장면 작촌리	경기도 이천시 마장면 작촌리	4150034033
경기도 이천시 마장면 장암리	경기도 이천시 마장면 장암리	4150034025
경기도 이천시 마장면 표교리	경기도 이천시 마장면 표교리	4150034027
경기도 이천시 마장면 해월리	경기도 이천시 마장면 해월리	4150034032
경기도 이천시 마장면 회억리	경기도 이천시 마장면 회억리	4150034024
경기도 이천시 모가면 두미리	경기도 이천시 모가면 두미리	4150036031
경기도 이천시 모가면 산내리	경기도 이천시 모가면 산내리	4150036023
경기도 이천시 모가면 서경리	경기도 이천시 모가면 서경리	4150036022
경기도 이천시 모가면 소고리	경기도 이천시 모가면 소고리	4150036028
경기도 이천시 모가면 소사리	경기도 이천시 모가면 소사리	4150036025
경기도 이천시 모가면 송곡리	경기도 이천시 모가면 송곡리	4150036024
경기도 이천시 모가면 신갈리	경기도 이천시 모가면 신갈리	4150036029
경기도 이천시 모가면 양평리	경기도 이천시 모가면 양평리	4150036026
경기도 이천시 모가면 어농리	경기도 이천시 모가면 어농리	4150036030
경기도 이천시 모가면 원두리	경기도 이천시 모가면 원두리	4150036027
경기도 이천시 모가면 진가리	경기도 이천시 모가면 진가리	4150036021
경기도 이천시 백사면 경사리	경기도 이천시 백사면 경사리	4150032022
경기도 이천시 백사면 내촌리	경기도 이천시 백사면 내촌리	4150032030
경기도 이천시 백사면 도립리	경기도 이천시 백사면 도립리	4150032023
경기도 이천시 백사면 도지리	경기도 이천시 백사면 도지리	4150032027
경기도 이천시 백사면 모전리	경기도 이천시 백사면 모전리	4150032026
경기도 이천시 백사면 백우리	경기도 이천시 백사면 백우리	4150032032
경기도 이천시 백사면 상용리	경기도 이천시 백사면 상용리	4150032031
경기도 이천시 백사면 송말리	경기도 이천시 백사면 송말리	4150032024
경기도 이천시 백사면 신대리	경기도 이천시 백사면 신대리	4150032025
경기도 이천시 백사면 우곡리	경기도 이천시 백사면 우곡리	4150032029
경기도 이천시 백사면 조읍리	경기도 이천시 백사면 조읍리	4150032028
경기도 이천시 백사면 현방리	경기도 이천시 백사면 현방리	4150032021
경기도 이천시 부발읍 가산리	경기도 이천시 부발읍 가산리	4150025333
경기도 이천시 부발읍 가좌리	경기도 이천시 부발읍 가좌리	4150025329
경기도 이천시 부발읍 고백리	경기도 이천시 부발읍 고백리	4150025324
경기도 이천시 부발읍 대관리	경기도 이천시 부발읍 대관리	4150025325
경기도 이천시 부발읍 마암리	경기도 이천시 부발읍 마암리	4150025326
경기도 이천시 부발읍 무촌리	경기도 이천시 부발읍 무촌리	4150025321
경기도 이천시 부발읍 산촌리	경기도 이천시 부발읍 산촌리	4150025327
경기도 이천시 부발읍 송온리	경기도 이천시 부발읍 송온리	4150025332
경기도 이천시 부발읍 수정리	경기도 이천시 부발읍 수정리	4150025331
경기도 이천시 부발읍 신원리	경기도 이천시 부발읍 신원리	4150025323
경기도 이천시 부발읍 신하리	경기도 이천시 부발읍 신하리	4150025328
경기도 이천시 부발읍 아미리	경기도 이천시 부발읍 아미리	4150025330
경기도 이천시 부발읍 응암리	경기도 이천시 부발읍 응암리	4150025334
경기도 이천시 부발읍 죽당리	경기도 이천시 부발읍 죽당리	4150025322
경기도 이천시 사음동	경기도 이천시 사음동	4150011100
경기도 이천시 설성면 금당리	경기도 이천시 설성면 금당리	4150037021
경기도 이천시 설성면 대죽리	경기도 이천시 설성면 대죽리	4150037032
경기도 이천시 설성면 상봉리	경기도 이천시 설성면 상봉리	4150037030
경기도 이천시 설성면 송계리	경기도 이천시 설성면 송계리	4150037029
경기도 이천시 설성면 수산리	경기도 이천시 설성면 수산리	4150037031
경기도 이천시 설성면 신필리	경기도 이천시 설성면 신필리	4150037025
경기도 이천시 설성면 암산리	경기도 이천시 설성면 암산리	4150037028
경기도 이천시 설성면 자석리	경기도 이천시 설성면 자석리	4150037027
경기도 이천시 설성면 장능리	경기도 이천시 설성면 장능리	4150037022
경기도 이천시 설성면 장천리	경기도 이천시 설성면 장천리	4150037026
경기도 이천시 설성면 제요리	경기도 이천시 설성면 제요리	4150037024
경기도 이천시 설성면 행죽리	경기도 이천시 설성면 행죽리	4150037023
경기도 이천시 송정동	경기도 이천시 송정동	4150011000
경기도 이천시 신둔면 고척리	경기도 이천시 신둔면 고척리	4150031029
경기도 이천시 신둔면 남정리	경기도 이천시 신둔면 남정리	4150031022
경기도 이천시 신둔면 도봉리	경기도 이천시 신둔면 도봉리	4150031025
경기도 이천시 신둔면 도암리	경기도 이천시 신둔면 도암리	4150031026
경기도 이천시 신둔면 마교리	경기도 이천시 신둔면 마교리	4150031032
경기도 이천시 신둔면 소정리	경기도 이천시 신둔면 소정리	4150031033
경기도 이천시 신둔면 수광리	경기도 이천시 신둔면 수광리	4150031021
경기도 이천시 신둔면 수남리	경기도 이천시 신둔면 수남리	4150031028
경기도 이천시 신둔면 수하리	경기도 이천시 신둔면 수하리	4150031027
경기도 이천시 신둔면 용면리	경기도 이천시 신둔면 용면리	4150031030
경기도 이천시 신둔면 인후리	경기도 이천시 신둔면 인후리	4150031031
경기도 이천시 신둔면 장동리	경기도 이천시 신둔면 장동리	4150031024
경기도 이천시 신둔면 지석리	경기도 이천시 신둔면 지석리	4150031023
경기도 이천시 안흥동	경기도 이천시 안흥동	4150010700
경기도 이천시 율면 고당리	경기도 이천시 율면 고당리	4150038021
경기도 이천시 율면 본죽리	경기도 이천시 율면 본죽리	4150038023
경기도 이천시 율면 북두리	경기도 이천시 율면 북두리	4150038024
경기도 이천시 율면 산성리	경기도 이천시 율면 산성리	4150038027
경기도 이천시 율면 산양리	경기도 이천시 율면 산양리	4150038025
경기도 이천시 율면 석산리	경기도 이천시 율면 석산리	4150038026
경기도 이천시 율면 신추리	경기도 이천시 율면 신추리	4150038022
경기도 이천시 율면 오성리	경기도 이천시 율면 오성리	4150038028
경기도 이천시 율면 월포리	경기도 이천시 율면 월포리	4150038029
경기도 이천시 율면 총곡리	경기도 이천시 율면 총곡리	4150038030
경기도 이천시 율현동	경기도 이천시 율현동	4150010500
경기도 이천시 장록동	경기도 이천시 장록동	4150011500
경기도 이천시 장호원읍 나래리	경기도 이천시 장호원읍 나래리	4150025030
경기도 이천시 장호원읍 노탑리	경기도 이천시 장호원읍 노탑리	4150025033
경기도 이천시 장호원읍 대서리	경기도 이천시 장호원읍 대서리	4150025025
경기도 이천시 장호원읍 방추리	경기도 이천시 장호원읍 방추리	4150025027
경기도 이천시 장호원읍 선읍리	경기도 이천시 장호원읍 선읍리	4150025028
경기도 이천시 장호원읍 송산리	경기도 이천시 장호원읍 송산리	4150025026
경기도 이천시 장호원읍 어석리	경기도 이천시 장호원읍 어석리	4150025024
경기도 이천시 장호원읍 오남리	경기도 이천시 장호원읍 오남리	4150025022
경기도 이천시 장호원읍 와현리	경기도 이천시 장호원읍 와현리	4150025031
경기도 이천시 장호원읍 이황리	경기도 이천시 장호원읍 이황리	4150025029
경기도 이천시 장호원읍 장호원리	경기도 이천시 장호원읍 장호원리	4150025021
경기도 이천시 장호원읍 진암리	경기도 이천시 장호원읍 진암리	4150025023
경기도 이천시 장호원읍 풍계리	경기도 이천시 장호원읍 풍계리	4150025032
경기도 이천시 중리동	경기도 이천시 중리동	4150010300
경기도 이천시 증일동	경기도 이천시 증일동	4150010400
경기도 이천시 증포동	경기도 이천시 증포동	4150010900
경기도 이천시 진리동	경기도 이천시 진리동	4150010600
경기도 이천시 창전동	경기도 이천시 창전동	4150010100
경기도 이천시 호법면 단천리	경기도 이천시 호법면 단천리	4150033024
경기도 이천시 호법면 동산리	경기도 이천시 호법면 동산리	4150033026
경기도 이천시 호법면 매곡리	경기도 이천시 호법면 매곡리	4150033025
경기도 이천시 호법면 송갈리	경기도 이천시 호법면 송갈리	4150033029
경기도 이천시 호법면 안평리	경기도 이천시 호법면 안평리	4150033022
경기도 이천시 호법면 유산리	경기도 이천시 호법면 유산리	4150033021
경기도 이천시 호법면 주미리	경기도 이천시 호법면 주미리	4150033028
경기도 이천시 호법면 주박리	경기도 이천시 호법면 주박리	4150033027
경기도 이천시 호법면 후안리	경기도 이천시 호법면 후안리	4150033023
경기도 파주시 검산동	경기도 파주시 검산동	4148010500
경기도 파주시 광탄면 기산리	경기도 파주시 광탄면 기산리	4148035028
경기도 파주시 광탄면 마장리	경기도 파주시 광탄면 마장리	4148035023
경기도 파주시 광탄면 발랑리	경기도 파주시 광탄면 발랑리	4148035024
경기도 파주시 광탄면 방축리	경기도 파주시 광탄면 방축리	4148035022
경기도 파주시 광탄면 분수리	경기도 파주시 광탄면 분수리	4148035021
경기도 파주시 광탄면 신산리	경기도 파주시 광탄면 신산리	4148035027
경기도 파주시 광탄면 영장리	경기도 파주시 광탄면 영장리	4148035029
경기도 파주시 광탄면 용미리	경기도 파주시 광탄면 용미리	4148035026
경기도 파주시 광탄면 창만리	경기도 파주시 광탄면 창만리	4148035025
경기도 파주시 교하동	경기도 파주시 교하동	4148010700
경기도 파주시 군내면 방목리	경기도 파주시 군내면 방목리	4148038027
경기도 파주시 군내면 백연리	경기도 파주시 군내면 백연리	4148038021
경기도 파주시 군내면 송산리	경기도 파주시 군내면 송산리	4148038025
경기도 파주시 군내면 읍내리	경기도 파주시 군내면 읍내리	4148038024
경기도 파주시 군내면 점원리	경기도 파주시 군내면 점원리	4148038026
경기도 파주시 군내면 정자리	경기도 파주시 군내면 정자리	4148038022
경기도 파주시 군내면 조산리	경기도 파주시 군내면 조산리	4148038023
경기도 파주시 금릉동	경기도 파주시 금릉동	4148012300
경기도 파주시 금촌동	경기도 파주시 금촌동	4148010100
경기도 파주시 다율동	경기도 파주시 다율동	4148010900
경기도 파주시 당하동	경기도 파주시 당하동	4148011400
경기도 파주시 동패동	경기도 파주시 동패동	4148011300
경기도 파주시 맥금동	경기도 파주시 맥금동	4148010600
경기도 파주시 목동동	경기도 파주시 목동동	4148011700
경기도 파주시 문발동	경기도 파주시 문발동	4148011500
경기도 파주시 문산읍 내포리	경기도 파주시 문산읍 내포리	4148025029
경기도 파주시 문산읍 당동리	경기도 파주시 문산읍 당동리	4148025022
경기도 파주시 문산읍 마정리	경기도 파주시 문산읍 마정리	4148025027
경기도 파주시 문산읍 문산리	경기도 파주시 문산읍 문산리	4148025021
경기도 파주시 문산읍 사목리	경기도 파주시 문산읍 사목리	4148025026
경기도 파주시 문산읍 선유리	경기도 파주시 문산읍 선유리	4148025023
경기도 파주시 문산읍 운천리	경기도 파주시 문산읍 운천리	4148025025
경기도 파주시 문산읍 이천리	경기도 파주시 문산읍 이천리	4148025030
경기도 파주시 문산읍 임진리	경기도 파주시 문산읍 임진리	4148025024
경기도 파주시 문산읍 장산리	경기도 파주시 문산읍 장산리	4148025028
경기도 파주시 법원읍 가야리	경기도 파주시 법원읍 가야리	4148025623
경기도 파주시 법원읍 갈곡리	경기도 파주시 법원읍 갈곡리	4148025627
경기도 파주시 법원읍 금곡리	경기도 파주시 법원읍 금곡리	4148025630
경기도 파주시 법원읍 대능리	경기도 파주시 법원읍 대능리	4148025625
경기도 파주시 법원읍 동문리	경기도 파주시 법원읍 동문리	4148025624
경기도 파주시 법원읍 법원리	경기도 파주시 법원읍 법원리	4148025622
경기도 파주시 법원읍 삼방리	경기도 파주시 법원읍 삼방리	4148025626
경기도 파주시 법원읍 오현리	경기도 파주시 법원읍 오현리	4148025621
경기도 파주시 법원읍 웅담리	경기도 파주시 법원읍 웅담리	4148025629
경기도 파주시 법원읍 직천리	경기도 파주시 법원읍 직천리	4148025628
경기도 파주시 산남동	경기도 파주시 산남동	4148011200
경기도 파주시 상지석동	경기도 파주시 상지석동	4148011100
경기도 파주시 서패동	경기도 파주시 서패동	4148011900
경기도 파주시 송촌동	경기도 파주시 송촌동	4148011600
경기도 파주시 신촌동	경기도 파주시 신촌동	4148012000
경기도 파주시 아동동	경기도 파주시 아동동	4148010200
경기도 파주시 야당동	경기도 파주시 야당동	4148010800
경기도 파주시 야동동	경기도 파주시 야동동	4148010400
경기도 파주시 연다산동	경기도 파주시 연다산동	4148012100
경기도 파주시 오도동	경기도 파주시 오도동	4148011000
경기도 파주시 와동동	경기도 파주시 와동동	4148012200
경기도 파주시 월롱면 능산리	경기도 파주시 월롱면 능산리	4148031024
경기도 파주시 월롱면 덕은리	경기도 파주시 월롱면 덕은리	4148031023
경기도 파주시 월롱면 도내리	경기도 파주시 월롱면 도내리	4148031022
경기도 파주시 월롱면 영태리	경기도 파주시 월롱면 영태리	4148031025
경기도 파주시 월롱면 위전리	경기도 파주시 월롱면 위전리	4148031021
경기도 파주시 장단면 강정리	경기도 파주시 장단면 강정리	4148039026
경기도 파주시 장단면 거곡리	경기도 파주시 장단면 거곡리	4148039023
경기도 파주시 장단면 노상리	경기도 파주시 장단면 노상리	4148039021
경기도 파주시 장단면 노하리	경기도 파주시 장단면 노하리	4148039022
경기도 파주시 장단면 도라산리	경기도 파주시 장단면 도라산리	4148039024
경기도 파주시 장단면 동장리	경기도 파주시 장단면 동장리	4148039027
경기도 파주시 장단면 석곶리	경기도 파주시 장단면 석곶리	4148039025
경기도 파주시 장단면 정동리	경기도 파주시 장단면 정동리	4148039028
경기도 파주시 적성면 가월리	경기도 파주시 적성면 가월리	4148037026
경기도 파주시 적성면 객현리	경기도 파주시 적성면 객현리	4148037025
경기도 파주시 적성면 구읍리	경기도 파주시 적성면 구읍리	4148037024
경기도 파주시 적성면 답곡리	경기도 파주시 적성면 답곡리	4148037029
경기도 파주시 적성면 두지리	경기도 파주시 적성면 두지리	4148037034
경기도 파주시 적성면 마지리	경기도 파주시 적성면 마지리	4148037035
경기도 파주시 적성면 무건리	경기도 파주시 적성면 무건리	4148037027
경기도 파주시 적성면 설마리	경기도 파주시 적성면 설마리	4148037032
경기도 파주시 적성면 식현리	경기도 파주시 적성면 식현리	4148037030
경기도 파주시 적성면 어유지리	경기도 파주시 적성면 어유지리	4148037021
경기도 파주시 적성면 율포리	경기도 파주시 적성면 율포리	4148037028
경기도 파주시 적성면 자장리	경기도 파주시 적성면 자장리	4148037036
경기도 파주시 적성면 장좌리	경기도 파주시 적성면 장좌리	4148037022
경기도 파주시 적성면 장현리	경기도 파주시 적성면 장현리	4148037023
경기도 파주시 적성면 적암리	경기도 파주시 적성면 적암리	4148037033
경기도 파주시 적성면 주월리	경기도 파주시 적성면 주월리	4148037031
경기도 파주시 조리읍 뇌조리	경기도 파주시 조리읍 뇌조리	4148026222
경기도 파주시 조리읍 능안리	경기도 파주시 조리읍 능안리	4148026226
경기도 파주시 조리읍 대원리	경기도 파주시 조리읍 대원리	4148026227
경기도 파주시 조리읍 등원리	경기도 파주시 조리읍 등원리	4148026223
경기도 파주시 조리읍 봉일천리	경기도 파주시 조리읍 봉일천리	4148026221
경기도 파주시 조리읍 오산리	경기도 파주시 조리읍 오산리	4148026225
경기도 파주시 조리읍 장곡리	경기도 파주시 조리읍 장곡리	4148026224
경기도 파주시 진동면 동파리	경기도 파주시 진동면 동파리	4148040021
경기도 파주시 진동면 서곡리	경기도 파주시 진동면 서곡리	4148040024
경기도 파주시 진동면 용산리	경기도 파주시 진동면 용산리	4148040022
경기도 파주시 진동면 초리	경기도 파주시 진동면 초리	4148040025
경기도 파주시 진동면 하포리	경기도 파주시 진동면 하포리	4148040023
경기도 파주시 진서면 금릉리	경기도 파주시 진서면 금릉리	4148041023
경기도 파주시 진서면 어용리	경기도 파주시 진서면 어룡리	4148041022
경기도 파주시 탄현면 갈현리	경기도 파주시 탄현면 갈현리	4148032023
경기도 파주시 탄현면 금산리	경기도 파주시 탄현면 금산리	4148032031
경기도 파주시 탄현면 금승리	경기도 파주시 탄현면 금승리	4148032028
경기도 파주시 탄현면 낙하리	경기도 파주시 탄현면 낙하리	4148032030
경기도 파주시 탄현면 대동리	경기도 파주시 탄현면 대동리	4148032025
경기도 파주시 탄현면 만우리	경기도 파주시 탄현면 만우리	4148032026
경기도 파주시 탄현면 문지리	경기도 파주시 탄현면 문지리	4148032024
경기도 파주시 탄현면 법흥리	경기도 파주시 탄현면 법흥리	4148032022
경기도 파주시 탄현면 성동리	경기도 파주시 탄현면 성동리	4148032021
경기도 파주시 탄현면 오금리	경기도 파주시 탄현면 오금리	4148032029
경기도 파주시 탄현면 축현리	경기도 파주시 탄현면 축현리	4148032027
경기도 파주시 파주읍 백석리	경기도 파주시 파주읍 백석리	4148025325
경기도 파주시 파주읍 봉서리	경기도 파주시 파주읍 봉서리	4148025321
경기도 파주시 파주읍 봉암리	경기도 파주시 파주읍 봉암리	4148025324
경기도 파주시 파주읍 부곡리	경기도 파주시 파주읍 부곡리	4148025323
경기도 파주시 파주읍 연풍리	경기도 파주시 파주읍 연풍리	4148025327
경기도 파주시 파주읍 파주리	경기도 파주시 파주읍 파주리	4148025326
경기도 파주시 파주읍 향양리	경기도 파주시 파주읍 향양리	4148025322
경기도 파주시 파평면 금파리	경기도 파주시 파평면 금파리	4148036026
경기도 파주시 파평면 눌노리	경기도 파주시 파평면 눌노리	4148036028
경기도 파주시 파평면 덕천리	경기도 파주시 파평면 덕천리	4148036021
경기도 파주시 파평면 두포리	경기도 파주시 파평면 두포리	4148036022
경기도 파주시 파평면 마산리	경기도 파주시 파평면 마산리	4148036023
경기도 파주시 파평면 율곡리	경기도 파주시 파평면 율곡리	4148036024
경기도 파주시 파평면 장파리	경기도 파주시 파평면 장파리	4148036027
경기도 파주시 하지석동	경기도 파주시 하지석동	4148011800
경기도 평택시 가재동	경기도 평택시 가재동	4122010700
경기도 평택시 고덕면	경기도 평택시 고덕면	4122033000
경기도 평택시 고덕면 궁리	경기도 평택시 고덕면 궁리	4122033026
경기도 평택시 고덕면 당현리	경기도 평택시 고덕면 당현리	4122033021
경기도 평택시 고덕면 동고리	경기도 평택시 고덕면 동고리	4122033027
경기도 평택시 고덕면 동청리	경기도 평택시 고덕면 동청리	4122033024
경기도 평택시 고덕면 두릉리	경기도 평택시 고덕면 두릉리	4122033022
경기도 평택시 고덕면 문곡리	경기도 평택시 고덕면 문곡리	4122033023
경기도 평택시 고덕면 방축리	경기도 평택시 고덕면 방축리	4122033028
경기도 평택시 고덕면 여염리	경기도 평택시 고덕면 여염리	4122033029
경기도 평택시 고덕면 율포리	경기도 평택시 고덕면 율포리	4122033030
경기도 평택시 고덕면 좌교리	경기도 평택시 고덕면 좌교리	4122033031
경기도 평택시 고덕면 해창리	경기도 평택시 고덕면 해창리	4122033025
경기도 평택시 군문동	경기도 평택시 군문동	4122011500
경기도 평택시 도일동	경기도 평택시 도일동	4122010600
경기도 평택시 독곡동	경기도 평택시 독곡동	4122011100
경기도 평택시 동삭동	경기도 평택시 동삭동	4122011900
경기도 평택시 모곡동	경기도 평택시 모곡동	4122010300
경기도 평택시 비전동	경기도 평택시 비전동	4122011800
경기도 평택시 서정동	경기도 평택시 서정동	4122010100
경기도 평택시 서탄면 금각리	경기도 평택시 서탄면 금각리	4122032029
경기도 평택시 서탄면 금암리	경기도 평택시 서탄면 금암리	4122032021
경기도 평택시 서탄면 내천리	경기도 평택시 서탄면 내천리	4122032024
경기도 평택시 서탄면 마두리	경기도 평택시 서탄면 마두리	4122032025
경기도 평택시 서탄면 사리	경기도 평택시 서탄면 사리	4122032022
경기도 평택시 서탄면 수월암리	경기도 평택시 서탄면 수월암리	4122032023
경기도 평택시 서탄면 장등리	경기도 평택시 서탄면 장등리	4122032028
경기도 평택시 서탄면 적봉리	경기도 평택시 서탄면 적봉리	4122032027
경기도 평택시 서탄면 황구지리	경기도 평택시 서탄면 황구지리	4122032030
경기도 평택시 서탄면 회화리	경기도 평택시 서탄면 회화리	4122032026
경기도 평택시 세교동	경기도 평택시 세교동	4122012000
경기도 평택시 소사동	경기도 평택시 소사동	4122012300
경기도 평택시 신대동	경기도 평택시 신대동	4122012200
경기도 평택시 신장동	경기도 평택시 신장동	4122011200
경기도 평택시 안중읍 금곡리	경기도 평택시 안중읍 금곡리	4122025323
경기도 평택시 안중읍 대반리	경기도 평택시 안중읍 대반리	4122025324
경기도 평택시 안중읍 덕우리	경기도 평택시 안중읍 덕우리	4122025327
경기도 평택시 안중읍 삼정리	경기도 평택시 안중읍 삼정리	4122025325
경기도 평택시 안중읍 성해리	경기도 평택시 안중읍 성해리	4122025328
경기도 평택시 안중읍 송담리	경기도 평택시 안중읍 송담리	4122025329
경기도 평택시 안중읍 안중리	경기도 평택시 안중읍 안중리	4122025321
경기도 평택시 안중읍 용성리	경기도 평택시 안중읍 용성리	4122025326
경기도 평택시 안중읍 학현리	경기도 평택시 안중읍 학현리	4122025322
경기도 평택시 안중읍 현화리	경기도 평택시 안중읍 현화리	4122025330
경기도 평택시 오성면 교포리	경기도 평택시 오성면 교포리	4122034022
경기도 평택시 오성면 길음리	경기도 평택시 오성면 길음리	4122034027
경기도 평택시 오성면 당거리	경기도 평택시 오성면 당거리	4122034028
경기도 평택시 오성면 숙성리	경기도 평택시 오성면 숙성리	4122034021
경기도 평택시 오성면 신리	경기도 평택시 오성면 신리	4122034023
경기도 평택시 오성면 안화리	경기도 평택시 오성면 안화리	4122034024
경기도 평택시 오성면 양교리	경기도 평택시 오성면 양교리	4122034025
경기도 평택시 오성면 죽리	경기도 평택시 오성면 죽리	4122034026
경기도 평택시 오성면 창내리	경기도 평택시 오성면 창내리	4122034029
경기도 평택시 용이동	경기도 평택시 용이동	4122012400
경기도 평택시 월곡동	경기도 평택시 월곡동	4122012500
경기도 평택시 유천동	경기도 평택시 유천동	4122011600
경기도 평택시 이충동	경기도 평택시 이충동	4122010900
경기도 평택시 장당동	경기도 평택시 장당동	4122010200
경기도 평택시 장안동	경기도 평택시 장안동	4122010800
경기도 평택시 죽백동	경기도 평택시 죽백동	4122012700
경기도 평택시 지산동	경기도 평택시 지산동	4122011000
경기도 평택시 지제동	경기도 평택시 지제동	4122012100
경기도 평택시 진위면 가곡리	경기도 평택시 진위면 가곡리	4122031029
경기도 평택시 진위면 갈곶리	경기도 평택시 진위면 갈곶리	4122031027
경기도 평택시 진위면 견산리	경기도 평택시 진위면 견산리	4122031030
경기도 평택시 진위면 고현리	경기도 평택시 진위면 고현리	4122031025
경기도 평택시 진위면 동천리	경기도 평택시 진위면 동천리	4122031024
경기도 평택시 진위면 마산리	경기도 평택시 진위면 마산리	4122031022
경기도 평택시 진위면 봉남리	경기도 평택시 진위면 봉남리	4122031021
경기도 평택시 진위면 신리	경기도 평택시 진위면 신리	4122031032
경기도 평택시 진위면 야막리	경기도 평택시 진위면 야막리	4122031028
경기도 평택시 진위면 은산리	경기도 평택시 진위면 은산리	4122031023
경기도 평택시 진위면 청호리	경기도 평택시 진위면 청호리	4122031026
경기도 평택시 진위면 하북리	경기도 평택시 진위면 하북리	4122031031
경기도 평택시 청룡동	경기도 평택시 청룡동	4122012600
경기도 평택시 청북읍 고렴리	경기도 평택시 청북읍 고렴리	4122025932
경기도 평택시 청북읍 고잔리	경기도 평택시 청북읍 고잔리	4122025923
경기도 평택시 청북읍 백봉리	경기도 평택시 청북읍 백봉리	4122025927
경기도 평택시 청북읍 삼계리	경기도 평택시 청북읍 삼계리	4122025922
경기도 평택시 청북읍 어소리	경기도 평택시 청북읍 어소리	4122025931
경기도 평택시 청북읍 어연리	경기도 평택시 청북읍 어연리	4122025928
경기도 평택시 청북읍 옥길리	경기도 평택시 청북읍 옥길리	4122025924
경기도 평택시 청북읍 율북리	경기도 평택시 청북읍 율북리	4122025929
경기도 평택시 청북읍 토진리	경기도 평택시 청북읍 토진리	4122025926
경기도 평택시 청북읍 한산리	경기도 평택시 청북읍 한산리	4122025930
경기도 평택시 청북읍 현곡리	경기도 평택시 청북읍 현곡리	4122025921
경기도 평택시 청북읍 후사리	경기도 평택시 청북읍 후사리	4122025925
경기도 평택시 칠괴동	경기도 평택시 칠괴동	4122010400
경기도 평택시 칠원동	경기도 평택시 칠원동	4122010500
경기도 평택시 통복동	경기도 평택시 통복동	4122011400
경기도 평택시 팽성읍 객사리	경기도 평택시 팽성읍 객사리	4122025021
경기도 평택시 팽성읍 근내리	경기도 평택시 팽성읍 근내리	4122025029
경기도 평택시 팽성읍 남산리	경기도 평택시 팽성읍 남산리	4122025022
경기도 평택시 팽성읍 내리	경기도 평택시 팽성읍 내리	4122025043
경기도 평택시 팽성읍 노성리	경기도 평택시 팽성읍 노성리	4122025037
경기도 평택시 팽성읍 노양리	경기도 평택시 팽성읍 노양리	4122025036
경기도 평택시 팽성읍 노와리	경기도 평택시 팽성읍 노와리	4122025024
경기도 평택시 팽성읍 대사리	경기도 평택시 팽성읍 대사리	4122025040
경기도 평택시 팽성읍 도두리	경기도 평택시 팽성읍 도두리	4122025032
경기도 평택시 팽성읍 동창리	경기도 평택시 팽성읍 동창리	4122025042
경기도 평택시 팽성읍 두리	경기도 평택시 팽성읍 두리	4122025027
경기도 평택시 팽성읍 두정리	경기도 평택시 팽성읍 두정리	4122025038
경기도 평택시 팽성읍 본정리	경기도 평택시 팽성읍 본정리	4122025035
경기도 평택시 팽성읍 석근리	경기도 평택시 팽성읍 석근리	4122025039
경기도 평택시 팽성읍 석봉리	경기도 평택시 팽성읍 석봉리	4122025030
경기도 평택시 팽성읍 송화리	경기도 평택시 팽성읍 송화리	4122025045
경기도 평택시 팽성읍 신궁리	경기도 평택시 팽성읍 신궁리	4122025026
경기도 평택시 팽성읍 신대리	경기도 평택시 팽성읍 신대리	4122025034
경기도 평택시 팽성읍 신호리	경기도 평택시 팽성읍 신호리	4122025028
경기도 평택시 팽성읍 안정리	경기도 평택시 팽성읍 안정리	4122025041
경기도 평택시 팽성읍 원정리	경기도 평택시 팽성읍 원정리	4122025031
경기도 평택시 팽성읍 추팔리	경기도 평택시 팽성읍 추팔리	4122025023
경기도 평택시 팽성읍 평궁리	경기도 평택시 팽성읍 평궁리	4122025025
경기도 평택시 팽성읍 함정리	경기도 평택시 팽성읍 함정리	4122025033
경기도 평택시 평택동	경기도 평택시 평택동	4122011300
경기도 평택시 포승읍 내기리	경기도 평택시 포승읍 내기리	4122025621
경기도 평택시 포승읍 도곡리	경기도 평택시 포승읍 도곡리	4122025622
경기도 평택시 포승읍 만호리	경기도 평택시 포승읍 만호리	4122025624
경기도 평택시 포승읍 방림리	경기도 평택시 포승읍 방림리	4122025627
경기도 평택시 포승읍 석정리	경기도 평택시 포승읍 석정리	4122025628
경기도 평택시 포승읍 신영리	경기도 평택시 포승읍 신영리	4122025626
경기도 평택시 포승읍 원정리	경기도 평택시 포승읍 원정리	4122025623
경기도 평택시 포승읍 홍원리	경기도 평택시 포승읍 홍원리	4122025629
경기도 평택시 포승읍 희곡리	경기도 평택시 포승읍 희곡리	4122025625
경기도 평택시 합정동	경기도 평택시 합정동	4122011700
경기도 평택시 현덕면 권관리	경기도 평택시 현덕면 권관리	4122037030
경기도 평택시 현덕면 기산리	경기도 평택시 현덕면 기산리	4122037029
경기도 평택시 현덕면 대안리	경기도 평택시 현덕면 대안리	4122037028
경기도 평택시 현덕면 덕목리	경기도 평택시 현덕면 덕목리	4122037026
경기도 평택시 현덕면 도대리	경기도 평택시 현덕면 도대리	4122037021
경기도 평택시 현덕면 방축리	경기도 평택시 현덕면 방축리	4122037032
경기도 평택시 현덕면 신왕리	경기도 평택시 현덕면 신왕리	4122037027
경기도 평택시 현덕면 운정리	경기도 평택시 현덕면 운정리	4122037022
경기도 평택시 현덕면 인광리	경기도 평택시 현덕면 인광리	4122037025
경기도 평택시 현덕면 장수리	경기도 평택시 현덕면 장수리	4122037031
경기도 평택시 현덕면 화양리	경기도 평택시 현덕면 화양리	4122037023
경기도 평택시 현덕면 황산리	경기도 평택시 현덕면 황산리	4122037024
경기도 포천시 가산면 가산리	경기도 포천시 가산면 가산리	4165033024
경기도 포천시 가산면 감암리	경기도 포천시 가산면 감암리	4165033022
경기도 포천시 가산면 금현리	경기도 포천시 가산면 금현리	4165033026
경기도 포천시 가산면 마산리	경기도 포천시 가산면 마산리	4165033021
경기도 포천시 가산면 마전리	경기도 포천시 가산면 마전리	4165033028
경기도 포천시 가산면 방축리	경기도 포천시 가산면 방축리	4165033023
경기도 포천시 가산면 우금리	경기도 포천시 가산면 우금리	4165033027
경기도 포천시 가산면 정교리	경기도 포천시 가산면 정교리	4165033025
경기도 포천시 관인면 냉정리	경기도 포천시 관인면 냉정리	4165040025
경기도 포천시 관인면 사정리	경기도 포천시 관인면 사정리	4165040026
경기도 포천시 관인면 삼율리	경기도 포천시 관인면 삼율리	4165040022
경기도 포천시 관인면 중리	경기도 포천시 관인면 중리	4165040021
경기도 포천시 관인면 초과리	경기도 포천시 관인면 초과리	4165040023
경기도 포천시 관인면 탄동리	경기도 포천시 관인면 탄동리	4165040024
경기도 포천시 군내면 구읍리	경기도 포천시 군내면 구읍리	4165031021
경기도 포천시 군내면 명산리	경기도 포천시 군내면 명산리	4165031025
경기도 포천시 군내면 상성북리	경기도 포천시 군내면 상성북리	4165031027
경기도 포천시 군내면 용정리	경기도 포천시 군내면 용정리	4165031022
경기도 포천시 군내면 유교리	경기도 포천시 군내면 유교리	4165031023
경기도 포천시 군내면 좌의리	경기도 포천시 군내면 좌의리	4165031024
경기도 포천시 군내면 직두리	경기도 포천시 군내면 직두리	4165031026
경기도 포천시 군내면 하성북리	경기도 포천시 군내면 하성북리	4165031028
경기도 포천시 내촌면 내리	경기도 포천시 내촌면 내리	4165032024
경기도 포천시 내촌면 마명리	경기도 포천시 내촌면 마명리	4165032022
경기도 포천시 내촌면 소학리	경기도 포천시 내촌면 소학리	4165032025
경기도 포천시 내촌면 신팔리	경기도 포천시 내촌면 신팔리	4165032026
경기도 포천시 내촌면 음현리	경기도 포천시 내촌면 음현리	4165032023
경기도 포천시 내촌면 진목리	경기도 포천시 내촌면 진목리	4165032021
경기도 포천시 동교동	경기도 포천시 동교동	4165010600
경기도 포천시 선단동	경기도 포천시 선단동	4165010400
경기도 포천시 설운동	경기도 포천시 설운동	4165010500
경기도 포천시 소흘읍 고모리	경기도 포천시 소흘읍 고모리	4165025026
경기도 포천시 소흘읍 무림리	경기도 포천시 소흘읍 무림리	4165025023
경기도 포천시 소흘읍 무봉리	경기도 포천시 소흘읍 무봉리	4165025029
경기도 포천시 소흘읍 송우리	경기도 포천시 소흘읍 송우리	4165025021
경기도 포천시 소흘읍 이가팔리	경기도 포천시 소흘읍 이가팔리	4165025027
경기도 포천시 소흘읍 이곡리	경기도 포천시 소흘읍 이곡리	4165025024
경기도 포천시 소흘읍 이동교리	경기도 포천시 소흘읍 이동교리	4165025022
경기도 포천시 소흘읍 직동리	경기도 포천시 소흘읍 직동리	4165025025
경기도 포천시 소흘읍 초가팔리	경기도 포천시 소흘읍 초가팔리	4165025028
경기도 포천시 신북면 가채리	경기도 포천시 신북면 가채리	4165034021
경기도 포천시 신북면 갈월리	경기도 포천시 신북면 갈월리	4165034030
경기도 포천시 신북면 계류리	경기도 포천시 신북면 계류리	4165034026
경기도 포천시 신북면 고일리	경기도 포천시 신북면 고일리	4165034027
경기도 포천시 신북면 금동리	경기도 포천시 신북면 금동리	4165034031
경기도 포천시 신북면 기지리	경기도 포천시 신북면 기지리	4165034022
경기도 포천시 신북면 덕둔리	경기도 포천시 신북면 덕둔리	4165034032
경기도 포천시 신북면 만세교리	경기도 포천시 신북면 만세교리	4165034024
경기도 포천시 신북면 삼성당리	경기도 포천시 신북면 삼성당리	4165034028
경기도 포천시 신북면 삼정리	경기도 포천시 신북면 삼정리	4165034029
경기도 포천시 신북면 신평리	경기도 포천시 신북면 신평리	4165034023
경기도 포천시 신북면 심곡리	경기도 포천시 신북면 심곡리	4165034025
경기도 포천시 신읍동	경기도 포천시 신읍동	4165010100
경기도 포천시 어룡동	경기도 포천시 어룡동	4165010200
경기도 포천시 영북면 대회산리	경기도 포천시 영북면 대회산리	4165039026
경기도 포천시 영북면 문암리	경기도 포천시 영북면 문암리	4165039025
경기도 포천시 영북면 산정리	경기도 포천시 영북면 산정리	4165039023
경기도 포천시 영북면 소회산리	경기도 포천시 영북면 소회산리	4165039027
경기도 포천시 영북면 야미리	경기도 포천시 영북면 야미리	4165039024
경기도 포천시 영북면 운천리	경기도 포천시 영북면 운천리	4165039021
경기도 포천시 영북면 자일리	경기도 포천시 영북면 자일리	4165039022
경기도 포천시 영중면 거사리	경기도 포천시 영중면 거사리	4165036023
경기도 포천시 영중면 금주리	경기도 포천시 영중면 금주리	4165036022
경기도 포천시 영중면 성동리	경기도 포천시 영중면 성동리	4165036024
경기도 포천시 영중면 양문리	경기도 포천시 영중면 양문리	4165036021
경기도 포천시 영중면 영송리	경기도 포천시 영중면 영송리	4165036026
경기도 포천시 영중면 영평리	경기도 포천시 영중면 영평리	4165036025
경기도 포천시 이동면 노곡리	경기도 포천시 이동면 노곡리	4165038024
경기도 포천시 이동면 도평리	경기도 포천시 이동면 도평리	4165038022
경기도 포천시 이동면 연곡리	경기도 포천시 이동면 연곡리	4165038023
경기도 포천시 이동면 장암리	경기도 포천시 이동면 장암리	4165038021
경기도 포천시 일동면 기산리	경기도 포천시 일동면 기산리	4165037023
경기도 포천시 일동면 길명리	경기도 포천시 일동면 길명리	4165037021
경기도 포천시 일동면 사직리	경기도 포천시 일동면 사직리	4165037025
경기도 포천시 일동면 수입리	경기도 포천시 일동면 수입리	4165037026
경기도 포천시 일동면 유동리	경기도 포천시 일동면 유동리	4165037022
경기도 포천시 일동면 화대리	경기도 포천시 일동면 화대리	4165037024
경기도 포천시 자작동	경기도 포천시 자작동	4165010300
경기도 포천시 창수면 가양리	경기도 포천시 창수면 가양리	4165035023
경기도 포천시 창수면 고소성리	경기도 포천시 창수면 고소성리	4165035025
경기도 포천시 창수면 오가리	경기도 포천시 창수면 오가리	4165035024
경기도 포천시 창수면 운산리	경기도 포천시 창수면 운산리	4165035026
경기도 포천시 창수면 주원리	경기도 포천시 창수면 주원리	4165035022
경기도 포천시 창수면 추동리	경기도 포천시 창수면 추동리	4165035021
경기도 포천시 화현면 명덕리	경기도 포천시 화현면 명덕리	4165041022
경기도 포천시 화현면 지현리	경기도 포천시 화현면 지현리	4165041023
경기도 포천시 화현면 화현리	경기도 포천시 화현면 화현리	4165041021
경기도 하남시 감북동	경기도 하남시 감북동	4145011300
경기도 하남시 감이동	경기도 하남시 감이동	4145011500
경기도 하남시 감일동	경기도 하남시 감일동	4145011400
경기도 하남시 광암동	경기도 하남시 광암동	4145012400
경기도 하남시 교산동	경기도 하남시 교산동	4145011700
경기도 하남시 덕풍동	경기도 하남시 덕풍동	4145010800
경기도 하남시 망월동	경기도 하남시 망월동	4145010900
경기도 하남시 미사동	경기도 하남시 미사동	4145011100
경기도 하남시 배알미동	경기도 하남시 배알미동	4145010400
경기도 하남시 상사창동	경기도 하남시 상사창동	4145012000
경기도 하남시 상산곡동	경기도 하남시 상산곡동	4145010500
경기도 하남시 선동	경기도 하남시 선동	4145011200
경기도 하남시 신장동	경기도 하남시 신장동	4145010600
경기도 하남시 창우동	경기도 하남시 창우동	4145010300
경기도 하남시 천현동	경기도 하남시 천현동	4145010100
경기도 하남시 초이동	경기도 하남시 초이동	4145012300
경기도 하남시 초일동	경기도 하남시 초일동	4145012200
경기도 하남시 춘궁동	경기도 하남시 춘궁동	4145011800
경기도 하남시 풍산동	경기도 하남시 풍산동	4145011000
경기도 하남시 하사창동	경기도 하남시 하사창동	4145011900
경기도 하남시 하산곡동	경기도 하남시 하산곡동	4145010200
경기도 하남시 학암동	경기도 하남시 학암동	4145011600
경기도 하남시 항동	경기도 하남시 항동	4145012100
경기도 화성시 금곡동	경기도 화성시 금곡동	4159013900
경기도 화성시 기산동	경기도 화성시 기산동	4159011900
경기도 화성시 기안동	경기도 화성시 기안동	4159012400
경기도 화성시 남양읍 남양리	경기도 화성시 남양읍 남양리	4159026221
경기도 화성시 남양읍 무송리	경기도 화성시 남양읍 무송리	4159026227
경기도 화성시 남양읍 문호리	경기도 화성시 남양읍 문호리	4159026233
경기도 화성시 남양읍 북양리	경기도 화성시 남양읍 북양리	4159026228
경기도 화성시 남양읍 송림리	경기도 화성시 남양읍 송림리	4159026229
경기도 화성시 남양읍 수화리	경기도 화성시 남양읍 수화리	4159026230
경기도 화성시 남양읍 시리	경기도 화성시 남양읍 시리	4159026234
경기도 화성시 남양읍 신남리	경기도 화성시 남양읍 신남리	4159026222
경기도 화성시 남양읍 신외리	경기도 화성시 남양읍 신외리	4159026232
경기도 화성시 남양읍 안석리	경기도 화성시 남양읍 안석리	4159026224
경기도 화성시 남양읍 온석리	경기도 화성시 남양읍 온석리	4159026226
경기도 화성시 남양읍 원천리	경기도 화성시 남양읍 원천리	4159026235
경기도 화성시 남양읍 장덕리	경기도 화성시 남양읍 장덕리	4159026223
경기도 화성시 남양읍 장전리	경기도 화성시 남양읍 장전리	4159026231
경기도 화성시 남양읍 활초리	경기도 화성시 남양읍 활초리	4159026225
경기도 화성시 능동	경기도 화성시 능동	4159011800
경기도 화성시 마도면 고모리	경기도 화성시 마도면 고모리	4159033030
경기도 화성시 마도면 금당리	경기도 화성시 마도면 금당리	4159033029
경기도 화성시 마도면 두곡리	경기도 화성시 마도면 두곡리	4159033022
경기도 화성시 마도면 백곡리	경기도 화성시 마도면 백곡리	4159033028
경기도 화성시 마도면 석교리	경기도 화성시 마도면 석교리	4159033021
경기도 화성시 마도면 송정리	경기도 화성시 마도면 송정리	4159033023
경기도 화성시 마도면 슬항리	경기도 화성시 마도면 슬항리	4159033026
경기도 화성시 마도면 쌍송리	경기도 화성시 마도면 쌍송리	4159033024
경기도 화성시 마도면 청원리	경기도 화성시 마도면 청원리	4159033025
경기도 화성시 마도면 해문리	경기도 화성시 마도면 해문리	4159033027
경기도 화성시 매송면 송라리	경기도 화성시 매송면 송라리	4159031026
경기도 화성시 매송면 숙곡리	경기도 화성시 매송면 숙곡리	4159031024
경기도 화성시 매송면 야목리	경기도 화성시 매송면 야목리	4159031025
경기도 화성시 매송면 어천리	경기도 화성시 매송면 어천리	4159031023
경기도 화성시 매송면 원리	경기도 화성시 매송면 원리	4159031027
경기도 화성시 매송면 원평리	경기도 화성시 매송면 원평리	4159031022
경기도 화성시 매송면 천천리	경기도 화성시 매송면 천천리	4159031021
경기도 화성시 목동	경기도 화성시 목동	4159013400
경기도 화성시 반송동	경기도 화성시 반송동	4159012700
경기도 화성시 반월동	경기도 화성시 반월동	4159012000
경기도 화성시 반정동	경기도 화성시 반정동	4159012100
경기도 화성시 방교동	경기도 화성시 방교동	4159013800
경기도 화성시 배양동	경기도 화성시 배양동	4159012300
경기도 화성시 병점동	경기도 화성시 병점동	4159011700
경기도 화성시 봉담읍 내리	경기도 화성시 봉담읍 내리	4159025322
경기도 화성시 봉담읍 당하리	경기도 화성시 봉담읍 당하리	4159025330
경기도 화성시 봉담읍 덕리	경기도 화성시 봉담읍 덕리	4159025333
경기도 화성시 봉담읍 덕우리	경기도 화성시 봉담읍 덕우리	4159025334
경기도 화성시 봉담읍 동화리	경기도 화성시 봉담읍 동화리	4159025324
경기도 화성시 봉담읍 마하리	경기도 화성시 봉담읍 마하리	4159025331
경기도 화성시 봉담읍 분천리	경기도 화성시 봉담읍 분천리	4159025327
경기도 화성시 봉담읍 상기리	경기도 화성시 봉담읍 상기리	4159025336
경기도 화성시 봉담읍 상리	경기도 화성시 봉담읍 상리	4159025321
경기도 화성시 봉담읍 세곡리	경기도 화성시 봉담읍 세곡리	4159025329
경기도 화성시 봉담읍 수기리	경기도 화성시 봉담읍 수기리	4159025326
경기도 화성시 봉담읍 수영리	경기도 화성시 봉담읍 수영리	4159025323
경기도 화성시 봉담읍 와우리	경기도 화성시 봉담읍 와우리	4159025325
경기도 화성시 봉담읍 왕림리	경기도 화성시 봉담읍 왕림리	4159025328
경기도 화성시 봉담읍 유리	경기도 화성시 봉담읍 유리	4159025332
경기도 화성시 봉담읍 하가등리	경기도 화성시 봉담읍 하가등리	4159025335
경기도 화성시 비봉면 구포리	경기도 화성시 비봉면 구포리	4159032025
경기도 화성시 비봉면 남전리	경기도 화성시 비봉면 남전리	4159032022
경기도 화성시 비봉면 삼화리	경기도 화성시 비봉면 삼화리	4159032024
경기도 화성시 비봉면 쌍학리	경기도 화성시 비봉면 쌍학리	4159032026
경기도 화성시 비봉면 양노리	경기도 화성시 비봉면 양노리	4159032021
경기도 화성시 비봉면 유포리	경기도 화성시 비봉면 유포리	4159032023
경기도 화성시 비봉면 자안리	경기도 화성시 비봉면 자안리	4159032028
경기도 화성시 비봉면 청요리	경기도 화성시 비봉면 청요리	4159032027
경기도 화성시 산척동	경기도 화성시 산척동	4159013500
경기도 화성시 새솔동	경기도 화성시 새솔동	4159014000
경기도 화성시 서신면 광평리	경기도 화성시 서신면 광평리	4159035023
경기도 화성시 서신면 궁평리	경기도 화성시 서신면 궁평리	4159035031
경기도 화성시 서신면 매화리	경기도 화성시 서신면 매화리	4159035029
경기도 화성시 서신면 백미리	경기도 화성시 서신면 백미리	4159035032
경기도 화성시 서신면 사곳리	경기도 화성시 서신면 사곳리	4159035028
경기도 화성시 서신면 상안리	경기도 화성시 서신면 상안리	4159035022
경기도 화성시 서신면 송교리	경기도 화성시 서신면 송교리	4159035025
경기도 화성시 서신면 용두리	경기도 화성시 서신면 용두리	4159035030
경기도 화성시 서신면 장외리	경기도 화성시 서신면 장외리	4159035024
경기도 화성시 서신면 전곡리	경기도 화성시 서신면 전곡리	4159035021
경기도 화성시 서신면 제부리	경기도 화성시 서신면 제부리	4159035026
경기도 화성시 서신면 홍법리	경기도 화성시 서신면 홍법리	4159035027
경기도 화성시 석우동	경기도 화성시 석우동	4159012800
경기도 화성시 송동	경기도 화성시 송동	4159013700
경기도 화성시 송산동	경기도 화성시 송산동	4159012500
경기도 화성시 송산면	경기도 화성시 송산면	4159034000
경기도 화성시 송산면 고정리	경기도 화성시 송산면 고정리	4159034025
경기도 화성시 송산면 고포리	경기도 화성시 송산면 고포리	4159034031
경기도 화성시 송산면 독지리	경기도 화성시 송산면 독지리	4159034029
경기도 화성시 송산면 마산리	경기도 화성시 송산면 마산리	4159034030
경기도 화성시 송산면 봉가리	경기도 화성시 송산면 봉가리	4159034022
경기도 화성시 송산면 사강리	경기도 화성시 송산면 사강리	4159034021
경기도 화성시 송산면 삼존리	경기도 화성시 송산면 삼존리	4159034023
경기도 화성시 송산면 신천리	경기도 화성시 송산면 신천리	4159034028
경기도 화성시 송산면 쌍정리	경기도 화성시 송산면 쌍정리	4159034026
경기도 화성시 송산면 용포리	경기도 화성시 송산면 용포리	4159034024
경기도 화성시 송산면 육일리	경기도 화성시 송산면 육일리	4159034034
경기도 화성시 송산면 중송리	경기도 화성시 송산면 중송리	4159034033
경기도 화성시 송산면 지화리	경기도 화성시 송산면 지화리	4159034032
경기도 화성시 송산면 천등리	경기도 화성시 송산면 천등리	4159034027
경기도 화성시 송산면 칠곡리	경기도 화성시 송산면 칠곡리	4159034035
경기도 화성시 신동	경기도 화성시 신동	4159013300
경기도 화성시 안녕동	경기도 화성시 안녕동	4159012600
경기도 화성시 양감면 대양리	경기도 화성시 양감면 대양리	4159040027
경기도 화성시 양감면 사창리	경기도 화성시 양감면 사창리	4159040022
경기도 화성시 양감면 송산리	경기도 화성시 양감면 송산리	4159040024
경기도 화성시 양감면 신왕리	경기도 화성시 양감면 신왕리	4159040021
경기도 화성시 양감면 요당리	경기도 화성시 양감면 요당리	4159040026
경기도 화성시 양감면 용소리	경기도 화성시 양감면 용소리	4159040025
경기도 화성시 양감면 정문리	경기도 화성시 양감면 정문리	4159040023
경기도 화성시 영천동	경기도 화성시 영천동	4159013100
경기도 화성시 오산동	경기도 화성시 오산동	4159012900
경기도 화성시 우정읍 국화리	경기도 화성시 우정읍 국화리	4159025633
경기도 화성시 우정읍 매향리	경기도 화성시 우정읍 매향리	4159025630
경기도 화성시 우정읍 멱우리	경기도 화성시 우정읍 멱우리	4159025625
경기도 화성시 우정읍 석천리	경기도 화성시 우정읍 석천리	4159025629
경기도 화성시 우정읍 운평리	경기도 화성시 우정읍 운평리	4159025623
경기도 화성시 우정읍 원안리	경기도 화성시 우정읍 원안리	4159025621
경기도 화성시 우정읍 이화리	경기도 화성시 우정읍 이화리	4159025628
경기도 화성시 우정읍 조암리	경기도 화성시 우정읍 조암리	4159025632
경기도 화성시 우정읍 주곡리	경기도 화성시 우정읍 주곡리	4159025627
경기도 화성시 우정읍 한각리	경기도 화성시 우정읍 한각리	4159025624
경기도 화성시 우정읍 호곡리	경기도 화성시 우정읍 호곡리	4159025622
경기도 화성시 우정읍 화산리	경기도 화성시 우정읍 화산리	4159025631
경기도 화성시 우정읍 화수리	경기도 화성시 우정읍 화수리	4159025626
경기도 화성시 장안면 금의리	경기도 화성시 장안면 금의리	4159037028
경기도 화성시 장안면 노진리	경기도 화성시 장안면 노진리	4159037030
경기도 화성시 장안면 덕다리	경기도 화성시 장안면 덕다리	4159037026
경기도 화성시 장안면 독정리	경기도 화성시 장안면 독정리	4159037024
경기도 화성시 장안면 사곡리	경기도 화성시 장안면 사곡리	4159037029
경기도 화성시 장안면 사랑리	경기도 화성시 장안면 사랑리	4159037027
경기도 화성시 장안면 석포리	경기도 화성시 장안면 석포리	4159037022
경기도 화성시 장안면 수촌리	경기도 화성시 장안면 수촌리	4159037023
경기도 화성시 장안면 어은리	경기도 화성시 장안면 어은리	4159037021
경기도 화성시 장안면 장안리	경기도 화성시 장안면 장안리	4159037025
경기도 화성시 장지동	경기도 화성시 장지동	4159013600
경기도 화성시 정남면 계향리	경기도 화성시 정남면 계향리	4159041029
경기도 화성시 정남면 고지리	경기도 화성시 정남면 고지리	4159041038
경기도 화성시 정남면 관항리	경기도 화성시 정남면 관항리	4159041024
경기도 화성시 정남면 괘랑리	경기도 화성시 정남면 괘랑리	4159041022
경기도 화성시 정남면 귀래리	경기도 화성시 정남면 귀래리	4159041030
경기도 화성시 정남면 금복리	경기도 화성시 정남면 금복리	4159041037
경기도 화성시 정남면 내리	경기도 화성시 정남면 내리	4159041036
경기도 화성시 정남면 덕절리	경기도 화성시 정남면 덕절리	4159041032
경기도 화성시 정남면 망월리	경기도 화성시 정남면 망월리	4159041034
경기도 화성시 정남면 문학리	경기도 화성시 정남면 문학리	4159041027
경기도 화성시 정남면 발산리	경기도 화성시 정남면 발산리	4159041021
경기도 화성시 정남면 백리	경기도 화성시 정남면 백리	4159041026
경기도 화성시 정남면 보통리	경기도 화성시 정남면 보통리	4159041023
경기도 화성시 정남면 수면리	경기도 화성시 정남면 수면리	4159041035
경기도 화성시 정남면 신리	경기도 화성시 정남면 신리	4159041028
경기도 화성시 정남면 오일리	경기도 화성시 정남면 오일리	4159041025
경기도 화성시 정남면 용수리	경기도 화성시 정남면 용수리	4159041039
경기도 화성시 정남면 음양리	경기도 화성시 정남면 음양리	4159041033
경기도 화성시 정남면 제기리	경기도 화성시 정남면 제기리	4159041031
경기도 화성시 중동	경기도 화성시 중동	4159013200
경기도 화성시 진안동	경기도 화성시 진안동	4159011600
경기도 화성시 청계동	경기도 화성시 청계동	4159013000
경기도 화성시 팔탄면 가재리	경기도 화성시 팔탄면 가재리	4159036024
경기도 화성시 팔탄면 고주리	경기도 화성시 팔탄면 고주리	4159036034
경기도 화성시 팔탄면 구장리	경기도 화성시 팔탄면 구장리	4159036025
경기도 화성시 팔탄면 기천리	경기도 화성시 팔탄면 기천리	4159036023
경기도 화성시 팔탄면 노하리	경기도 화성시 팔탄면 노하리	4159036027
경기도 화성시 팔탄면 덕우리	경기도 화성시 팔탄면 덕우리	4159036030
경기도 화성시 팔탄면 덕천리	경기도 화성시 팔탄면 덕천리	4159036028
경기도 화성시 팔탄면 매곡리	경기도 화성시 팔탄면 매곡리	4159036035
경기도 화성시 팔탄면 서근리	경기도 화성시 팔탄면 서근리	4159036031
경기도 화성시 팔탄면 월문리	경기도 화성시 팔탄면 월문리	4159036032
경기도 화성시 팔탄면 율암리	경기도 화성시 팔탄면 율암리	4159036026
경기도 화성시 팔탄면 지월리	경기도 화성시 팔탄면 지월리	4159036029
경기도 화성시 팔탄면 창곡리	경기도 화성시 팔탄면 창곡리	4159036022
경기도 화성시 팔탄면 하저리	경기도 화성시 팔탄면 하저리	4159036021
경기도 화성시 팔탄면 해창리	경기도 화성시 팔탄면 해창리	4159036036
경기도 화성시 팔탄면 화당리	경기도 화성시 팔탄면 화당리	4159036033
경기도 화성시 향남읍 갈천리	경기도 화성시 향남읍 갈천리	4159025933
경기도 화성시 향남읍 관리	경기도 화성시 향남읍 관리	4159025937
경기도 화성시 향남읍 구문천리	경기도 화성시 향남읍 구문천리	4159025925
경기도 화성시 향남읍 길성리	경기도 화성시 향남읍 길성리	4159025930
경기도 화성시 향남읍 도이리	경기도 화성시 향남읍 도이리	4159025938
경기도 화성시 향남읍 동오리	경기도 화성시 향남읍 동오리	4159025936
경기도 화성시 향남읍 발안리	경기도 화성시 향남읍 발안리	4159025922
경기도 화성시 향남읍 방축리	경기도 화성시 향남읍 방축리	4159025940
경기도 화성시 향남읍 백토리	경기도 화성시 향남읍 백토리	4159025929
경기도 화성시 향남읍 상두리	경기도 화성시 향남읍 상두리	4159025928
경기도 화성시 향남읍 상신리	경기도 화성시 향남읍 상신리	4159025924
경기도 화성시 향남읍 송곡리	경기도 화성시 향남읍 송곡리	4159025935
경기도 화성시 향남읍 수직리	경기도 화성시 향남읍 수직리	4159025932
경기도 화성시 향남읍 요리	경기도 화성시 향남읍 요리	4159025931
경기도 화성시 향남읍 장짐리	경기도 화성시 향남읍 장짐리	4159025941
경기도 화성시 향남읍 제암리	경기도 화성시 향남읍 제암리	4159025923
경기도 화성시 향남읍 증거리	경기도 화성시 향남읍 증거리	4159025934
경기도 화성시 향남읍 평리	경기도 화성시 향남읍 평리	4159025921
경기도 화성시 향남읍 하길리	경기도 화성시 향남읍 하길리	4159025926
경기도 화성시 향남읍 행정리	경기도 화성시 향남읍 행정리	4159025939
경기도 화성시 향남읍 화리현리	경기도 화성시 향남읍 화리현리	4159025927
경기도 화성시 황계동	경기도 화성시 황계동	4159012200
경상남도 거제시 거제면 남동리	경상남도 거제시 거제면 남동리	4831034028
경상남도 거제시 거제면 내간리	경상남도 거제시 거제면 내간리	4831034023
경상남도 거제시 거제면 동상리	경상남도 거제시 거제면 동상리	4831034029
경상남도 거제시 거제면 명진리	경상남도 거제시 거제면 명진리	4831034031
경상남도 거제시 거제면 법동리	경상남도 거제시 거제면 법동리	4831034021
경상남도 거제시 거제면 서상리	경상남도 거제시 거제면 서상리	4831034027
경상남도 거제시 거제면 서정리	경상남도 거제시 거제면 서정리	4831034026
경상남도 거제시 거제면 소랑리	경상남도 거제시 거제면 소랑리	4831034032
경상남도 거제시 거제면 오수리	경상남도 거제시 거제면 오수리	4831034030
경상남도 거제시 거제면 옥산리	경상남도 거제시 거제면 옥산리	4831034025
경상남도 거제시 거제면 외간리	경상남도 거제시 거제면 외간리	4831034024
경상남도 거제시 고현동	경상남도 거제시 고현동	4831010900
경상남도 거제시 남부면 갈곶리	경상남도 거제시 남부면 갈곶리	4831033025
경상남도 거제시 남부면 다대리	경상남도 거제시 남부면 다대리	4831033024
경상남도 거제시 남부면 다포리	경상남도 거제시 남부면 다포리	4831033023
경상남도 거제시 남부면 저구리	경상남도 거제시 남부면 저구리	4831033022
경상남도 거제시 남부면 탑포리	경상남도 거제시 남부면 탑포리	4831033021
경상남도 거제시 능포동	경상남도 거제시 능포동	4831010100
경상남도 거제시 덕포동	경상남도 거제시 덕포동	4831010700
경상남도 거제시 동부면 가배리	경상남도 거제시 동부면 가배리	4831032026
경상남도 거제시 동부면 구천리	경상남도 거제시 동부면 구천리	4831032023
경상남도 거제시 동부면 부춘리	경상남도 거제시 동부면 부춘리	4831032024
경상남도 거제시 동부면 산양리	경상남도 거제시 동부면 산양리	4831032022
경상남도 거제시 동부면 산촌리	경상남도 거제시 동부면 산촌리	4831032021
경상남도 거제시 동부면 오송리	경상남도 거제시 동부면 오송리	4831032025
경상남도 거제시 동부면 율포리	경상남도 거제시 동부면 율포리	4831032027
경상남도 거제시 동부면 학동리	경상남도 거제시 동부면 학동리	4831032028
경상남도 거제시 두모동	경상남도 거제시 두모동	4831010300
경상남도 거제시 둔덕면 거림리	경상남도 거제시 둔덕면 거림리	4831035023
경상남도 거제시 둔덕면 방하리	경상남도 거제시 둔덕면 방하리	4831035025
경상남도 거제시 둔덕면 산방리	경상남도 거제시 둔덕면 산방리	4831035024
경상남도 거제시 둔덕면 상둔리	경상남도 거제시 둔덕면 상둔리	4831035021
경상남도 거제시 둔덕면 술역리	경상남도 거제시 둔덕면 술역리	4831035028
경상남도 거제시 둔덕면 시목리	경상남도 거제시 둔덕면 시목리	4831035022
경상남도 거제시 둔덕면 어구리	경상남도 거제시 둔덕면 어구리	4831035027
경상남도 거제시 둔덕면 하둔리	경상남도 거제시 둔덕면 하둔리	4831035026
경상남도 거제시 둔덕면 학산리	경상남도 거제시 둔덕면 학산리	4831035029
경상남도 거제시 문동동	경상남도 거제시 문동동	4831011100
경상남도 거제시 사등면 덕호리	경상남도 거제시 사등면 덕호리	4831036027
경상남도 거제시 사등면 사곡리	경상남도 거제시 사등면 사곡리	4831036021
경상남도 거제시 사등면 사등리	경상남도 거제시 사등면 사등리	4831036022
경상남도 거제시 사등면 성포리	경상남도 거제시 사등면 성포리	4831036023
경상남도 거제시 사등면 오량리	경상남도 거제시 사등면 오량리	4831036026
경상남도 거제시 사등면 지석리	경상남도 거제시 사등면 지석리	4831036024
경상남도 거제시 사등면 창호리	경상남도 거제시 사등면 창호리	4831036028
경상남도 거제시 사등면 청곡리	경상남도 거제시 사등면 청곡리	4831036025
경상남도 거제시 삼거동	경상남도 거제시 삼거동	4831011200
경상남도 거제시 상동동	경상남도 거제시 상동동	4831011000
경상남도 거제시 수월동	경상남도 거제시 수월동	4831011400
경상남도 거제시 아양동	경상남도 거제시 아양동	4831010400
경상남도 거제시 아주동	경상남도 거제시 아주동	4831010500
경상남도 거제시 양정동	경상남도 거제시 양정동	4831011300
경상남도 거제시 연초면 다공리	경상남도 거제시 연초면 다공리	4831037025
경상남도 거제시 연초면 덕치리	경상남도 거제시 연초면 덕치리	4831037026
경상남도 거제시 연초면 명동리	경상남도 거제시 연초면 명동리	4831037027
경상남도 거제시 연초면 송정리	경상남도 거제시 연초면 송정리	4831037030
경상남도 거제시 연초면 연사리	경상남도 거제시 연초면 연사리	4831037023
경상남도 거제시 연초면 오비리	경상남도 거제시 연초면 오비리	4831037022
경상남도 거제시 연초면 이목리	경상남도 거제시 연초면 이목리	4831037028
경상남도 거제시 연초면 죽토리	경상남도 거제시 연초면 죽토리	4831037024
경상남도 거제시 연초면 천곡리	경상남도 거제시 연초면 천곡리	4831037029
경상남도 거제시 연초면 한내리	경상남도 거제시 연초면 한내리	4831037021
경상남도 거제시 옥포동	경상남도 거제시 옥포동	4831010600
경상남도 거제시 일운면 구조라리	경상남도 거제시 일운면 구조라리	4831031022
경상남도 거제시 일운면 망치리	경상남도 거제시 일운면 망치리	4831031021
경상남도 거제시 일운면 소동리	경상남도 거제시 일운면 소동리	4831031025
경상남도 거제시 일운면 옥림리	경상남도 거제시 일운면 옥림리	4831031026
경상남도 거제시 일운면 와현리	경상남도 거제시 일운면 와현리	4831031023
경상남도 거제시 일운면 지세포리	경상남도 거제시 일운면 지세포리	4831031024
경상남도 거제시 장목면 관포리	경상남도 거제시 장목면 관포리	4831039025
경상남도 거제시 장목면 구영리	경상남도 거제시 장목면 구영리	4831039021
경상남도 거제시 장목면 농소리	경상남도 거제시 장목면 농소리	4831039023
경상남도 거제시 장목면 대금리	경상남도 거제시 장목면 대금리	4831039028
경상남도 거제시 장목면 송진포리	경상남도 거제시 장목면 송진포리	4831039024
경상남도 거제시 장목면 시방리	경상남도 거제시 장목면 시방리	4831039030
경상남도 거제시 장목면 외포리	경상남도 거제시 장목면 외포리	4831039029
경상남도 거제시 장목면 유호리	경상남도 거제시 장목면 유호리	4831039022
경상남도 거제시 장목면 율천리	경상남도 거제시 장목면 율천리	4831039027
경상남도 거제시 장목면 장목리	경상남도 거제시 장목면 장목리	4831039026
경상남도 거제시 장승포동	경상남도 거제시 장승포동	4831010200
경상남도 거제시 장평동	경상남도 거제시 장평동	4831010800
경상남도 거제시 하청면 대곡리	경상남도 거제시 하청면 대곡리	4831038027
경상남도 거제시 하청면 덕곡리	경상남도 거제시 하청면 덕곡리	4831038022
경상남도 거제시 하청면 석포리	경상남도 거제시 하청면 석포리	4831038021
경상남도 거제시 하청면 실전리	경상남도 거제시 하청면 실전리	4831038025
경상남도 거제시 하청면 어온리	경상남도 거제시 하청면 어온리	4831038026
경상남도 거제시 하청면 연구리	경상남도 거제시 하청면 연구리	4831038028
경상남도 거제시 하청면 유계리	경상남도 거제시 하청면 유계리	4831038023
경상남도 거제시 하청면 하청리	경상남도 거제시 하청면 하청리	4831038024
경상남도 거창군 가북면 몽석리	경상남도 거창군 가북면 몽석리	4888041026
경상남도 거창군 가북면 박암리	경상남도 거창군 가북면 박암리	4888041027
경상남도 거창군 가북면 용산리	경상남도 거창군 가북면 용산리	4888041021
경상남도 거창군 가북면 용암리	경상남도 거창군 가북면 용암리	4888041025
경상남도 거창군 가북면 우혜리	경상남도 거창군 가북면 우혜리	4888041022
경상남도 거창군 가북면 중촌리	경상남도 거창군 가북면 중촌리	4888041023
경상남도 거창군 가북면 해평리	경상남도 거창군 가북면 해평리	4888041024
경상남도 거창군 가조면 기리	경상남도 거창군 가조면 기리	4888040022
경상남도 거창군 가조면 대초리	경상남도 거창군 가조면 대초리	4888040021
경상남도 거창군 가조면 도리	경상남도 거창군 가조면 도리	4888040026
경상남도 거창군 가조면 동례리	경상남도 거창군 가조면 동례리	4888040030
경상남도 거창군 가조면 마상리	경상남도 거창군 가조면 마상리	4888040028
경상남도 거창군 가조면 사병리	경상남도 거창군 가조면 사병리	4888040024
경상남도 거창군 가조면 석강리	경상남도 거창군 가조면 석강리	4888040023
경상남도 거창군 가조면 수월리	경상남도 거창군 가조면 수월리	4888040029
경상남도 거창군 가조면 일부리	경상남도 거창군 가조면 일부리	4888040025
경상남도 거창군 가조면 장기리	경상남도 거창군 가조면 장기리	4888040027
경상남도 거창군 거창읍 가지리	경상남도 거창군 거창읍 가지리	4888025031
경상남도 거창군 거창읍 김천리	경상남도 거창군 거창읍 김천리	4888025025
경상남도 거창군 거창읍 대동리	경상남도 거창군 거창읍 대동리	4888025023
경상남도 거창군 거창읍 대평리	경상남도 거창군 거창읍 대평리	4888025024
경상남도 거창군 거창읍 동변리	경상남도 거창군 거창읍 동변리	4888025029
경상남도 거창군 거창읍 상림리	경상남도 거창군 거창읍 상림리	4888025021
경상남도 거창군 거창읍 서변리	경상남도 거창군 거창읍 서변리	4888025030
경상남도 거창군 거창읍 송정리	경상남도 거창군 거창읍 송정리	4888025026
경상남도 거창군 거창읍 양평리	경상남도 거창군 거창읍 양평리	4888025032
경상남도 거창군 거창읍 장팔리	경상남도 거창군 거창읍 장팔리	4888025027
경상남도 거창군 거창읍 정장리	경상남도 거창군 거창읍 정장리	4888025028
경상남도 거창군 거창읍 중앙리	경상남도 거창군 거창읍 중앙리	4888025022
경상남도 거창군 거창읍 학리	경상남도 거창군 거창읍 학리	4888025033
경상남도 거창군 고제면 개명리	경상남도 거창군 고제면 개명리	4888033021
경상남도 거창군 고제면 궁항리	경상남도 거창군 고제면 궁항리	4888033025
경상남도 거창군 고제면 농산리	경상남도 거창군 고제면 농산리	4888033024
경상남도 거창군 고제면 봉계리	경상남도 거창군 고제면 봉계리	4888033023
경상남도 거창군 고제면 봉산리	경상남도 거창군 고제면 봉산리	4888033022
경상남도 거창군 남상면 대산리	경상남도 거창군 남상면 대산리	4888037022
경상남도 거창군 남상면 둔동리	경상남도 거창군 남상면 둔동리	4888037023
경상남도 거창군 남상면 무촌리	경상남도 거창군 남상면 무촌리	4888037021
경상남도 거창군 남상면 송변리	경상남도 거창군 남상면 송변리	4888037025
경상남도 거창군 남상면 오계리	경상남도 거창군 남상면 오계리	4888037027
경상남도 거창군 남상면 월평리	경상남도 거창군 남상면 월평리	4888037024
경상남도 거창군 남상면 임불리	경상남도 거창군 남상면 임불리	4888037028
경상남도 거창군 남상면 전척리	경상남도 거창군 남상면 전척리	4888037026
경상남도 거창군 남상면 진목리	경상남도 거창군 남상면 진목리	4888037030
경상남도 거창군 남상면 춘전리	경상남도 거창군 남상면 춘전리	4888037029
경상남도 거창군 남하면 대야리	경상남도 거창군 남하면 대야리	4888038025
경상남도 거창군 남하면 둔마리	경상남도 거창군 남하면 둔마리	4888038023
경상남도 거창군 남하면 무릉리	경상남도 거창군 남하면 무릉리	4888038021
경상남도 거창군 남하면 양항리	경상남도 거창군 남하면 양항리	4888038022
경상남도 거창군 남하면 지산리	경상남도 거창군 남하면 지산리	4888038024
경상남도 거창군 마리면 고학리	경상남도 거창군 마리면 고학리	4888036023
경상남도 거창군 마리면 대동리	경상남도 거창군 마리면 대동리	4888036025
경상남도 거창군 마리면 말흘리	경상남도 거창군 마리면 말흘리	4888036021
경상남도 거창군 마리면 영승리	경상남도 거창군 마리면 영승리	4888036022
경상남도 거창군 마리면 월계리	경상남도 거창군 마리면 월계리	4888036027
경상남도 거창군 마리면 율리	경상남도 거창군 마리면 율리	4888036024
경상남도 거창군 마리면 하고리	경상남도 거창군 마리면 하고리	4888036026
경상남도 거창군 북상면 갈계리	경상남도 거창군 북상면 갈계리	4888034022
경상남도 거창군 북상면 농산리	경상남도 거창군 북상면 농산리	4888034023
경상남도 거창군 북상면 병곡리	경상남도 거창군 북상면 병곡리	4888034021
경상남도 거창군 북상면 산수리	경상남도 거창군 북상면 산수리	4888034026
경상남도 거창군 북상면 소정리	경상남도 거창군 북상면 소정리	4888034025
경상남도 거창군 북상면 월성리	경상남도 거창군 북상면 월성리	4888034024
경상남도 거창군 북상면 창선리	경상남도 거창군 북상면 창선리	4888034027
경상남도 거창군 신원면 과정리	경상남도 거창군 신원면 과정리	4888039026
경상남도 거창군 신원면 구사리	경상남도 거창군 신원면 구사리	4888039025
경상남도 거창군 신원면 대현리	경상남도 거창군 신원면 대현리	4888039024
경상남도 거창군 신원면 덕산리	경상남도 거창군 신원면 덕산리	4888039028
경상남도 거창군 신원면 수원리	경상남도 거창군 신원면 수원리	4888039021
경상남도 거창군 신원면 양지리	경상남도 거창군 신원면 양지리	4888039027
경상남도 거창군 신원면 와룡리	경상남도 거창군 신원면 와룡리	4888039022
경상남도 거창군 신원면 중유리	경상남도 거창군 신원면 중유리	4888039029
경상남도 거창군 신원면 청수리	경상남도 거창군 신원면 청수리	4888039023
경상남도 거창군 웅양면 군암리	경상남도 거창군 웅양면 군암리	4888032024
경상남도 거창군 웅양면 노현리	경상남도 거창군 웅양면 노현리	4888032027
경상남도 거창군 웅양면 동호리	경상남도 거창군 웅양면 동호리	4888032025
경상남도 거창군 웅양면 산포리	경상남도 거창군 웅양면 산포리	4888032026
경상남도 거창군 웅양면 신촌리	경상남도 거창군 웅양면 신촌리	4888032021
경상남도 거창군 웅양면 죽림리	경상남도 거창군 웅양면 죽림리	4888032023
경상남도 거창군 웅양면 한기리	경상남도 거창군 웅양면 한기리	4888032022
경상남도 거창군 위천면 강천리	경상남도 거창군 위천면 강천리	4888035025
경상남도 거창군 위천면 남산리	경상남도 거창군 위천면 남산리	4888035022
경상남도 거창군 위천면 당산리	경상남도 거창군 위천면 당산리	4888035024
경상남도 거창군 위천면 모동리	경상남도 거창군 위천면 모동리	4888035026
경상남도 거창군 위천면 상천리	경상남도 거창군 위천면 상천리	4888035023
경상남도 거창군 위천면 장기리	경상남도 거창군 위천면 장기리	4888035021
경상남도 거창군 위천면 황산리	경상남도 거창군 위천면 황산리	4888035028
경상남도 거창군 주상면 거기리	경상남도 거창군 주상면 거기리	4888031023
경상남도 거창군 주상면 남산리	경상남도 거창군 주상면 남산리	4888031022
경상남도 거창군 주상면 내오리	경상남도 거창군 주상면 내오리	4888031027
경상남도 거창군 주상면 도평리	경상남도 거창군 주상면 도평리	4888031024
경상남도 거창군 주상면 성기리	경상남도 거창군 주상면 성기리	4888031021
경상남도 거창군 주상면 연교리	경상남도 거창군 주상면 연교리	4888031025
경상남도 거창군 주상면 완대리	경상남도 거창군 주상면 완대리	4888031026
경상남도 고성군 개천면 가천리	경상남도 고성군 개천면 가천리	4882038023
경상남도 고성군 개천면 나선리	경상남도 고성군 개천면 나선리	4882038022
경상남도 고성군 개천면 명성리	경상남도 고성군 개천면 명성리	4882038027
경상남도 고성군 개천면 봉치리	경상남도 고성군 개천면 봉치리	4882038024
경상남도 고성군 개천면 북평리	경상남도 고성군 개천면 북평리	4882038026
경상남도 고성군 개천면 예성리	경상남도 고성군 개천면 예성리	4882038028
경상남도 고성군 개천면 용안리	경상남도 고성군 개천면 용안리	4882038025
경상남도 고성군 개천면 좌연리	경상남도 고성군 개천면 좌연리	4882038029
경상남도 고성군 개천면 청광리	경상남도 고성군 개천면 청광리	4882038021
경상남도 고성군 거류면 가려리	경상남도 고성군 거류면 가려리	4882043025
경상남도 고성군 거류면 감서리	경상남도 고성군 거류면 감서리	4882043029
경상남도 고성군 거류면 거산리	경상남도 고성군 거류면 거산리	4882043024
경상남도 고성군 거류면 당동리	경상남도 고성군 거류면 당동리	4882043021
경상남도 고성군 거류면 송산리	경상남도 고성군 거류면 송산리	4882043026
경상남도 고성군 거류면 신용리	경상남도 고성군 거류면 신용리	4882043022
경상남도 고성군 거류면 용산리	경상남도 고성군 거류면 용산리	4882043028
경상남도 고성군 거류면 은월리	경상남도 고성군 거류면 은월리	4882043027
경상남도 고성군 거류면 화당리	경상남도 고성군 거류면 화당리	4882043023
경상남도 고성군 고성읍 교사리	경상남도 고성군 고성읍 교사리	4882025027
경상남도 고성군 고성읍 기월리	경상남도 고성군 고성읍 기월리	4882025026
경상남도 고성군 고성읍 대독리	경상남도 고성군 고성읍 대독리	4882025037
경상남도 고성군 고성읍 대평리	경상남도 고성군 고성읍 대평리	4882025030
경상남도 고성군 고성읍 덕선리	경상남도 고성군 고성읍 덕선리	4882025029
경상남도 고성군 고성읍 동외리	경상남도 고성군 고성읍 동외리	4882025024
경상남도 고성군 고성읍 무량리	경상남도 고성군 고성읍 무량리	4882025028
경상남도 고성군 고성읍 서외리	경상남도 고성군 고성읍 서외리	4882025022
경상남도 고성군 고성읍 성내리	경상남도 고성군 고성읍 성내리	4882025021
경상남도 고성군 고성읍 송학리	경상남도 고성군 고성읍 송학리	4882025025
경상남도 고성군 고성읍 수남리	경상남도 고성군 고성읍 수남리	4882025023
경상남도 고성군 고성읍 신월리	경상남도 고성군 고성읍 신월리	4882025035
경상남도 고성군 고성읍 우산리	경상남도 고성군 고성읍 우산리	4882025031
경상남도 고성군 고성읍 월평리	경상남도 고성군 고성읍 월평리	4882025034
경상남도 고성군 고성읍 율대리	경상남도 고성군 고성읍 율대리	4882025033
경상남도 고성군 고성읍 이당리	경상남도 고성군 고성읍 이당리	4882025036
경상남도 고성군 고성읍 죽계리	경상남도 고성군 고성읍 죽계리	4882025032
경상남도 고성군 구만면 광덕리	경상남도 고성군 구만면 광덕리	4882039026
경상남도 고성군 구만면 용와리	경상남도 고성군 구만면 용와리	4882039025
경상남도 고성군 구만면 저연리	경상남도 고성군 구만면 저연리	4882039024
경상남도 고성군 구만면 주평리	경상남도 고성군 구만면 주평리	4882039022
경상남도 고성군 구만면 화림리	경상남도 고성군 구만면 화림리	4882039023
경상남도 고성군 구만면 효락리	경상남도 고성군 구만면 효락리	4882039021
경상남도 고성군 대가면 갈천리	경상남도 고성군 대가면 갈천리	4882035028
경상남도 고성군 대가면 금산리	경상남도 고성군 대가면 금산리	4882035022
경상남도 고성군 대가면 송계리	경상남도 고성군 대가면 송계리	4882035027
경상남도 고성군 대가면 신전리	경상남도 고성군 대가면 신전리	4882035029
경상남도 고성군 대가면 암전리	경상남도 고성군 대가면 암전리	4882035023
경상남도 고성군 대가면 양화리	경상남도 고성군 대가면 양화리	4882035025
경상남도 고성군 대가면 연지리	경상남도 고성군 대가면 연지리	4882035026
경상남도 고성군 대가면 유흥리	경상남도 고성군 대가면 유흥리	4882035024
경상남도 고성군 대가면 척정리	경상남도 고성군 대가면 척정리	4882035021
경상남도 고성군 동해면 내곡리	경상남도 고성군 동해면 내곡리	4882042029
경상남도 고성군 동해면 내산리	경상남도 고성군 동해면 내산리	4882042024
경상남도 고성군 동해면 봉암리	경상남도 고성군 동해면 봉암리	4882042027
경상남도 고성군 동해면 양촌리	경상남도 고성군 동해면 양촌리	4882042022
경상남도 고성군 동해면 외곡리	경상남도 고성군 동해면 외곡리	4882042028
경상남도 고성군 동해면 외산리	경상남도 고성군 동해면 외산리	4882042023
경상남도 고성군 동해면 용정리	경상남도 고성군 동해면 용정리	4882042025
경상남도 고성군 동해면 장기리	경상남도 고성군 동해면 장기리	4882042021
경상남도 고성군 동해면 장좌리	경상남도 고성군 동해면 장좌리	4882042026
경상남도 고성군 마암면 도전리	경상남도 고성군 마암면 도전리	4882041025
경상남도 고성군 마암면 두호리	경상남도 고성군 마암면 두호리	4882041021
경상남도 고성군 마암면 보전리	경상남도 고성군 마암면 보전리	4882041023
경상남도 고성군 마암면 삼락리	경상남도 고성군 마암면 삼락리	4882041022
경상남도 고성군 마암면 석마리	경상남도 고성군 마암면 석마리	4882041029
경상남도 고성군 마암면 성전리	경상남도 고성군 마암면 성전리	4882041027
경상남도 고성군 마암면 신리	경상남도 고성군 마암면 신리	4882041028
경상남도 고성군 마암면 장산리	경상남도 고성군 마암면 장산리	4882041026
경상남도 고성군 마암면 화산리	경상남도 고성군 마암면 화산리	4882041024
경상남도 고성군 삼산면 두포리	경상남도 고성군 삼산면 두포리	4882031022
경상남도 고성군 삼산면 미룡리	경상남도 고성군 삼산면 미룡리	4882031023
경상남도 고성군 삼산면 병산리	경상남도 고성군 삼산면 병산리	4882031021
경상남도 고성군 삼산면 삼봉리	경상남도 고성군 삼산면 삼봉리	4882031024
경상남도 고성군 삼산면 장치리	경상남도 고성군 삼산면 장치리	4882031025
경상남도 고성군 삼산면 판곡리	경상남도 고성군 삼산면 판곡리	4882031026
경상남도 고성군 상리면 고봉리	경상남도 고성군 상리면 고봉리	4882034022
경상남도 고성군 상리면 동산리	경상남도 고성군 상리면 동산리	4882034025
경상남도 고성군 상리면 망림리	경상남도 고성군 상리면 망림리	4882034026
경상남도 고성군 상리면 무선리	경상남도 고성군 상리면 무선리	4882034027
경상남도 고성군 상리면 부포리	경상남도 고성군 상리면 부포리	4882034029
경상남도 고성군 상리면 신촌리	경상남도 고성군 상리면 신촌리	4882034023
경상남도 고성군 상리면 오산리	경상남도 고성군 상리면 오산리	4882034024
경상남도 고성군 상리면 자은리	경상남도 고성군 상리면 자은리	4882034028
경상남도 고성군 상리면 척번정리	경상남도 고성군 상리면 척번정리	4882034021
경상남도 고성군 영오면 성곡리	경상남도 고성군 영오면 성곡리	4882037025
경상남도 고성군 영오면 양산리	경상남도 고성군 영오면 양산리	4882037027
경상남도 고성군 영오면 연당리	경상남도 고성군 영오면 연당리	4882037026
경상남도 고성군 영오면 영대리	경상남도 고성군 영오면 영대리	4882037021
경상남도 고성군 영오면 영산리	경상남도 고성군 영오면 영산리	4882037024
경상남도 고성군 영오면 오동리	경상남도 고성군 영오면 오동리	4882037023
경상남도 고성군 영오면 오서리	경상남도 고성군 영오면 오서리	4882037022
경상남도 고성군 영현면 대법리	경상남도 고성군 영현면 대법리	4882036024
경상남도 고성군 영현면 봉림리	경상남도 고성군 영현면 봉림리	4882036026
경상남도 고성군 영현면 봉발리	경상남도 고성군 영현면 봉발리	4882036023
경상남도 고성군 영현면 신분리	경상남도 고성군 영현면 신분리	4882036027
경상남도 고성군 영현면 연화리	경상남도 고성군 영현면 연화리	4882036028
경상남도 고성군 영현면 영부리	경상남도 고성군 영현면 영부리	4882036025
경상남도 고성군 영현면 추계리	경상남도 고성군 영현면 추계리	4882036022
경상남도 고성군 영현면 침점리	경상남도 고성군 영현면 침점리	4882036021
경상남도 고성군 하이면 덕명리	경상남도 고성군 하이면 덕명리	4882033022
경상남도 고성군 하이면 덕호리	경상남도 고성군 하이면 덕호리	4882033021
경상남도 고성군 하이면 봉원리	경상남도 고성군 하이면 봉원리	4882033028
경상남도 고성군 하이면 봉현리	경상남도 고성군 하이면 봉현리	4882033027
경상남도 고성군 하이면 사곡리	경상남도 고성군 하이면 사곡리	4882033024
경상남도 고성군 하이면 석지리	경상남도 고성군 하이면 석지리	4882033025
경상남도 고성군 하이면 와룡리	경상남도 고성군 하이면 와룡리	4882033026
경상남도 고성군 하이면 월흥리	경상남도 고성군 하이면 월흥리	4882033023
경상남도 고성군 하일면 동화리	경상남도 고성군 하일면 동화리	4882032027
경상남도 고성군 하일면 송천리	경상남도 고성군 하일면 송천리	4882032024
경상남도 고성군 하일면 수양리	경상남도 고성군 하일면 수양리	4882032022
경상남도 고성군 하일면 오방리	경상남도 고성군 하일면 오방리	4882032025
경상남도 고성군 하일면 용태리	경상남도 고성군 하일면 용태리	4882032023
경상남도 고성군 하일면 춘암리	경상남도 고성군 하일면 춘암리	4882032026
경상남도 고성군 하일면 학림리	경상남도 고성군 하일면 학림리	4882032021
경상남도 고성군 회화면 녹명리	경상남도 고성군 회화면 녹명리	4882040026
경상남도 고성군 회화면 당항리	경상남도 고성군 회화면 당항리	4882040022
경상남도 고성군 회화면 배둔리	경상남도 고성군 회화면 배둔리	4882040021
경상남도 고성군 회화면 봉동리	경상남도 고성군 회화면 봉동리	4882040023
경상남도 고성군 회화면 삼덕리	경상남도 고성군 회화면 삼덕리	4882040025
경상남도 고성군 회화면 어신리	경상남도 고성군 회화면 어신리	4882040024
경상남도 김해시 강동	경상남도 김해시 강동	4825011600
경상남도 김해시 관동동	경상남도 김해시 관동동	4825013000
경상남도 김해시 구산동	경상남도 김해시 구산동	4825010600
경상남도 김해시 내덕동	경상남도 김해시 내덕동	4825012400
경상남도 김해시 내동	경상남도 김해시 내동	4825010800
경상남도 김해시 대동면 괴정리	경상남도 김해시 대동면 괴정리	4825037026
경상남도 김해시 대동면 대감리	경상남도 김해시 대동면 대감리	4825037027
경상남도 김해시 대동면 덕산리	경상남도 김해시 대동면 덕산리	4825037028
경상남도 김해시 대동면 수안리	경상남도 김해시 대동면 수안리	4825037021
경상남도 김해시 대동면 예안리	경상남도 김해시 대동면 예안리	4825037024
경상남도 김해시 대동면 월촌리	경상남도 김해시 대동면 월촌리	4825037029
경상남도 김해시 대동면 조눌리	경상남도 김해시 대동면 조눌리	4825037030
경상남도 김해시 대동면 주동리	경상남도 김해시 대동면 주동리	4825037023
경상남도 김해시 대동면 주중리	경상남도 김해시 대동면 주중리	4825037022
경상남도 김해시 대동면 초정리	경상남도 김해시 대동면 초정리	4825037025
경상남도 김해시 대성동	경상남도 김해시 대성동	4825010500
경상남도 김해시 대청동	경상남도 김해시 대청동	4825012900
경상남도 김해시 동상동	경상남도 김해시 동상동	4825010100
경상남도 김해시 명법동	경상남도 김해시 명법동	4825011200
경상남도 김해시 무계동	경상남도 김해시 무계동	4825012600
경상남도 김해시 봉황동	경상남도 김해시 봉황동	4825010400
경상남도 김해시 부곡동	경상남도 김해시 부곡동	4825012500
경상남도 김해시 부원동	경상남도 김해시 부원동	4825010300
경상남도 김해시 불암동	경상남도 김해시 불암동	4825012200
경상남도 김해시 삼계동	경상남도 김해시 삼계동	4825010700
경상남도 김해시 삼문동	경상남도 김해시 삼문동	4825012800
경상남도 김해시 삼방동	경상남도 김해시 삼방동	4825011900
경상남도 김해시 삼정동	경상남도 김해시 삼정동	4825011700
경상남도 김해시 상동면 감노리	경상남도 김해시 상동면 감노리	4825036023
경상남도 김해시 상동면 대감리	경상남도 김해시 상동면 대감리	4825036021
경상남도 김해시 상동면 매리	경상남도 김해시 상동면 매리	4825036022
경상남도 김해시 상동면 묵방리	경상남도 김해시 상동면 묵방리	4825036026
경상남도 김해시 상동면 여차리	경상남도 김해시 상동면 여차리	4825036024
경상남도 김해시 상동면 우계리	경상남도 김해시 상동면 우계리	4825036025
경상남도 김해시 생림면 나전리	경상남도 김해시 생림면 나전리	4825035021
경상남도 김해시 생림면 도요리	경상남도 김해시 생림면 도요리	4825035028
경상남도 김해시 생림면 마사리	경상남도 김해시 생림면 마사리	4825035025
경상남도 김해시 생림면 봉림리	경상남도 김해시 생림면 봉림리	4825035023
경상남도 김해시 생림면 사촌리	경상남도 김해시 생림면 사촌리	4825035022
경상남도 김해시 생림면 생림리	경상남도 김해시 생림면 생림리	4825035024
경상남도 김해시 생림면 생철리	경상남도 김해시 생림면 생철리	4825035026
경상남도 김해시 생림면 안양리	경상남도 김해시 생림면 안양리	4825035027
경상남도 김해시 서상동	경상남도 김해시 서상동	4825010200
경상남도 김해시 수가동	경상남도 김해시 수가동	4825013400
경상남도 김해시 신문동	경상남도 김해시 신문동	4825012700
경상남도 김해시 안동	경상남도 김해시 안동	4825012000
경상남도 김해시 어방동	경상남도 김해시 어방동	4825011800
경상남도 김해시 외동	경상남도 김해시 외동	4825010900
경상남도 김해시 유하동	경상남도 김해시 유하동	4825012300
경상남도 김해시 율하동	경상남도 김해시 율하동	4825013100
경상남도 김해시 응달동	경상남도 김해시 응달동	4825013300
경상남도 김해시 이동	경상남도 김해시 이동	4825011300
경상남도 김해시 장유동	경상남도 김해시 장유동	4825013200
경상남도 김해시 전하동	경상남도 김해시 전하동	4825011500
경상남도 김해시 주촌면	경상남도 김해시 주촌면	4825032000
경상남도 김해시 주촌면 내삼리	경상남도 김해시 주촌면 내삼리	4825032025
경상남도 김해시 주촌면 농소리	경상남도 김해시 주촌면 농소리	4825032028
경상남도 김해시 주촌면 덕암리	경상남도 김해시 주촌면 덕암리	4825032023
경상남도 김해시 주촌면 망덕리	경상남도 김해시 주촌면 망덕리	4825032027
경상남도 김해시 주촌면 선지리	경상남도 김해시 주촌면 선지리	4825032021
경상남도 김해시 주촌면 양동리	경상남도 김해시 주촌면 양동리	4825032026
경상남도 김해시 주촌면 원지리	경상남도 김해시 주촌면 원지리	4825032022
경상남도 김해시 주촌면 천곡리	경상남도 김해시 주촌면 천곡리	4825032024
경상남도 김해시 지내동	경상남도 김해시 지내동	4825012100
경상남도 김해시 진례면 고모리	경상남도 김해시 진례면 고모리	4825033030
경상남도 김해시 진례면 담안리	경상남도 김해시 진례면 담안리	4825033029
경상남도 김해시 진례면 산본리	경상남도 김해시 진례면 산본리	4825033026
경상남도 김해시 진례면 송정리	경상남도 김해시 진례면 송정리	4825033023
경상남도 김해시 진례면 송현리	경상남도 김해시 진례면 송현리	4825033028
경상남도 김해시 진례면 시례리	경상남도 김해시 진례면 시례리	4825033022
경상남도 김해시 진례면 신안리	경상남도 김해시 진례면 신안리	4825033025
경상남도 김해시 진례면 신월리	경상남도 김해시 진례면 신월리	4825033027
경상남도 김해시 진례면 청천리	경상남도 김해시 진례면 청천리	4825033021
경상남도 김해시 진례면 초전리	경상남도 김해시 진례면 초전리	4825033024
경상남도 김해시 진영읍 내룡리	경상남도 김해시 진영읍 내룡리	4825025031
경상남도 김해시 진영읍 방동리	경상남도 김해시 진영읍 방동리	4825025023
경상남도 김해시 진영읍 본산리	경상남도 김해시 진영읍 본산리	4825025028
경상남도 김해시 진영읍 사산리	경상남도 김해시 진영읍 사산리	4825025024
경상남도 김해시 진영읍 설창리	경상남도 김해시 진영읍 설창리	4825025030
경상남도 김해시 진영읍 신용리	경상남도 김해시 진영읍 신용리	4825025029
경상남도 김해시 진영읍 여래리	경상남도 김해시 진영읍 여래리	4825025027
경상남도 김해시 진영읍 우동리	경상남도 김해시 진영읍 우동리	4825025021
경상남도 김해시 진영읍 의전리	경상남도 김해시 진영읍 의전리	4825025033
경상남도 김해시 진영읍 좌곤리	경상남도 김해시 진영읍 좌곤리	4825025025
경상남도 김해시 진영읍 죽곡리	경상남도 김해시 진영읍 죽곡리	4825025032
경상남도 김해시 진영읍 진영리	경상남도 김해시 진영읍 진영리	4825025026
경상남도 김해시 진영읍 하계리	경상남도 김해시 진영읍 하계리	4825025022
경상남도 김해시 풍유동	경상남도 김해시 풍유동	4825011100
경상남도 김해시 한림면 가동리	경상남도 김해시 한림면 가동리	4825034030
경상남도 김해시 한림면 가산리	경상남도 김해시 한림면 가산리	4825034031
경상남도 김해시 한림면 금곡리	경상남도 김해시 한림면 금곡리	4825034032
경상남도 김해시 한림면 명동리	경상남도 김해시 한림면 명동리	4825034021
경상남도 김해시 한림면 병동리	경상남도 김해시 한림면 병동리	4825034023
경상남도 김해시 한림면 시산리	경상남도 김해시 한림면 시산리	4825034029
경상남도 김해시 한림면 신천리	경상남도 김해시 한림면 신천리	4825034024
경상남도 김해시 한림면 안곡리	경상남도 김해시 한림면 안곡리	4825034026
경상남도 김해시 한림면 안하리	경상남도 김해시 한림면 안하리	4825034027
경상남도 김해시 한림면 용덕리	경상남도 김해시 한림면 용덕리	4825034025
경상남도 김해시 한림면 장방리	경상남도 김해시 한림면 장방리	4825034028
경상남도 김해시 한림면 퇴래리	경상남도 김해시 한림면 퇴래리	4825034022
경상남도 김해시 화목동	경상남도 김해시 화목동	4825011400
경상남도 김해시 흥동	경상남도 김해시 흥동	4825011000
경상남도 남해군 고현면 갈화리	경상남도 남해군 고현면 갈화리	4884037029
경상남도 남해군 고현면 남치리	경상남도 남해군 고현면 남치리	4884037026
경상남도 남해군 고현면 대곡리	경상남도 남해군 고현면 대곡리	4884037022
경상남도 남해군 고현면 대사리	경상남도 남해군 고현면 대사리	4884037027
경상남도 남해군 고현면 도마리	경상남도 남해군 고현면 도마리	4884037023
경상남도 남해군 고현면 오곡리	경상남도 남해군 고현면 오곡리	4884037024
경상남도 남해군 고현면 이어리	경상남도 남해군 고현면 이어리	4884037021
경상남도 남해군 고현면 차면리	경상남도 남해군 고현면 차면리	4884037028
경상남도 남해군 고현면 포상리	경상남도 남해군 고현면 포상리	4884037025
경상남도 남해군 남면 당항리	경상남도 남해군 남면 당항리	4884035021
경상남도 남해군 남면 덕월리	경상남도 남해군 남면 덕월리	4884035027
경상남도 남해군 남면 상가리	경상남도 남해군 남면 상가리	4884035028
경상남도 남해군 남면 석교리	경상남도 남해군 남면 석교리	4884035022
경상남도 남해군 남면 선구리	경상남도 남해군 남면 선구리	4884035024
경상남도 남해군 남면 임포리	경상남도 남해군 남면 임포리	4884035025
경상남도 남해군 남면 죽전리	경상남도 남해군 남면 죽전리	4884035029
경상남도 남해군 남면 평산리	경상남도 남해군 남면 평산리	4884035026
경상남도 남해군 남면 홍현리	경상남도 남해군 남면 홍현리	4884035023
경상남도 남해군 남해읍 남변리	경상남도 남해군 남해읍 남변리	4884025023
경상남도 남해군 남해읍 북변리	경상남도 남해군 남해읍 북변리	4884025021
경상남도 남해군 남해읍 서변리	경상남도 남해군 남해읍 서변리	4884025022
경상남도 남해군 남해읍 선소리	경상남도 남해군 남해읍 선소리	4884025025
경상남도 남해군 남해읍 심천리	경상남도 남해군 남해읍 심천리	4884025026
경상남도 남해군 남해읍 아산리	경상남도 남해군 남해읍 아산리	4884025027
경상남도 남해군 남해읍 입현리	경상남도 남해군 남해읍 입현리	4884025030
경상남도 남해군 남해읍 차산리	경상남도 남해군 남해읍 차산리	4884025024
경상남도 남해군 남해읍 평리	경상남도 남해군 남해읍 평리	4884025029
경상남도 남해군 남해읍 평현리	경상남도 남해군 남해읍 평현리	4884025028
경상남도 남해군 미조면 미조리	경상남도 남해군 미조면 미조리	4884034022
경상남도 남해군 미조면 송정리	경상남도 남해군 미조면 송정리	4884034021
경상남도 남해군 삼동면 금송리	경상남도 남해군 삼동면 금송리	4884033023
경상남도 남해군 삼동면 동천리	경상남도 남해군 삼동면 동천리	4884033024
경상남도 남해군 삼동면 물건리	경상남도 남해군 삼동면 물건리	4884033026
경상남도 남해군 삼동면 봉화리	경상남도 남해군 삼동면 봉화리	4884033025
경상남도 남해군 삼동면 영지리	경상남도 남해군 삼동면 영지리	4884033021
경상남도 남해군 삼동면 지족리	경상남도 남해군 삼동면 지족리	4884033022
경상남도 남해군 상주면 상주리	경상남도 남해군 상주면 상주리	4884032022
경상남도 남해군 상주면 양아리	경상남도 남해군 상주면 양아리	4884032021
경상남도 남해군 서면 남상리	경상남도 남해군 서면 남상리	4884036026
경상남도 남해군 서면 노구리	경상남도 남해군 서면 노구리	4884036027
경상남도 남해군 서면 대정리	경상남도 남해군 서면 대정리	4884036022
경상남도 남해군 서면 서상리	경상남도 남해군 서면 서상리	4884036024
경상남도 남해군 서면 서호리	경상남도 남해군 서면 서호리	4884036023
경상남도 남해군 서면 연죽리	경상남도 남해군 서면 연죽리	4884036021
경상남도 남해군 서면 작장리	경상남도 남해군 서면 작장리	4884036025
경상남도 남해군 서면 정포리	경상남도 남해군 서면 정포리	4884036029
경상남도 남해군 서면 중현리	경상남도 남해군 서면 중현리	4884036028
경상남도 남해군 설천면 금음리	경상남도 남해군 설천면 금음리	4884038024
경상남도 남해군 설천면 남양리	경상남도 남해군 설천면 남양리	4884038025
경상남도 남해군 설천면 노량리	경상남도 남해군 설천면 노량리	4884038027
경상남도 남해군 설천면 덕신리	경상남도 남해군 설천면 덕신리	4884038028
경상남도 남해군 설천면 문의리	경상남도 남해군 설천면 문의리	4884038026
경상남도 남해군 설천면 문항리	경상남도 남해군 설천면 문항리	4884038023
경상남도 남해군 설천면 비란리	경상남도 남해군 설천면 비란리	4884038021
경상남도 남해군 설천면 진목리	경상남도 남해군 설천면 진목리	4884038022
경상남도 남해군 이동면 난음리	경상남도 남해군 이동면 난음리	4884031028
경상남도 남해군 이동면 다정리	경상남도 남해군 이동면 다정리	4884031021
경상남도 남해군 이동면 무림리	경상남도 남해군 이동면 무림리	4884031024
경상남도 남해군 이동면 석평리	경상남도 남해군 이동면 석평리	4884031023
경상남도 남해군 이동면 신전리	경상남도 남해군 이동면 신전리	4884031025
경상남도 남해군 이동면 용소리	경상남도 남해군 이동면 용소리	4884031027
경상남도 남해군 이동면 초음리	경상남도 남해군 이동면 초음리	4884031022
경상남도 남해군 이동면 화계리	경상남도 남해군 이동면 화계리	4884031026
경상남도 남해군 창선면 가인리	경상남도 남해군 창선면 가인리	4884039035
경상남도 남해군 창선면 광천리	경상남도 남해군 창선면 광천리	4884039027
경상남도 남해군 창선면 당저리	경상남도 남해군 창선면 당저리	4884039030
경상남도 남해군 창선면 당항리	경상남도 남해군 창선면 당항리	4884039023
경상남도 남해군 창선면 대벽리	경상남도 남해군 창선면 대벽리	4884039024
경상남도 남해군 창선면 동대리	경상남도 남해군 창선면 동대리	4884039022
경상남도 남해군 창선면 부윤리	경상남도 남해군 창선면 부윤리	4884039033
경상남도 남해군 창선면 상신리	경상남도 남해군 창선면 상신리	4884039021
경상남도 남해군 창선면 상죽리	경상남도 남해군 창선면 상죽리	4884039031
경상남도 남해군 창선면 서대리	경상남도 남해군 창선면 서대리	4884039026
경상남도 남해군 창선면 수산리	경상남도 남해군 창선면 수산리	4884039032
경상남도 남해군 창선면 오용리	경상남도 남해군 창선면 오용리	4884039034
경상남도 남해군 창선면 옥천리	경상남도 남해군 창선면 옥천리	4884039029
경상남도 남해군 창선면 율도리	경상남도 남해군 창선면 율도리	4884039025
경상남도 남해군 창선면 지족리	경상남도 남해군 창선면 지족리	4884039028
경상남도 남해군 창선면 진동리	경상남도 남해군 창선면 진동리	4884039036
경상남도 밀양시 가곡동	경상남도 밀양시 가곡동	4827010800
경상남도 밀양시 교동	경상남도 밀양시 교동	4827010300
경상남도 밀양시 남포동	경상남도 밀양시 남포동	4827010500
경상남도 밀양시 내이동	경상남도 밀양시 내이동	4827010200
경상남도 밀양시 내일동	경상남도 밀양시 내일동	4827010100
경상남도 밀양시 단장면 감물리	경상남도 밀양시 단장면 감물리	4827035026
경상남도 밀양시 단장면 고례리	경상남도 밀양시 단장면 고례리	4827035031
경상남도 밀양시 단장면 구천리	경상남도 밀양시 단장면 구천리	4827035032
경상남도 밀양시 단장면 국전리	경상남도 밀양시 단장면 국전리	4827035027
경상남도 밀양시 단장면 단장리	경상남도 밀양시 단장면 단장리	4827035022
경상남도 밀양시 단장면 무릉리	경상남도 밀양시 단장면 무릉리	4827035028
경상남도 밀양시 단장면 미촌리	경상남도 밀양시 단장면 미촌리	4827035023
경상남도 밀양시 단장면 범도리	경상남도 밀양시 단장면 범도리	4827035030
경상남도 밀양시 단장면 법흥리	경상남도 밀양시 단장면 법흥리	4827035025
경상남도 밀양시 단장면 사연리	경상남도 밀양시 단장면 사연리	4827035029
경상남도 밀양시 단장면 안법리	경상남도 밀양시 단장면 안법리	4827035024
경상남도 밀양시 단장면 태룡리	경상남도 밀양시 단장면 태룡리	4827035021
경상남도 밀양시 무안면 가례리	경상남도 밀양시 무안면 가례리	4827038039
경상남도 밀양시 무안면 고라리	경상남도 밀양시 무안면 고라리	4827038040
경상남도 밀양시 무안면 내진리	경상남도 밀양시 무안면 내진리	4827038027
경상남도 밀양시 무안면 덕암리	경상남도 밀양시 무안면 덕암리	4827038036
경상남도 밀양시 무안면 동산리	경상남도 밀양시 무안면 동산리	4827038028
경상남도 밀양시 무안면 마흘리	경상남도 밀양시 무안면 마흘리	4827038031
경상남도 밀양시 무안면 모로리	경상남도 밀양시 무안면 모로리	4827038035
경상남도 밀양시 무안면 무안리	경상남도 밀양시 무안면 무안리	4827038021
경상남도 밀양시 무안면 삼태리	경상남도 밀양시 무안면 삼태리	4827038023
경상남도 밀양시 무안면 성덕리	경상남도 밀양시 무안면 성덕리	4827038034
경상남도 밀양시 무안면 신법리	경상남도 밀양시 무안면 신법리	4827038022
경상남도 밀양시 무안면 양효리	경상남도 밀양시 무안면 양효리	4827038026
경상남도 밀양시 무안면 연상리	경상남도 밀양시 무안면 연상리	4827038033
경상남도 밀양시 무안면 운정리	경상남도 밀양시 무안면 운정리	4827038030
경상남도 밀양시 무안면 웅동리	경상남도 밀양시 무안면 웅동리	4827038038
경상남도 밀양시 무안면 정곡리	경상남도 밀양시 무안면 정곡리	4827038032
경상남도 밀양시 무안면 죽월리	경상남도 밀양시 무안면 죽월리	4827038025
경상남도 밀양시 무안면 중산리	경상남도 밀양시 무안면 중산리	4827038037
경상남도 밀양시 무안면 판곡리	경상남도 밀양시 무안면 판곡리	4827038029
경상남도 밀양시 무안면 화봉리	경상남도 밀양시 무안면 화봉리	4827038024
경상남도 밀양시 부북면 가산리	경상남도 밀양시 부북면 가산리	4827031029
경상남도 밀양시 부북면 감천리	경상남도 밀양시 부북면 감천리	4827031025
경상남도 밀양시 부북면 대항리	경상남도 밀양시 부북면 대항리	4827031030
경상남도 밀양시 부북면 덕곡리	경상남도 밀양시 부북면 덕곡리	4827031027
경상남도 밀양시 부북면 무연리	경상남도 밀양시 부북면 무연리	4827031034
경상남도 밀양시 부북면 오례리	경상남도 밀양시 부북면 오례리	4827031026
경상남도 밀양시 부북면 용지리	경상남도 밀양시 부북면 용지리	4827031036
경상남도 밀양시 부북면 운전리	경상남도 밀양시 부북면 운전리	4827031021
경상남도 밀양시 부북면 월산리	경상남도 밀양시 부북면 월산리	4827031032
경상남도 밀양시 부북면 위양리	경상남도 밀양시 부북면 위양리	4827031033
경상남도 밀양시 부북면 전사포리	경상남도 밀양시 부북면 전사포리	4827031022
경상남도 밀양시 부북면 제대리	경상남도 밀양시 부북면 제대리	4827031024
경상남도 밀양시 부북면 청운리	경상남도 밀양시 부북면 청운리	4827031028
경상남도 밀양시 부북면 춘화리	경상남도 밀양시 부북면 춘화리	4827031035
경상남도 밀양시 부북면 퇴로리	경상남도 밀양시 부북면 퇴로리	4827031031
경상남도 밀양시 부북면 후사포리	경상남도 밀양시 부북면 후사포리	4827031023
경상남도 밀양시 산내면 가인리	경상남도 밀양시 산내면 가인리	4827034025
경상남도 밀양시 산내면 남명리	경상남도 밀양시 산내면 남명리	4827034028
경상남도 밀양시 산내면 봉의리	경상남도 밀양시 산내면 봉의리	4827034022
경상남도 밀양시 산내면 삼양리	경상남도 밀양시 산내면 삼양리	4827034027
경상남도 밀양시 산내면 송백리	경상남도 밀양시 산내면 송백리	4827034021
경상남도 밀양시 산내면 용전리	경상남도 밀양시 산내면 용전리	4827034023
경상남도 밀양시 산내면 원서리	경상남도 밀양시 산내면 원서리	4827034026
경상남도 밀양시 산내면 임고리	경상남도 밀양시 산내면 임고리	4827034024
경상남도 밀양시 산외면 금곡리	경상남도 밀양시 산외면 금곡리	4827033022
경상남도 밀양시 산외면 금천리	경상남도 밀양시 산외면 금천리	4827033024
경상남도 밀양시 산외면 남기리	경상남도 밀양시 산외면 남기리	4827033025
경상남도 밀양시 산외면 다죽리	경상남도 밀양시 산외면 다죽리	4827033021
경상남도 밀양시 산외면 엄광리	경상남도 밀양시 산외면 엄광리	4827033026
경상남도 밀양시 산외면 희곡리	경상남도 밀양시 산외면 희곡리	4827033023
경상남도 밀양시 삼랑진읍 검세리	경상남도 밀양시 삼랑진읍 검세리	4827025027
경상남도 밀양시 삼랑진읍 미전리	경상남도 밀양시 삼랑진읍 미전리	4827025023
경상남도 밀양시 삼랑진읍 삼랑리	경상남도 밀양시 삼랑진읍 삼랑리	4827025024
경상남도 밀양시 삼랑진읍 송지리	경상남도 밀양시 삼랑진읍 송지리	4827025021
경상남도 밀양시 삼랑진읍 숭진리	경상남도 밀양시 삼랑진읍 숭진리	4827025031
경상남도 밀양시 삼랑진읍 안태리	경상남도 밀양시 삼랑진읍 안태리	4827025028
경상남도 밀양시 삼랑진읍 용성리	경상남도 밀양시 삼랑진읍 용성리	4827025033
경상남도 밀양시 삼랑진읍 용전리	경상남도 밀양시 삼랑진읍 용전리	4827025022
경상남도 밀양시 삼랑진읍 우곡리	경상남도 밀양시 삼랑진읍 우곡리	4827025026
경상남도 밀양시 삼랑진읍 율동리	경상남도 밀양시 삼랑진읍 율동리	4827025025
경상남도 밀양시 삼랑진읍 임천리	경상남도 밀양시 삼랑진읍 임천리	4827025030
경상남도 밀양시 삼랑진읍 청학리	경상남도 밀양시 삼랑진읍 청학리	4827025032
경상남도 밀양시 삼랑진읍 행곡리	경상남도 밀양시 삼랑진읍 행곡리	4827025029
경상남도 밀양시 삼문동	경상남도 밀양시 삼문동	4827010400
경상남도 밀양시 상남면 기산리	경상남도 밀양시 상남면 기산리	4827036021
경상남도 밀양시 상남면 남산리	경상남도 밀양시 상남면 남산리	4827036028
경상남도 밀양시 상남면 동산리	경상남도 밀양시 상남면 동산리	4827036026
경상남도 밀양시 상남면 마산리	경상남도 밀양시 상남면 마산리	4827036025
경상남도 밀양시 상남면 연금리	경상남도 밀양시 상남면 연금리	4827036023
경상남도 밀양시 상남면 예림리	경상남도 밀양시 상남면 예림리	4827036022
경상남도 밀양시 상남면 외산리	경상남도 밀양시 상남면 외산리	4827036029
경상남도 밀양시 상남면 조음리	경상남도 밀양시 상남면 조음리	4827036027
경상남도 밀양시 상남면 평촌리	경상남도 밀양시 상남면 평촌리	4827036024
경상남도 밀양시 상동면 가곡리	경상남도 밀양시 상동면 가곡리	4827032022
경상남도 밀양시 상동면 고정리	경상남도 밀양시 상동면 고정리	4827032025
경상남도 밀양시 상동면 금산리	경상남도 밀양시 상동면 금산리	4827032021
경상남도 밀양시 상동면 도곡리	경상남도 밀양시 상동면 도곡리	4827032026
경상남도 밀양시 상동면 매화리	경상남도 밀양시 상동면 매화리	4827032027
경상남도 밀양시 상동면 신곡리	경상남도 밀양시 상동면 신곡리	4827032028
경상남도 밀양시 상동면 안인리	경상남도 밀양시 상동면 안인리	4827032023
경상남도 밀양시 상동면 옥산리	경상남도 밀양시 상동면 옥산리	4827032024
경상남도 밀양시 용평동	경상남도 밀양시 용평동	4827010600
경상남도 밀양시 청도면 고법리	경상남도 밀양시 청도면 고법리	4827039026
경상남도 밀양시 청도면 구기리	경상남도 밀양시 청도면 구기리	4827039021
경상남도 밀양시 청도면 두곡리	경상남도 밀양시 청도면 두곡리	4827039023
경상남도 밀양시 청도면 소태리	경상남도 밀양시 청도면 소태리	4827039022
경상남도 밀양시 청도면 요고리	경상남도 밀양시 청도면 요고리	4827039027
경상남도 밀양시 청도면 인산리	경상남도 밀양시 청도면 인산리	4827039025
경상남도 밀양시 청도면 조천리	경상남도 밀양시 청도면 조천리	4827039024
경상남도 밀양시 초동면 검암리	경상남도 밀양시 초동면 검암리	4827037026
경상남도 밀양시 초동면 금포리	경상남도 밀양시 초동면 금포리	4827037027
경상남도 밀양시 초동면 대곡리	경상남도 밀양시 초동면 대곡리	4827037024
경상남도 밀양시 초동면 덕산리	경상남도 밀양시 초동면 덕산리	4827037031
경상남도 밀양시 초동면 명성리	경상남도 밀양시 초동면 명성리	4827037023
경상남도 밀양시 초동면 반월리	경상남도 밀양시 초동면 반월리	4827037025
경상남도 밀양시 초동면 범평리	경상남도 밀양시 초동면 범평리	4827037022
경상남도 밀양시 초동면 봉황리	경상남도 밀양시 초동면 봉황리	4827037032
경상남도 밀양시 초동면 성만리	경상남도 밀양시 초동면 성만리	4827037028
경상남도 밀양시 초동면 신월리	경상남도 밀양시 초동면 신월리	4827037030
경상남도 밀양시 초동면 신호리	경상남도 밀양시 초동면 신호리	4827037029
경상남도 밀양시 초동면 오방리	경상남도 밀양시 초동면 오방리	4827037021
경상남도 밀양시 하남읍 귀명리	경상남도 밀양시 하남읍 귀명리	4827025328
경상남도 밀양시 하남읍 남전리	경상남도 밀양시 하남읍 남전리	4827025325
경상남도 밀양시 하남읍 대사리	경상남도 밀양시 하남읍 대사리	4827025326
경상남도 밀양시 하남읍 명례리	경상남도 밀양시 하남읍 명례리	4827025322
경상남도 밀양시 하남읍 백산리	경상남도 밀양시 하남읍 백산리	4827025323
경상남도 밀양시 하남읍 수산리	경상남도 밀양시 하남읍 수산리	4827025321
경상남도 밀양시 하남읍 양동리	경상남도 밀양시 하남읍 양동리	4827025327
경상남도 밀양시 하남읍 파서리	경상남도 밀양시 하남읍 파서리	4827025324
경상남도 밀양시 활성동	경상남도 밀양시 활성동	4827010700
경상남도 사천시 곤명면 금성리	경상남도 사천시 곤명면 금성리	4824036035
경상남도 사천시 곤명면 마곡리	경상남도 사천시 곤명면 마곡리	4824036028
경상남도 사천시 곤명면 본촌리	경상남도 사천시 곤명면 본촌리	4824036034
경상남도 사천시 곤명면 봉계리	경상남도 사천시 곤명면 봉계리	4824036024
경상남도 사천시 곤명면 삼정리	경상남도 사천시 곤명면 삼정리	4824036026
경상남도 사천시 곤명면 성방리	경상남도 사천시 곤명면 성방리	4824036029
경상남도 사천시 곤명면 송림리	경상남도 사천시 곤명면 송림리	4824036031
경상남도 사천시 곤명면 신흥리	경상남도 사천시 곤명면 신흥리	4824036033
경상남도 사천시 곤명면 연평리	경상남도 사천시 곤명면 연평리	4824036036
경상남도 사천시 곤명면 용산리	경상남도 사천시 곤명면 용산리	4824036022
경상남도 사천시 곤명면 은사리	경상남도 사천시 곤명면 은사리	4824036027
경상남도 사천시 곤명면 작팔리	경상남도 사천시 곤명면 작팔리	4824036030
경상남도 사천시 곤명면 정곡리	경상남도 사천시 곤명면 정곡리	4824036032
경상남도 사천시 곤명면 조장리	경상남도 사천시 곤명면 조장리	4824036023
경상남도 사천시 곤명면 초량리	경상남도 사천시 곤명면 초량리	4824036025
경상남도 사천시 곤명면 추천리	경상남도 사천시 곤명면 추천리	4824036021
경상남도 사천시 곤양면 가화리	경상남도 사천시 곤양면 가화리	4824035029
경상남도 사천시 곤양면 검정리	경상남도 사천시 곤양면 검정리	4824035030
경상남도 사천시 곤양면 남문외리	경상남도 사천시 곤양면 남문외리	4824035022
경상남도 사천시 곤양면 대진리	경상남도 사천시 곤양면 대진리	4824035025
경상남도 사천시 곤양면 맥사리	경상남도 사천시 곤양면 맥사리	4824035033
경상남도 사천시 곤양면 무고리	경상남도 사천시 곤양면 무고리	4824035032
경상남도 사천시 곤양면 묵곡리	경상남도 사천시 곤양면 묵곡리	4824035027
경상남도 사천시 곤양면 서정리	경상남도 사천시 곤양면 서정리	4824035023
경상남도 사천시 곤양면 성내리	경상남도 사천시 곤양면 성내리	4824035021
경상남도 사천시 곤양면 송전리	경상남도 사천시 곤양면 송전리	4824035024
경상남도 사천시 곤양면 중항리	경상남도 사천시 곤양면 중항리	4824035031
경상남도 사천시 곤양면 환덕리	경상남도 사천시 곤양면 환덕리	4824035026
경상남도 사천시 곤양면 흥사리	경상남도 사천시 곤양면 흥사리	4824035028
경상남도 사천시 궁지동	경상남도 사천시 궁지동	4824011400
경상남도 사천시 노룡동	경상남도 사천시 노룡동	4824012400
경상남도 사천시 늑도동	경상남도 사천시 늑도동	4824012000
경상남도 사천시 대방동	경상남도 사천시 대방동	4824011700
경상남도 사천시 대포동	경상남도 사천시 대포동	4824012500
경상남도 사천시 동금동	경상남도 사천시 동금동	4824010400
경상남도 사천시 동동	경상남도 사천시 동동	4824010100
경상남도 사천시 동림동	경상남도 사천시 동림동	4824010600
경상남도 사천시 마도동	경상남도 사천시 마도동	4824011900
경상남도 사천시 백천동	경상남도 사천시 백천동	4824012200
경상남도 사천시 벌리동	경상남도 사천시 벌리동	4824010800
경상남도 사천시 봉남동	경상남도 사천시 봉남동	4824011100
경상남도 사천시 사남면 가천리	경상남도 사천시 사남면 가천리	4824032031
경상남도 사천시 사남면 계양리	경상남도 사천시 사남면 계양리	4824032030
경상남도 사천시 사남면 방지리	경상남도 사천시 사남면 방지리	4824032023
경상남도 사천시 사남면 사촌리	경상남도 사천시 사남면 사촌리	4824032029
경상남도 사천시 사남면 우천리	경상남도 사천시 사남면 우천리	4824032027
경상남도 사천시 사남면 월성리	경상남도 사천시 사남면 월성리	4824032025
경상남도 사천시 사남면 유천리	경상남도 사천시 사남면 유천리	4824032024
경상남도 사천시 사남면 종천리	경상남도 사천시 사남면 종천리	4824032028
경상남도 사천시 사남면 죽천리	경상남도 사천시 사남면 죽천리	4824032021
경상남도 사천시 사남면 초전리	경상남도 사천시 사남면 초전리	4824032022
경상남도 사천시 사남면 화전리	경상남도 사천시 사남면 화전리	4824032026
경상남도 사천시 사등동	경상남도 사천시 사등동	4824011500
경상남도 사천시 사천읍 구암리	경상남도 사천시 사천읍 구암리	4824025028
경상남도 사천시 사천읍 금곡리	경상남도 사천시 사천읍 금곡리	4824025030
경상남도 사천시 사천읍 두량리	경상남도 사천시 사천읍 두량리	4824025031
경상남도 사천시 사천읍 사주리	경상남도 사천시 사천읍 사주리	4824025025
경상남도 사천시 사천읍 선인리	경상남도 사천시 사천읍 선인리	4824025021
경상남도 사천시 사천읍 수석리	경상남도 사천시 사천읍 수석리	4824025024
경상남도 사천시 사천읍 용당리	경상남도 사천시 사천읍 용당리	4824025026
경상남도 사천시 사천읍 장전리	경상남도 사천시 사천읍 장전리	4824025029
경상남도 사천시 사천읍 정의리	경상남도 사천시 사천읍 정의리	4824025022
경상남도 사천시 사천읍 평화리	경상남도 사천시 사천읍 평화리	4824025023
경상남도 사천시 서금동	경상남도 사천시 서금동	4824010500
경상남도 사천시 서동	경상남도 사천시 서동	4824010200
경상남도 사천시 서포면 구랑리	경상남도 사천시 서포면 구랑리	4824037025
경상남도 사천시 서포면 구평리	경상남도 사천시 서포면 구평리	4824037027
경상남도 사천시 서포면 금진리	경상남도 사천시 서포면 금진리	4824037021
경상남도 사천시 서포면 내구리	경상남도 사천시 서포면 내구리	4824037022
경상남도 사천시 서포면 다평리	경상남도 사천시 서포면 다평리	4824037028
경상남도 사천시 서포면 비토리	경상남도 사천시 서포면 비토리	4824037030
경상남도 사천시 서포면 선전리	경상남도 사천시 서포면 선전리	4824037029
경상남도 사천시 서포면 외구리	경상남도 사천시 서포면 외구리	4824037023
경상남도 사천시 서포면 자혜리	경상남도 사천시 서포면 자혜리	4824037026
경상남도 사천시 서포면 조도리	경상남도 사천시 서포면 조도리	4824037024
경상남도 사천시 선구동	경상남도 사천시 선구동	4824010300
경상남도 사천시 송포동	경상남도 사천시 송포동	4824012600
경상남도 사천시 신벽동	경상남도 사천시 신벽동	4824012300
경상남도 사천시 신수동	경상남도 사천시 신수동	4824012100
경상남도 사천시 실안동	경상남도 사천시 실안동	4824011800
경상남도 사천시 와룡동	경상남도 사천시 와룡동	4824011000
경상남도 사천시 용강동	경상남도 사천시 용강동	4824010900
경상남도 사천시 용현면 구월리	경상남도 사천시 용현면 구월리	4824033028
경상남도 사천시 용현면 금문리	경상남도 사천시 용현면 금문리	4824033030
경상남도 사천시 용현면 덕곡리	경상남도 사천시 용현면 덕곡리	4824033032
경상남도 사천시 용현면 석계리	경상남도 사천시 용현면 석계리	4824033027
경상남도 사천시 용현면 선진리	경상남도 사천시 용현면 선진리	4824033022
경상남도 사천시 용현면 송지리	경상남도 사천시 용현면 송지리	4824033021
경상남도 사천시 용현면 신복리	경상남도 사천시 용현면 신복리	4824033026
경상남도 사천시 용현면 신촌리	경상남도 사천시 용현면 신촌리	4824033024
경상남도 사천시 용현면 온정리	경상남도 사천시 용현면 온정리	4824033025
경상남도 사천시 용현면 용치리	경상남도 사천시 용현면 용치리	4824033029
경상남도 사천시 용현면 주문리	경상남도 사천시 용현면 주문리	4824033031
경상남도 사천시 용현면 통양리	경상남도 사천시 용현면 통양리	4824033023
경상남도 사천시 이금동	경상남도 사천시 이금동	4824011200
경상남도 사천시 이홀동	경상남도 사천시 이홀동	4824011300
경상남도 사천시 정동면 감곡리	경상남도 사천시 정동면 감곡리	4824031028
경상남도 사천시 정동면 고읍리	경상남도 사천시 정동면 고읍리	4824031021
경상남도 사천시 정동면 대곡리	경상남도 사천시 정동면 대곡리	4824031026
경상남도 사천시 정동면 소곡리	경상남도 사천시 정동면 소곡리	4824031030
경상남도 사천시 정동면 수청리	경상남도 사천시 정동면 수청리	4824031025
경상남도 사천시 정동면 예수리	경상남도 사천시 정동면 예수리	4824031022
경상남도 사천시 정동면 장산리	경상남도 사천시 정동면 장산리	4824031027
경상남도 사천시 정동면 풍정리	경상남도 사천시 정동면 풍정리	4824031024
경상남도 사천시 정동면 학촌리	경상남도 사천시 정동면 학촌리	4824031029
경상남도 사천시 정동면 화암리	경상남도 사천시 정동면 화암리	4824031023
경상남도 사천시 좌룡동	경상남도 사천시 좌룡동	4824010700
경상남도 사천시 죽림동	경상남도 사천시 죽림동	4824012700
경상남도 사천시 축동면 가산리	경상남도 사천시 축동면 가산리	4824034026
경상남도 사천시 축동면 구호리	경상남도 사천시 축동면 구호리	4824034027
경상남도 사천시 축동면 반용리	경상남도 사천시 축동면 반용리	4824034025
경상남도 사천시 축동면 배춘리	경상남도 사천시 축동면 배춘리	4824034021
경상남도 사천시 축동면 사다리	경상남도 사천시 축동면 사다리	4824034023
경상남도 사천시 축동면 탑리	경상남도 사천시 축동면 탑리	4824034024
경상남도 사천시 향촌동	경상남도 사천시 향촌동	4824011600
경상남도 산청군 금서면 매촌리	경상남도 산청군 금서면 매촌리	4886034021
경상남도 산청군 금서면 방곡리	경상남도 산청군 금서면 방곡리	4886034031
경상남도 산청군 금서면 수철리	경상남도 산청군 금서면 수철리	4886034024
경상남도 산청군 금서면 신아리	경상남도 산청군 금서면 신아리	4886034027
경상남도 산청군 금서면 오봉리	경상남도 산청군 금서면 오봉리	4886034032
경상남도 산청군 금서면 자혜리	경상남도 산청군 금서면 자혜리	4886034030
경상남도 산청군 금서면 주상리	경상남도 산청군 금서면 주상리	4886034028
경상남도 산청군 금서면 지막리	경상남도 산청군 금서면 지막리	4886034025
경상남도 산청군 금서면 특리	경상남도 산청군 금서면 특리	4886034026
경상남도 산청군 금서면 평촌리	경상남도 산청군 금서면 평촌리	4886034022
경상남도 산청군 금서면 향양리	경상남도 산청군 금서면 향양리	4886034023
경상남도 산청군 금서면 화계리	경상남도 산청군 금서면 화계리	4886034029
경상남도 산청군 단성면 강누리	경상남도 산청군 단성면 강누리	4886037022
경상남도 산청군 단성면 관정리	경상남도 산청군 단성면 관정리	4886037032
경상남도 산청군 단성면 길리	경상남도 산청군 단성면 길리	4886037027
경상남도 산청군 단성면 남사리	경상남도 산청군 단성면 남사리	4886037028
경상남도 산청군 단성면 당산리	경상남도 산청군 단성면 당산리	4886037034
경상남도 산청군 단성면 묵곡리	경상남도 산청군 단성면 묵곡리	4886037030
경상남도 산청군 단성면 방목리	경상남도 산청군 단성면 방목리	4886037023
경상남도 산청군 단성면 백운리	경상남도 산청군 단성면 백운리	4886037036
경상남도 산청군 단성면 사월리	경상남도 산청군 단성면 사월리	4886037029
경상남도 산청군 단성면 성내리	경상남도 산청군 단성면 성내리	4886037021
경상남도 산청군 단성면 소남리	경상남도 산청군 단성면 소남리	4886037031
경상남도 산청군 단성면 운리	경상남도 산청군 단성면 운리	4886037025
경상남도 산청군 단성면 입석리	경상남도 산청군 단성면 입석리	4886037026
경상남도 산청군 단성면 자양리	경상남도 산청군 단성면 자양리	4886037037
경상남도 산청군 단성면 창촌리	경상남도 산청군 단성면 창촌리	4886037035
경상남도 산청군 단성면 청계리	경상남도 산청군 단성면 청계리	4886037024
경상남도 산청군 단성면 호리	경상남도 산청군 단성면 호리	4886037033
경상남도 산청군 산청읍 내리	경상남도 산청군 산청읍 내리	4886025034
경상남도 산청군 산청읍 내수리	경상남도 산청군 산청읍 내수리	4886025029
경상남도 산청군 산청읍 모고리	경상남도 산청군 산청읍 모고리	4886025024
경상남도 산청군 산청읍 묵곡리	경상남도 산청군 산청읍 묵곡리	4886025033
경상남도 산청군 산청읍 범학리	경상남도 산청군 산청읍 범학리	4886025032
경상남도 산청군 산청읍 병정리	경상남도 산청군 산청읍 병정리	4886025028
경상남도 산청군 산청읍 부리	경상남도 산청군 산청읍 부리	4886025027
경상남도 산청군 산청읍 산청리	경상남도 산청군 산청읍 산청리	4886025021
경상남도 산청군 산청읍 송경리	경상남도 산청군 산청읍 송경리	4886025025
경상남도 산청군 산청읍 옥산리	경상남도 산청군 산청읍 옥산리	4886025022
경상남도 산청군 산청읍 정곡리	경상남도 산청군 산청읍 정곡리	4886025030
경상남도 산청군 산청읍 지리	경상남도 산청군 산청읍 지리	4886025023
경상남도 산청군 산청읍 차탄리	경상남도 산청군 산청읍 차탄리	4886025026
경상남도 산청군 산청읍 척지리	경상남도 산청군 산청읍 척지리	4886025031
경상남도 산청군 삼장면 내원리	경상남도 산청군 삼장면 내원리	4886035027
경상남도 산청군 삼장면 대포리	경상남도 산청군 삼장면 대포리	4886035026
경상남도 산청군 삼장면 대하리	경상남도 산청군 삼장면 대하리	4886035028
경상남도 산청군 삼장면 덕교리	경상남도 산청군 삼장면 덕교리	4886035025
경상남도 산청군 삼장면 석남리	경상남도 산청군 삼장면 석남리	4886035021
경상남도 산청군 삼장면 유평리	경상남도 산청군 삼장면 유평리	4886035024
경상남도 산청군 삼장면 평촌리	경상남도 산청군 삼장면 평촌리	4886035023
경상남도 산청군 삼장면 홍계리	경상남도 산청군 삼장면 홍계리	4886035022
경상남도 산청군 생비량면 가계리	경상남도 산청군 생비량면 가계리	4886039024
경상남도 산청군 생비량면 도리	경상남도 산청군 생비량면 도리	4886039022
경상남도 산청군 생비량면 도전리	경상남도 산청군 생비량면 도전리	4886039021
경상남도 산청군 생비량면 제보리	경상남도 산청군 생비량면 제보리	4886039025
경상남도 산청군 생비량면 화현리	경상남도 산청군 생비량면 화현리	4886039023
경상남도 산청군 생초면 갈전리	경상남도 산청군 생초면 갈전리	4886033028
경상남도 산청군 생초면 계남리	경상남도 산청군 생초면 계남리	4886033032
경상남도 산청군 생초면 구평리	경상남도 산청군 생초면 구평리	4886033023
경상남도 산청군 생초면 노은리	경상남도 산청군 생초면 노은리	4886033022
경상남도 산청군 생초면 대포리	경상남도 산청군 생초면 대포리	4886033027
경상남도 산청군 생초면 상촌리	경상남도 산청군 생초면 상촌리	4886033031
경상남도 산청군 생초면 신연리	경상남도 산청군 생초면 신연리	4886033026
경상남도 산청군 생초면 어서리	경상남도 산청군 생초면 어서리	4886033021
경상남도 산청군 생초면 월곡리	경상남도 산청군 생초면 월곡리	4886033025
경상남도 산청군 생초면 평촌리	경상남도 산청군 생초면 평촌리	4886033029
경상남도 산청군 생초면 하촌리	경상남도 산청군 생초면 하촌리	4886033030
경상남도 산청군 생초면 향양리	경상남도 산청군 생초면 향양리	4886033024
경상남도 산청군 시천면 내공리	경상남도 산청군 시천면 내공리	4886036027
경상남도 산청군 시천면 내대리	경상남도 산청군 시천면 내대리	4886036023
경상남도 산청군 시천면 동당리	경상남도 산청군 시천면 동당리	4886036029
경상남도 산청군 시천면 반천리	경상남도 산청군 시천면 반천리	4886036025
경상남도 산청군 시천면 사리	경상남도 산청군 시천면 사리	4886036022
경상남도 산청군 시천면 신천리	경상남도 산청군 시천면 신천리	4886036030
경상남도 산청군 시천면 외공리	경상남도 산청군 시천면 외공리	4886036024
경상남도 산청군 시천면 원리	경상남도 산청군 시천면 원리	4886036026
경상남도 산청군 시천면 중산리	경상남도 산청군 시천면 중산리	4886036021
경상남도 산청군 시천면 중태리	경상남도 산청군 시천면 중태리	4886036031
경상남도 산청군 시천면 천평리	경상남도 산청군 시천면 천평리	4886036028
경상남도 산청군 신등면 가술리	경상남도 산청군 신등면 가술리	4886040023
경상남도 산청군 신등면 간공리	경상남도 산청군 신등면 간공리	4886040024
경상남도 산청군 신등면 단계리	경상남도 산청군 신등면 단계리	4886040021
경상남도 산청군 신등면 모례리	경상남도 산청군 신등면 모례리	4886040028
경상남도 산청군 신등면 사정리	경상남도 산청군 신등면 사정리	4886040025
경상남도 산청군 신등면 양전리	경상남도 산청군 신등면 양전리	4886040022
경상남도 산청군 신등면 율현리	경상남도 산청군 신등면 율현리	4886040027
경상남도 산청군 신등면 장천리	경상남도 산청군 신등면 장천리	4886040029
경상남도 산청군 신등면 평지리	경상남도 산청군 신등면 평지리	4886040026
경상남도 산청군 신안면 갈전리	경상남도 산청군 신안면 갈전리	4886038028
경상남도 산청군 신안면 문대리	경상남도 산청군 신안면 문대리	4886038024
경상남도 산청군 신안면 소이리	경상남도 산청군 신안면 소이리	4886038026
경상남도 산청군 신안면 신기리	경상남도 산청군 신안면 신기리	4886038022
경상남도 산청군 신안면 신안리	경상남도 산청군 신안면 신안리	4886038031
경상남도 산청군 신안면 안봉리	경상남도 산청군 신안면 안봉리	4886038029
경상남도 산청군 신안면 외고리	경상남도 산청군 신안면 외고리	4886038027
경상남도 산청군 신안면 외송리	경상남도 산청군 신안면 외송리	4886038030
경상남도 산청군 신안면 장죽리	경상남도 산청군 신안면 장죽리	4886038025
경상남도 산청군 신안면 중촌리	경상남도 산청군 신안면 중촌리	4886038032
경상남도 산청군 신안면 청현리	경상남도 산청군 신안면 청현리	4886038023
경상남도 산청군 신안면 하정리	경상남도 산청군 신안면 하정리	4886038021
경상남도 산청군 오부면 내곡리	경상남도 산청군 오부면 내곡리	4886032023
경상남도 산청군 오부면 대현리	경상남도 산청군 오부면 대현리	4886032028
경상남도 산청군 오부면 방곡리	경상남도 산청군 오부면 방곡리	4886032022
경상남도 산청군 오부면 양촌리	경상남도 산청군 오부면 양촌리	4886032021
경상남도 산청군 오부면 오전리	경상남도 산청군 오부면 오전리	4886032025
경상남도 산청군 오부면 왕촌리	경상남도 산청군 오부면 왕촌리	4886032027
경상남도 산청군 오부면 일물리	경상남도 산청군 오부면 일물리	4886032024
경상남도 산청군 오부면 중촌리	경상남도 산청군 오부면 중촌리	4886032026
경상남도 산청군 차황면 법평리	경상남도 산청군 차황면 법평리	4886031026
경상남도 산청군 차황면 부리	경상남도 산청군 차황면 부리	4886031028
경상남도 산청군 차황면 상법리	경상남도 산청군 차황면 상법리	4886031031
경상남도 산청군 차황면 상중리	경상남도 산청군 차황면 상중리	4886031023
경상남도 산청군 차황면 신기리	경상남도 산청군 차황면 신기리	4886031027
경상남도 산청군 차황면 실매리	경상남도 산청군 차황면 실매리	4886031024
경상남도 산청군 차황면 양곡리	경상남도 산청군 차황면 양곡리	4886031022
경상남도 산청군 차황면 우사리	경상남도 산청군 차황면 우사리	4886031029
경상남도 산청군 차황면 장박리	경상남도 산청군 차황면 장박리	4886031025
경상남도 산청군 차황면 장위리	경상남도 산청군 차황면 장위리	4886031021
경상남도 산청군 차황면 철수리	경상남도 산청군 차황면 철수리	4886031030
경상남도 양산시 교동	경상남도 양산시 교동	4833011000
경상남도 양산시 남부동	경상남도 양산시 남부동	4833010200
경상남도 양산시 다방동	경상남도 양산시 다방동	4833010100
경상남도 양산시 덕계동	경상남도 양산시 덕계동	4833012000
경상남도 양산시 동면 가산리	경상남도 양산시 동면 가산리	4833031028
경상남도 양산시 동면 개곡리	경상남도 양산시 동면 개곡리	4833031021
경상남도 양산시 동면 금산리	경상남도 양산시 동면 금산리	4833031027
경상남도 양산시 동면 내송리	경상남도 양산시 동면 내송리	4833031025
경상남도 양산시 동면 법기리	경상남도 양산시 동면 법기리	4833031022
경상남도 양산시 동면 사송리	경상남도 양산시 동면 사송리	4833031024
경상남도 양산시 동면 석산리	경상남도 양산시 동면 석산리	4833031026
경상남도 양산시 동면 여락리	경상남도 양산시 동면 여락리	4833031023
경상남도 양산시 매곡동	경상남도 양산시 매곡동	4833012100
경상남도 양산시 명곡동	경상남도 양산시 명곡동	4833010500
경상남도 양산시 명동	경상남도 양산시 명동	4833011500
경상남도 양산시 물금읍	경상남도 양산시 물금읍	4833025300
경상남도 양산시 물금읍 가촌리	경상남도 양산시 물금읍 가촌리	4833025323
경상남도 양산시 물금읍 물금리	경상남도 양산시 물금읍 물금리	4833025321
경상남도 양산시 물금읍 범어리	경상남도 양산시 물금읍 범어리	4833025324
경상남도 양산시 물금읍 증산리	경상남도 양산시 물금읍 증산리	4833025322
경상남도 양산시 북부동	경상남도 양산시 북부동	4833010400
경상남도 양산시 북정동	경상남도 양산시 북정동	4833010700
경상남도 양산시 산막동	경상남도 양산시 산막동	4833010800
경상남도 양산시 삼호동	경상남도 양산시 삼호동	4833011400
경상남도 양산시 상북면 내석리	경상남도 양산시 상북면 내석리	4833033027
경상남도 양산시 상북면 대석리	경상남도 양산시 상북면 대석리	4833033022
경상남도 양산시 상북면 상삼리	경상남도 양산시 상북면 상삼리	4833033025
경상남도 양산시 상북면 석계리	경상남도 양산시 상북면 석계리	4833033021
경상남도 양산시 상북면 소석리	경상남도 양산시 상북면 소석리	4833033024
경상남도 양산시 상북면 소토리	경상남도 양산시 상북면 소토리	4833033023
경상남도 양산시 상북면 신전리	경상남도 양산시 상북면 신전리	4833033029
경상남도 양산시 상북면 외석리	경상남도 양산시 상북면 외석리	4833033028
경상남도 양산시 상북면 좌삼리	경상남도 양산시 상북면 좌삼리	4833033026
경상남도 양산시 소주동	경상남도 양산시 소주동	4833011700
경상남도 양산시 신기동	경상남도 양산시 신기동	4833010600
경상남도 양산시 어곡동	경상남도 양산시 어곡동	4833011200
경상남도 양산시 용당동	경상남도 양산시 용당동	4833011300
경상남도 양산시 원동면 내포리	경상남도 양산시 원동면 내포리	4833032023
경상남도 양산시 원동면 대리	경상남도 양산시 원동면 대리	4833032025
경상남도 양산시 원동면 서룡리	경상남도 양산시 원동면 서룡리	4833032027
경상남도 양산시 원동면 선리	경상남도 양산시 원동면 선리	4833032026
경상남도 양산시 원동면 영포리	경상남도 양산시 원동면 영포리	4833032024
경상남도 양산시 원동면 용당리	경상남도 양산시 원동면 용당리	4833032022
경상남도 양산시 원동면 원리	경상남도 양산시 원동면 원리	4833032021
경상남도 양산시 원동면 화제리	경상남도 양산시 원동면 화제리	4833032028
경상남도 양산시 유산동	경상남도 양산시 유산동	4833011100
경상남도 양산시 주남동	경상남도 양산시 주남동	4833011600
경상남도 양산시 주진동	경상남도 양산시 주진동	4833011800
경상남도 양산시 중부동	경상남도 양산시 중부동	4833010300
경상남도 양산시 평산동	경상남도 양산시 평산동	4833011900
경상남도 양산시 하북면 답곡리	경상남도 양산시 하북면 답곡리	4833034024
경상남도 양산시 하북면 백록리	경상남도 양산시 하북면 백록리	4833034026
경상남도 양산시 하북면 삼감리	경상남도 양산시 하북면 삼감리	4833034027
경상남도 양산시 하북면 삼수리	경상남도 양산시 하북면 삼수리	4833034025
경상남도 양산시 하북면 순지리	경상남도 양산시 하북면 순지리	4833034021
경상남도 양산시 하북면 용연리	경상남도 양산시 하북면 용연리	4833034028
경상남도 양산시 하북면 지산리	경상남도 양산시 하북면 지산리	4833034022
경상남도 양산시 하북면 초산리	경상남도 양산시 하북면 초산리	4833034023
경상남도 양산시 호계동	경상남도 양산시 호계동	4833010900
경상남도 의령군 가례면 가례리	경상남도 의령군 가례면 가례리	4872031026
경상남도 의령군 가례면 갑을리	경상남도 의령군 가례면 갑을리	4872031021
경상남도 의령군 가례면 개승리	경상남도 의령군 가례면 개승리	4872031023
경상남도 의령군 가례면 괴진리	경상남도 의령군 가례면 괴진리	4872031024
경상남도 의령군 가례면 대천리	경상남도 의령군 가례면 대천리	4872031028
경상남도 의령군 가례면 봉두리	경상남도 의령군 가례면 봉두리	4872031029
경상남도 의령군 가례면 수성리	경상남도 의령군 가례면 수성리	4872031025
경상남도 의령군 가례면 양성리	경상남도 의령군 가례면 양성리	4872031022
경상남도 의령군 가례면 운암리	경상남도 의령군 가례면 운암리	4872031027
경상남도 의령군 궁류면 계현리	경상남도 의령군 궁류면 계현리	4872041526
경상남도 의령군 궁류면 다현리	경상남도 의령군 궁류면 다현리	4872041527
경상남도 의령군 궁류면 벽계리	경상남도 의령군 궁류면 벽계리	4872041522
경상남도 의령군 궁류면 압곡리	경상남도 의령군 궁류면 압곡리	4872041524
경상남도 의령군 궁류면 운계리	경상남도 의령군 궁류면 운계리	4872041523
경상남도 의령군 궁류면 토곡리	경상남도 의령군 궁류면 토곡리	4872041525
경상남도 의령군 궁류면 평촌리	경상남도 의령군 궁류면 평촌리	4872041521
경상남도 의령군 낙서면 내제리	경상남도 의령군 낙서면 내제리	4872038025
경상남도 의령군 낙서면 아근리	경상남도 의령군 낙서면 아근리	4872038026
경상남도 의령군 낙서면 여의리	경상남도 의령군 낙서면 여의리	4872038024
경상남도 의령군 낙서면 율산리	경상남도 의령군 낙서면 율산리	4872038022
경상남도 의령군 낙서면 전화리	경상남도 의령군 낙서면 전화리	4872038021
경상남도 의령군 낙서면 정곡리	경상남도 의령군 낙서면 정곡리	4872038023
경상남도 의령군 대의면 다사리	경상남도 의령군 대의면 다사리	4872033025
경상남도 의령군 대의면 마쌍리	경상남도 의령군 대의면 마쌍리	4872033026
경상남도 의령군 대의면 신전리	경상남도 의령군 대의면 신전리	4872033021
경상남도 의령군 대의면 심지리	경상남도 의령군 대의면 심지리	4872033028
경상남도 의령군 대의면 중촌리	경상남도 의령군 대의면 중촌리	4872033023
경상남도 의령군 대의면 천곡리	경상남도 의령군 대의면 천곡리	4872033029
경상남도 의령군 대의면 추산리	경상남도 의령군 대의면 추산리	4872033027
경상남도 의령군 대의면 하촌리	경상남도 의령군 대의면 하촌리	4872033024
경상남도 의령군 대의면 행정리	경상남도 의령군 대의면 행정리	4872033022
경상남도 의령군 봉수면 삼가리	경상남도 의령군 봉수면 삼가리	4872040025
경상남도 의령군 봉수면 서득리	경상남도 의령군 봉수면 서득리	4872040026
경상남도 의령군 봉수면 서암리	경상남도 의령군 봉수면 서암리	4872040022
경상남도 의령군 봉수면 신현리	경상남도 의령군 봉수면 신현리	4872040023
경상남도 의령군 봉수면 죽전리	경상남도 의령군 봉수면 죽전리	4872040024
경상남도 의령군 봉수면 천락리	경상남도 의령군 봉수면 천락리	4872040027
경상남도 의령군 봉수면 청계리	경상남도 의령군 봉수면 청계리	4872040021
경상남도 의령군 부림면 감암리	경상남도 의령군 부림면 감암리	4872039030
경상남도 의령군 부림면 경산리	경상남도 의령군 부림면 경산리	4872039024
경상남도 의령군 부림면 권혜리	경상남도 의령군 부림면 권혜리	4872039031
경상남도 의령군 부림면 단원리	경상남도 의령군 부림면 단원리	4872039026
경상남도 의령군 부림면 대곡리	경상남도 의령군 부림면 대곡리	4872039027
경상남도 의령군 부림면 막곡리	경상남도 의령군 부림면 막곡리	4872039022
경상남도 의령군 부림면 묵방리	경상남도 의령군 부림면 묵방리	4872039032
경상남도 의령군 부림면 손오리	경상남도 의령군 부림면 손오리	4872039025
경상남도 의령군 부림면 신반리	경상남도 의령군 부림면 신반리	4872039021
경상남도 의령군 부림면 여배리	경상남도 의령군 부림면 여배리	4872039028
경상남도 의령군 부림면 익구리	경상남도 의령군 부림면 익구리	4872039029
경상남도 의령군 부림면 입산리	경상남도 의령군 부림면 입산리	4872039023
경상남도 의령군 용덕면 가락리	경상남도 의령군 용덕면 가락리	4872035024
경상남도 의령군 용덕면 가미리	경상남도 의령군 용덕면 가미리	4872035022
경상남도 의령군 용덕면 교암리	경상남도 의령군 용덕면 교암리	4872035027
경상남도 의령군 용덕면 소상리	경상남도 의령군 용덕면 소상리	4872035028
경상남도 의령군 용덕면 신촌리	경상남도 의령군 용덕면 신촌리	4872035026
경상남도 의령군 용덕면 연리	경상남도 의령군 용덕면 연리	4872035031
경상남도 의령군 용덕면 와요리	경상남도 의령군 용덕면 와요리	4872035023
경상남도 의령군 용덕면 용소리	경상남도 의령군 용덕면 용소리	4872035032
경상남도 의령군 용덕면 운곡리	경상남도 의령군 용덕면 운곡리	4872035030
경상남도 의령군 용덕면 이목리	경상남도 의령군 용덕면 이목리	4872035021
경상남도 의령군 용덕면 정동리	경상남도 의령군 용덕면 정동리	4872035029
경상남도 의령군 용덕면 죽전리	경상남도 의령군 용덕면 죽전리	4872035025
경상남도 의령군 유곡면 당동리	경상남도 의령군 유곡면 당동리	4872042029
경상남도 의령군 유곡면 덕천리	경상남도 의령군 유곡면 덕천리	4872042030
경상남도 의령군 유곡면 마두리	경상남도 의령군 유곡면 마두리	4872042026
경상남도 의령군 유곡면 마장리	경상남도 의령군 유곡면 마장리	4872042028
경상남도 의령군 유곡면 상곡리	경상남도 의령군 유곡면 상곡리	4872042022
경상남도 의령군 유곡면 상촌리	경상남도 의령군 유곡면 상촌리	4872042021
경상남도 의령군 유곡면 세간리	경상남도 의령군 유곡면 세간리	4872042031
경상남도 의령군 유곡면 송산리	경상남도 의령군 유곡면 송산리	4872042025
경상남도 의령군 유곡면 신촌리	경상남도 의령군 유곡면 신촌리	4872042024
경상남도 의령군 유곡면 오목리	경상남도 의령군 유곡면 오목리	4872042023
경상남도 의령군 유곡면 칠곡리	경상남도 의령군 유곡면 칠곡리	4872042027
경상남도 의령군 의령읍 대산리	경상남도 의령군 의령읍 대산리	4872025027
경상남도 의령군 의령읍 동동리	경상남도 의령군 의령읍 동동리	4872025023
경상남도 의령군 의령읍 만천리	경상남도 의령군 의령읍 만천리	4872025026
경상남도 의령군 의령읍 무전리	경상남도 의령군 의령읍 무전리	4872025024
경상남도 의령군 의령읍 상리	경상남도 의령군 의령읍 상리	4872025028
경상남도 의령군 의령읍 서동리	경상남도 의령군 의령읍 서동리	4872025021
경상남도 의령군 의령읍 정암리	경상남도 의령군 의령읍 정암리	4872025025
경상남도 의령군 의령읍 중동리	경상남도 의령군 의령읍 중동리	4872025022
경상남도 의령군 의령읍 중리	경상남도 의령군 의령읍 중리	4872025029
경상남도 의령군 의령읍 하리	경상남도 의령군 의령읍 하리	4872025030
경상남도 의령군 정곡면 가현리	경상남도 의령군 정곡면 가현리	4872036028
경상남도 의령군 정곡면 백곡리	경상남도 의령군 정곡면 백곡리	4872036029
경상남도 의령군 정곡면 상촌리	경상남도 의령군 정곡면 상촌리	4872036025
경상남도 의령군 정곡면 석곡리	경상남도 의령군 정곡면 석곡리	4872036023
경상남도 의령군 정곡면 성황리	경상남도 의령군 정곡면 성황리	4872036026
경상남도 의령군 정곡면 예둔리	경상남도 의령군 정곡면 예둔리	4872036027
경상남도 의령군 정곡면 오방리	경상남도 의령군 정곡면 오방리	4872036024
경상남도 의령군 정곡면 적곡리	경상남도 의령군 정곡면 적곡리	4872036030
경상남도 의령군 정곡면 죽전리	경상남도 의령군 정곡면 죽전리	4872036022
경상남도 의령군 정곡면 중교리	경상남도 의령군 정곡면 중교리	4872036021
경상남도 의령군 지정면 두곡리	경상남도 의령군 지정면 두곡리	4872037023
경상남도 의령군 지정면 득소리	경상남도 의령군 지정면 득소리	4872037027
경상남도 의령군 지정면 마산리	경상남도 의령군 지정면 마산리	4872037030
경상남도 의령군 지정면 백야리	경상남도 의령군 지정면 백야리	4872037028
경상남도 의령군 지정면 봉곡리	경상남도 의령군 지정면 봉곡리	4872037021
경상남도 의령군 지정면 성당리	경상남도 의령군 지정면 성당리	4872037029
경상남도 의령군 지정면 성산리	경상남도 의령군 지정면 성산리	4872037024
경상남도 의령군 지정면 오천리	경상남도 의령군 지정면 오천리	4872037022
경상남도 의령군 지정면 유곡리	경상남도 의령군 지정면 유곡리	4872037025
경상남도 의령군 지정면 태부리	경상남도 의령군 지정면 태부리	4872037026
경상남도 의령군 칠곡면 내조리	경상남도 의령군 칠곡면 내조리	4872032022
경상남도 의령군 칠곡면 도산리	경상남도 의령군 칠곡면 도산리	4872032024
경상남도 의령군 칠곡면 산남리	경상남도 의령군 칠곡면 산남리	4872032025
경상남도 의령군 칠곡면 산북리	경상남도 의령군 칠곡면 산북리	4872032026
경상남도 의령군 칠곡면 신포리	경상남도 의령군 칠곡면 신포리	4872032023
경상남도 의령군 칠곡면 외조리	경상남도 의령군 칠곡면 외조리	4872032021
경상남도 의령군 화정면 가수리	경상남도 의령군 화정면 가수리	4872034021
경상남도 의령군 화정면 덕교리	경상남도 의령군 화정면 덕교리	4872034022
경상남도 의령군 화정면 상이리	경상남도 의령군 화정면 상이리	4872034026
경상남도 의령군 화정면 상일리	경상남도 의령군 화정면 상일리	4872034025
경상남도 의령군 화정면 상정리	경상남도 의령군 화정면 상정리	4872034024
경상남도 의령군 화정면 석천리	경상남도 의령군 화정면 석천리	4872034023
경상남도 의령군 화정면 화양리	경상남도 의령군 화정면 화양리	4872034027
경상남도 진주시 가좌동	경상남도 진주시 가좌동	4817013100
경상남도 진주시 강남동	경상남도 진주시 강남동	4817010300
경상남도 진주시 계동	경상남도 진주시 계동	4817011200
경상남도 진주시 귀곡동	경상남도 진주시 귀곡동	4817013000
경상남도 진주시 금곡면 가봉리	경상남도 진주시 금곡면 가봉리	4817033022
경상남도 진주시 금곡면 검암리	경상남도 진주시 금곡면 검암리	4817033021
경상남도 진주시 금곡면 동례리	경상남도 진주시 금곡면 동례리	4817033026
경상남도 진주시 금곡면 두문리	경상남도 진주시 금곡면 두문리	4817033027
경상남도 진주시 금곡면 성산리	경상남도 진주시 금곡면 성산리	4817033029
경상남도 진주시 금곡면 송곡리	경상남도 진주시 금곡면 송곡리	4817033023
경상남도 진주시 금곡면 인담리	경상남도 진주시 금곡면 인담리	4817033025
경상남도 진주시 금곡면 정자리	경상남도 진주시 금곡면 정자리	4817033024
경상남도 진주시 금곡면 죽곡리	경상남도 진주시 금곡면 죽곡리	4817033028
경상남도 진주시 금산면 가방리	경상남도 진주시 금산면 가방리	4817041021
경상남도 진주시 금산면 갈전리	경상남도 진주시 금산면 갈전리	4817041023
경상남도 진주시 금산면 속사리	경상남도 진주시 금산면 속사리	4817041024
경상남도 진주시 금산면 송백리	경상남도 진주시 금산면 송백리	4817041025
경상남도 진주시 금산면 용아리	경상남도 진주시 금산면 용아리	4817041022
경상남도 진주시 금산면 장사리	경상남도 진주시 금산면 장사리	4817041027
경상남도 진주시 금산면 중천리	경상남도 진주시 금산면 중천리	4817041026
경상남도 진주시 남성동	경상남도 진주시 남성동	4817010700
경상남도 진주시 내동면 내평리	경상남도 진주시 내동면 내평리	4817031025
경상남도 진주시 내동면 독산리	경상남도 진주시 내동면 독산리	4817031021
경상남도 진주시 내동면 삼계리	경상남도 진주시 내동면 삼계리	4817031023
경상남도 진주시 내동면 신율리	경상남도 진주시 내동면 신율리	4817031022
경상남도 진주시 내동면 유수리	경상남도 진주시 내동면 유수리	4817031024
경상남도 진주시 대곡면 가정리	경상남도 진주시 대곡면 가정리	4817040027
경상남도 진주시 대곡면 광석리	경상남도 진주시 대곡면 광석리	4817040022
경상남도 진주시 대곡면 단목리	경상남도 진주시 대곡면 단목리	4817040024
경상남도 진주시 대곡면 대곡리	경상남도 진주시 대곡면 대곡리	4817040030
경상남도 진주시 대곡면 덕곡리	경상남도 진주시 대곡면 덕곡리	4817040028
경상남도 진주시 대곡면 마진리	경상남도 진주시 대곡면 마진리	4817040029
경상남도 진주시 대곡면 설매리	경상남도 진주시 대곡면 설매리	4817040021
경상남도 진주시 대곡면 와룡리	경상남도 진주시 대곡면 와룡리	4817040026
경상남도 진주시 대곡면 용암리	경상남도 진주시 대곡면 용암리	4817040032
경상남도 진주시 대곡면 월아리	경상남도 진주시 대곡면 월아리	4817040025
경상남도 진주시 대곡면 월암리	경상남도 진주시 대곡면 월암리	4817040031
경상남도 진주시 대곡면 유곡리	경상남도 진주시 대곡면 유곡리	4817040023
경상남도 진주시 대안동	경상남도 진주시 대안동	4817010900
경상남도 진주시 대평면 내촌리	경상남도 진주시 대평면 내촌리	4817045026
경상남도 진주시 대평면 당촌리	경상남도 진주시 대평면 당촌리	4817045024
경상남도 진주시 대평면 대평리	경상남도 진주시 대평면 대평리	4817045021
경상남도 진주시 대평면 상촌리	경상남도 진주시 대평면 상촌리	4817045022
경상남도 진주시 대평면 신풍리	경상남도 진주시 대평면 신풍리	4817045025
경상남도 진주시 대평면 하촌리	경상남도 진주시 대평면 하촌리	4817045023
경상남도 진주시 동성동	경상남도 진주시 동성동	4817010600
경상남도 진주시 망경동	경상남도 진주시 망경동	4817010100
경상남도 진주시 명석면 가화리	경상남도 진주시 명석면 가화리	4817044029
경상남도 진주시 명석면 계원리	경상남도 진주시 명석면 계원리	4817044025
경상남도 진주시 명석면 관지리	경상남도 진주시 명석면 관지리	4817044021
경상남도 진주시 명석면 남성리	경상남도 진주시 명석면 남성리	4817044023
경상남도 진주시 명석면 덕곡리	경상남도 진주시 명석면 덕곡리	4817044024
경상남도 진주시 명석면 신기리	경상남도 진주시 명석면 신기리	4817044026
경상남도 진주시 명석면 오미리	경상남도 진주시 명석면 오미리	4817044028
경상남도 진주시 명석면 왕지리	경상남도 진주시 명석면 왕지리	4817044022
경상남도 진주시 명석면 외율리	경상남도 진주시 명석면 외율리	4817044027
경상남도 진주시 명석면 용산리	경상남도 진주시 명석면 용산리	4817044030
경상남도 진주시 명석면 우수리	경상남도 진주시 명석면 우수리	4817044031
경상남도 진주시 문산읍 갈곡리	경상남도 진주시 문산읍 갈곡리	4817025029
경상남도 진주시 문산읍 두산리	경상남도 진주시 문산읍 두산리	4817025030
경상남도 진주시 문산읍 삼곡리	경상남도 진주시 문산읍 삼곡리	4817025023
경상남도 진주시 문산읍 상문리	경상남도 진주시 문산읍 상문리	4817025021
경상남도 진주시 문산읍 소문리	경상남도 진주시 문산읍 소문리	4817025022
경상남도 진주시 문산읍 안전리	경상남도 진주시 문산읍 안전리	4817025026
경상남도 진주시 문산읍 옥산리	경상남도 진주시 문산읍 옥산리	4817025027
경상남도 진주시 문산읍 이곡리	경상남도 진주시 문산읍 이곡리	4817025024
경상남도 진주시 미천면 미곡리	경상남도 진주시 미천면 미곡리	4817043027
경상남도 진주시 미천면 반지리	경상남도 진주시 미천면 반지리	4817043023
경상남도 진주시 미천면 벌당리	경상남도 진주시 미천면 벌당리	4817043024
경상남도 진주시 미천면 상미리	경상남도 진주시 미천면 상미리	4817043026
경상남도 진주시 미천면 안간리	경상남도 진주시 미천면 안간리	4817043028
경상남도 진주시 미천면 어옥리	경상남도 진주시 미천면 어옥리	4817043025
경상남도 진주시 미천면 오방리	경상남도 진주시 미천면 오방리	4817043021
경상남도 진주시 미천면 향양리	경상남도 진주시 미천면 향양리	4817043022
경상남도 진주시 미천면 효자리	경상남도 진주시 미천면 효자리	4817043029
경상남도 진주시 본성동	경상남도 진주시 본성동	4817010500
경상남도 진주시 봉곡동	경상남도 진주시 봉곡동	4817011300
경상남도 진주시 봉래동	경상남도 진주시 봉래동	4817011500
경상남도 진주시 사봉면 마성리	경상남도 진주시 사봉면 마성리	4817038021
경상남도 진주시 사봉면 무촌리	경상남도 진주시 사봉면 무촌리	4817038023
경상남도 진주시 사봉면 방촌리	경상남도 진주시 사봉면 방촌리	4817038022
경상남도 진주시 사봉면 봉곡리	경상남도 진주시 사봉면 봉곡리	4817038025
경상남도 진주시 사봉면 부계리	경상남도 진주시 사봉면 부계리	4817038026
경상남도 진주시 사봉면 사곡리	경상남도 진주시 사봉면 사곡리	4817038024
경상남도 진주시 상대동	경상남도 진주시 상대동	4817011900
경상남도 진주시 상봉동	경상남도 진주시 상봉동	4817011400
경상남도 진주시 상평동	경상남도 진주시 상평동	4817012100
경상남도 진주시 수곡면 대천리	경상남도 진주시 수곡면 대천리	4817046023
경상남도 진주시 수곡면 사곡리	경상남도 진주시 수곡면 사곡리	4817046022
경상남도 진주시 수곡면 원계리	경상남도 진주시 수곡면 원계리	4817046028
경상남도 진주시 수곡면 원내리	경상남도 진주시 수곡면 원내리	4817046026
경상남도 진주시 수곡면 원외리	경상남도 진주시 수곡면 원외리	4817046027
경상남도 진주시 수곡면 자매리	경상남도 진주시 수곡면 자매리	4817046021
경상남도 진주시 수곡면 창촌리	경상남도 진주시 수곡면 창촌리	4817046024
경상남도 진주시 수곡면 효자리	경상남도 진주시 수곡면 효자리	4817046025
경상남도 진주시 수정동	경상남도 진주시 수정동	4817011600
경상남도 진주시 신안동	경상남도 진주시 신안동	4817012500
경상남도 진주시 옥봉동	경상남도 진주시 옥봉동	4817011800
경상남도 진주시 유곡동	경상남도 진주시 유곡동	4817012800
경상남도 진주시 이반성면	경상남도 진주시 이반성면	4817037000
경상남도 진주시 이반성면 가산리	경상남도 진주시 이반성면 가산리	4817037025
경상남도 진주시 이반성면 길성리	경상남도 진주시 이반성면 길성리	4817037027
경상남도 진주시 이반성면 대천리	경상남도 진주시 이반성면 대천리	4817037026
경상남도 진주시 이반성면 발산리	경상남도 진주시 이반성면 발산리	4817037028
경상남도 진주시 이반성면 용암리	경상남도 진주시 이반성면 용암리	4817037024
경상남도 진주시 이반성면 장안리	경상남도 진주시 이반성면 장안리	4817037021
경상남도 진주시 이반성면 평촌리	경상남도 진주시 이반성면 평촌리	4817037022
경상남도 진주시 이반성면 하곡리	경상남도 진주시 이반성면 하곡리	4817037023
경상남도 진주시 이현동	경상남도 진주시 이현동	4817012700
경상남도 진주시 인사동	경상남도 진주시 인사동	4817010800
경상남도 진주시 일반성면 가선리	경상남도 진주시 일반성면 가선리	4817036022
경상남도 진주시 일반성면 개암리	경상남도 진주시 일반성면 개암리	4817036023
경상남도 진주시 일반성면 남산리	경상남도 진주시 일반성면 남산리	4817036026
경상남도 진주시 일반성면 답천리	경상남도 진주시 일반성면 답천리	4817036024
경상남도 진주시 일반성면 운천리	경상남도 진주시 일반성면 운천리	4817036025
경상남도 진주시 일반성면 창촌리	경상남도 진주시 일반성면 창촌리	4817036021
경상남도 진주시 장대동	경상남도 진주시 장대동	4817011700
경상남도 진주시 장재동	경상남도 진주시 장재동	4817012300
경상남도 진주시 정촌면 관봉리	경상남도 진주시 정촌면 관봉리	4817032022
경상남도 진주시 정촌면 대축리	경상남도 진주시 정촌면 대축리	4817032026
경상남도 진주시 정촌면 소곡리	경상남도 진주시 정촌면 소곡리	4817032023
경상남도 진주시 정촌면 예상리	경상남도 진주시 정촌면 예상리	4817032024
경상남도 진주시 정촌면 예하리	경상남도 진주시 정촌면 예하리	4817032025
경상남도 진주시 정촌면 화개리	경상남도 진주시 정촌면 화개리	4817032021
경상남도 진주시 주약동	경상남도 진주시 주약동	4817010200
경상남도 진주시 중안동	경상남도 진주시 중안동	4817011100
경상남도 진주시 지수면 금곡리	경상남도 진주시 지수면 금곡리	4817039023
경상남도 진주시 지수면 승산리	경상남도 진주시 지수면 승산리	4817039027
경상남도 진주시 지수면 압사리	경상남도 진주시 지수면 압사리	4817039024
경상남도 진주시 지수면 용봉리	경상남도 진주시 지수면 용봉리	4817039025
경상남도 진주시 지수면 청담리	경상남도 진주시 지수면 청담리	4817039026
경상남도 진주시 지수면 청원리	경상남도 진주시 지수면 청원리	4817039022
경상남도 진주시 진성면 가진리	경상남도 진주시 진성면 가진리	4817035027
경상남도 진주시 진성면 구천리	경상남도 진주시 진성면 구천리	4817035028
경상남도 진주시 진성면 대사리	경상남도 진주시 진성면 대사리	4817035023
경상남도 진주시 진성면 동산리	경상남도 진주시 진성면 동산리	4817035029
경상남도 진주시 진성면 상촌리	경상남도 진주시 진성면 상촌리	4817035021
경상남도 진주시 진성면 온수리	경상남도 진주시 진성면 온수리	4817035024
경상남도 진주시 진성면 천곡리	경상남도 진주시 진성면 천곡리	4817035025
경상남도 진주시 집현면 냉정리	경상남도 진주시 집현면 냉정리	4817042027
경상남도 진주시 집현면 대암리	경상남도 진주시 집현면 대암리	4817042024
경상남도 진주시 집현면 덕오리	경상남도 진주시 집현면 덕오리	4817042030
경상남도 진주시 집현면 봉강리	경상남도 진주시 집현면 봉강리	4817042022
경상남도 진주시 집현면 사촌리	경상남도 진주시 집현면 사촌리	4817042023
경상남도 진주시 집현면 신당리	경상남도 진주시 집현면 신당리	4817042029
경상남도 진주시 집현면 장흥리	경상남도 진주시 집현면 장흥리	4817042028
경상남도 진주시 집현면 정수리	경상남도 진주시 집현면 정수리	4817042026
경상남도 진주시 집현면 정평리	경상남도 진주시 집현면 정평리	4817042025
경상남도 진주시 집현면 지내리	경상남도 진주시 집현면 지내리	4817042021
경상남도 진주시 초전동	경상남도 진주시 초전동	4817012200
경상남도 진주시 충무공동	경상남도 진주시 충무공동	4817013700
경상남도 진주시 칠암동	경상남도 진주시 칠암동	4817010400
경상남도 진주시 판문동	경상남도 진주시 판문동	4817012900
경상남도 진주시 평거동	경상남도 진주시 평거동	4817012600
경상남도 진주시 평안동	경상남도 진주시 평안동	4817011000
경상남도 진주시 하대동	경상남도 진주시 하대동	4817012000
경상남도 진주시 하촌동	경상남도 진주시 하촌동	4817012400
경상남도 진주시 호탄동	경상남도 진주시 호탄동	4817013200
경상남도 창녕군 계성면 계성리	경상남도 창녕군 계성면 계성리	4874037024
경상남도 창녕군 계성면 광계리	경상남도 창녕군 계성면 광계리	4874037025
경상남도 창녕군 계성면 명리	경상남도 창녕군 계성면 명리	4874037021
경상남도 창녕군 계성면 봉산리	경상남도 창녕군 계성면 봉산리	4874037026
경상남도 창녕군 계성면 사리	경상남도 창녕군 계성면 사리	4874037022
경상남도 창녕군 계성면 신당리	경상남도 창녕군 계성면 신당리	4874037023
경상남도 창녕군 고암면 간상리	경상남도 창녕군 고암면 간상리	4874031025
경상남도 창녕군 고암면 감리	경상남도 창녕군 고암면 감리	4874031028
경상남도 창녕군 고암면 계상리	경상남도 창녕군 고암면 계상리	4874031027
경상남도 창녕군 고암면 대암리	경상남도 창녕군 고암면 대암리	4874031024
경상남도 창녕군 고암면 억만리	경상남도 창녕군 고암면 억만리	4874031022
경상남도 창녕군 고암면 우천리	경상남도 창녕군 고암면 우천리	4874031026
경상남도 창녕군 고암면 원촌리	경상남도 창녕군 고암면 원촌리	4874031023
경상남도 창녕군 고암면 중대리	경상남도 창녕군 고암면 중대리	4874031021
경상남도 창녕군 길곡면 길곡리	경상남도 창녕군 길곡면 길곡리	4874041023
경상남도 창녕군 길곡면 마천리	경상남도 창녕군 길곡면 마천리	4874041024
경상남도 창녕군 길곡면 오호리	경상남도 창녕군 길곡면 오호리	4874041022
경상남도 창녕군 길곡면 증산리	경상남도 창녕군 길곡면 증산리	4874041021
경상남도 창녕군 남지읍 고곡리	경상남도 창녕군 남지읍 고곡리	4874025328
경상남도 창녕군 남지읍 남지리	경상남도 창녕군 남지읍 남지리	4874025321
경상남도 창녕군 남지읍 대곡리	경상남도 창녕군 남지읍 대곡리	4874025333
경상남도 창녕군 남지읍 마산리	경상남도 창녕군 남지읍 마산리	4874025322
경상남도 창녕군 남지읍 반포리	경상남도 창녕군 남지읍 반포리	4874025332
경상남도 창녕군 남지읍 성사리	경상남도 창녕군 남지읍 성사리	4874025326
경상남도 창녕군 남지읍 수개리	경상남도 창녕군 남지읍 수개리	4874025329
경상남도 창녕군 남지읍 시남리	경상남도 창녕군 남지읍 시남리	4874025330
경상남도 창녕군 남지읍 신전리	경상남도 창녕군 남지읍 신전리	4874025325
경상남도 창녕군 남지읍 아지리	경상남도 창녕군 남지읍 아지리	4874025327
경상남도 창녕군 남지읍 용산리	경상남도 창녕군 남지읍 용산리	4874025324
경상남도 창녕군 남지읍 월하리	경상남도 창녕군 남지읍 월하리	4874025334
경상남도 창녕군 남지읍 칠현리	경상남도 창녕군 남지읍 칠현리	4874025331
경상남도 창녕군 남지읍 학계리	경상남도 창녕군 남지읍 학계리	4874025323
경상남도 창녕군 대지면 구미리	경상남도 창녕군 대지면 구미리	4874036027
경상남도 창녕군 대지면 모산리	경상남도 창녕군 대지면 모산리	4874036021
경상남도 창녕군 대지면 본초리	경상남도 창녕군 대지면 본초리	4874036026
경상남도 창녕군 대지면 석리	경상남도 창녕군 대지면 석리	4874036023
경상남도 창녕군 대지면 왕산리	경상남도 창녕군 대지면 왕산리	4874036022
경상남도 창녕군 대지면 용소리	경상남도 창녕군 대지면 용소리	4874036028
경상남도 창녕군 대지면 창산리	경상남도 창녕군 대지면 창산리	4874036024
경상남도 창녕군 대지면 효정리	경상남도 창녕군 대지면 효정리	4874036025
경상남도 창녕군 대합면 내울리	경상남도 창녕군 대합면 내울리	4874033031
경상남도 창녕군 대합면 대곡리	경상남도 창녕군 대합면 대곡리	4874033034
경상남도 창녕군 대합면 대동리	경상남도 창녕군 대합면 대동리	4874033035
경상남도 창녕군 대합면 도개리	경상남도 창녕군 대합면 도개리	4874033030
경상남도 창녕군 대합면 등지리	경상남도 창녕군 대합면 등지리	4874033022
경상남도 창녕군 대합면 모전리	경상남도 창녕군 대합면 모전리	4874033024
경상남도 창녕군 대합면 목단리	경상남도 창녕군 대합면 목단리	4874033032
경상남도 창녕군 대합면 소야리	경상남도 창녕군 대합면 소야리	4874033025
경상남도 창녕군 대합면 신당리	경상남도 창녕군 대합면 신당리	4874033028
경상남도 창녕군 대합면 십이리	경상남도 창녕군 대합면 십이리	4874033021
경상남도 창녕군 대합면 이방리	경상남도 창녕군 대합면 이방리	4874033033
경상남도 창녕군 대합면 장기리	경상남도 창녕군 대합면 장기리	4874033023
경상남도 창녕군 대합면 주매리	경상남도 창녕군 대합면 주매리	4874033026
경상남도 창녕군 대합면 퇴산리	경상남도 창녕군 대합면 퇴산리	4874033027
경상남도 창녕군 대합면 평지리	경상남도 창녕군 대합면 평지리	4874033029
경상남도 창녕군 대합면 합리	경상남도 창녕군 대합면 합리	4874033036
경상남도 창녕군 도천면 논리	경상남도 창녕군 도천면 논리	4874040026
경상남도 창녕군 도천면 덕곡리	경상남도 창녕군 도천면 덕곡리	4874040023
경상남도 창녕군 도천면 도천리	경상남도 창녕군 도천면 도천리	4874040021
경상남도 창녕군 도천면 송진리	경상남도 창녕군 도천면 송진리	4874040028
경상남도 창녕군 도천면 어만리	경상남도 창녕군 도천면 어만리	4874040025
경상남도 창녕군 도천면 예리	경상남도 창녕군 도천면 예리	4874040024
경상남도 창녕군 도천면 우강리	경상남도 창녕군 도천면 우강리	4874040027
경상남도 창녕군 도천면 일리	경상남도 창녕군 도천면 일리	4874040022
경상남도 창녕군 부곡면 거문리	경상남도 창녕군 부곡면 거문리	4874042022
경상남도 창녕군 부곡면 구산리	경상남도 창녕군 부곡면 구산리	4874042028
경상남도 창녕군 부곡면 노리	경상남도 창녕군 부곡면 노리	4874042026
경상남도 창녕군 부곡면 부곡리	경상남도 창녕군 부곡면 부곡리	4874042021
경상남도 창녕군 부곡면 비봉리	경상남도 창녕군 부곡면 비봉리	4874042029
경상남도 창녕군 부곡면 사창리	경상남도 창녕군 부곡면 사창리	4874042023
경상남도 창녕군 부곡면 수다리	경상남도 창녕군 부곡면 수다리	4874042030
경상남도 창녕군 부곡면 온정리	경상남도 창녕군 부곡면 온정리	4874042024
경상남도 창녕군 부곡면 청암리	경상남도 창녕군 부곡면 청암리	4874042025
경상남도 창녕군 부곡면 학포리	경상남도 창녕군 부곡면 학포리	4874042027
경상남도 창녕군 성산면 가복리	경상남도 창녕군 성산면 가복리	4874032029
경상남도 창녕군 성산면 냉천리	경상남도 창녕군 성산면 냉천리	4874032021
경상남도 창녕군 성산면 대견리	경상남도 창녕군 성산면 대견리	4874032023
경상남도 창녕군 성산면 대산리	경상남도 창녕군 성산면 대산리	4874032025
경상남도 창녕군 성산면 방리	경상남도 창녕군 성산면 방리	4874032028
경상남도 창녕군 성산면 연당리	경상남도 창녕군 성산면 연당리	4874032026
경상남도 창녕군 성산면 운봉리	경상남도 창녕군 성산면 운봉리	4874032027
경상남도 창녕군 성산면 정녕리	경상남도 창녕군 성산면 정녕리	4874032022
경상남도 창녕군 성산면 후천리	경상남도 창녕군 성산면 후천리	4874032024
경상남도 창녕군 영산면 교리	경상남도 창녕군 영산면 교리	4874038023
경상남도 창녕군 영산면 구계리	경상남도 창녕군 영산면 구계리	4874038022
경상남도 창녕군 영산면 동리	경상남도 창녕군 영산면 동리	4874038025
경상남도 창녕군 영산면 봉암리	경상남도 창녕군 영산면 봉암리	4874038029
경상남도 창녕군 영산면 서리	경상남도 창녕군 영산면 서리	4874038021
경상남도 창녕군 영산면 성내리	경상남도 창녕군 영산면 성내리	4874038024
경상남도 창녕군 영산면 신제리	경상남도 창녕군 영산면 신제리	4874038027
경상남도 창녕군 영산면 월령리	경상남도 창녕군 영산면 월령리	4874038028
경상남도 창녕군 영산면 죽사리	경상남도 창녕군 영산면 죽사리	4874038026
경상남도 창녕군 유어면 가항리	경상남도 창녕군 유어면 가항리	4874035023
경상남도 창녕군 유어면 광산리	경상남도 창녕군 유어면 광산리	4874035028
경상남도 창녕군 유어면 대대리	경상남도 창녕군 유어면 대대리	4874035025
경상남도 창녕군 유어면 미구리	경상남도 창녕군 유어면 미구리	4874035022
경상남도 창녕군 유어면 부곡리	경상남도 창녕군 유어면 부곡리	4874035021
경상남도 창녕군 유어면 선소리	경상남도 창녕군 유어면 선소리	4874035026
경상남도 창녕군 유어면 세진리	경상남도 창녕군 유어면 세진리	4874035024
경상남도 창녕군 유어면 진창리	경상남도 창녕군 유어면 진창리	4874035027
경상남도 창녕군 유어면 풍조리	경상남도 창녕군 유어면 풍조리	4874035029
경상남도 창녕군 이방면 거남리	경상남도 창녕군 이방면 거남리	4874034030
경상남도 창녕군 이방면 동산리	경상남도 창녕군 이방면 동산리	4874034022
경상남도 창녕군 이방면 등림리	경상남도 창녕군 이방면 등림리	4874034033
경상남도 창녕군 이방면 모곡리	경상남도 창녕군 이방면 모곡리	4874034027
경상남도 창녕군 이방면 상리	경상남도 창녕군 이방면 상리	4874034026
경상남도 창녕군 이방면 석리	경상남도 창녕군 이방면 석리	4874034023
경상남도 창녕군 이방면 성산리	경상남도 창녕군 이방면 성산리	4874034025
경상남도 창녕군 이방면 송곡리	경상남도 창녕군 이방면 송곡리	4874034031
경상남도 창녕군 이방면 안리	경상남도 창녕군 이방면 안리	4874034021
경상남도 창녕군 이방면 옥천리	경상남도 창녕군 이방면 옥천리	4874034028
경상남도 창녕군 이방면 장천리	경상남도 창녕군 이방면 장천리	4874034032
경상남도 창녕군 이방면 초곡리	경상남도 창녕군 이방면 초곡리	4874034029
경상남도 창녕군 이방면 현창리	경상남도 창녕군 이방면 현창리	4874034024
경상남도 창녕군 장마면 강리	경상남도 창녕군 장마면 강리	4874039021
경상남도 창녕군 장마면 대봉리	경상남도 창녕군 장마면 대봉리	4874039028
경상남도 창녕군 장마면 동정리	경상남도 창녕군 장마면 동정리	4874039027
경상남도 창녕군 장마면 산지리	경상남도 창녕군 장마면 산지리	4874039025
경상남도 창녕군 장마면 신구리	경상남도 창녕군 장마면 신구리	4874039026
경상남도 창녕군 장마면 유리	경상남도 창녕군 장마면 유리	4874039022
경상남도 창녕군 장마면 장가리	경상남도 창녕군 장마면 장가리	4874039023
경상남도 창녕군 장마면 초곡리	경상남도 창녕군 장마면 초곡리	4874039024
경상남도 창녕군 창녕읍 교리	경상남도 창녕군 창녕읍 교리	4874025022
경상남도 창녕군 창녕읍 교상리	경상남도 창녕군 창녕읍 교상리	4874025024
경상남도 창녕군 창녕읍 교하리	경상남도 창녕군 창녕읍 교하리	4874025037
경상남도 창녕군 창녕읍 도야리	경상남도 창녕군 창녕읍 도야리	4874025028
경상남도 창녕군 창녕읍 말흘리	경상남도 창녕군 창녕읍 말흘리	4874025023
경상남도 창녕군 창녕읍 송현리	경상남도 창녕군 창녕읍 송현리	4874025021
경상남도 창녕군 창녕읍 술정리	경상남도 창녕군 창녕읍 술정리	4874025025
경상남도 창녕군 창녕읍 신촌리	경상남도 창녕군 창녕읍 신촌리	4874025032
경상남도 창녕군 창녕읍 여초리	경상남도 창녕군 창녕읍 여초리	4874025036
경상남도 창녕군 창녕읍 옥천리	경상남도 창녕군 창녕읍 옥천리	4874025035
경상남도 창녕군 창녕읍 외부리	경상남도 창녕군 창녕읍 외부리	4874025034
경상남도 창녕군 창녕읍 용석리	경상남도 창녕군 창녕읍 용석리	4874025033
경상남도 창녕군 창녕읍 조산리	경상남도 창녕군 창녕읍 조산리	4874025027
경상남도 창녕군 창녕읍 직교리	경상남도 창녕군 창녕읍 직교리	4874025026
경상남도 창녕군 창녕읍 탐하리	경상남도 창녕군 창녕읍 탐하리	4874025031
경상남도 창녕군 창녕읍 퇴천리	경상남도 창녕군 창녕읍 퇴천리	4874025030
경상남도 창녕군 창녕읍 하리	경상남도 창녕군 창녕읍 하리	4874025029
경상남도 창원마산합포구 가포동	경상남도 창원시 마산합포구 가포동	4812510100
경상남도 창원마산합포구 교방동	경상남도 창원시 마산합포구 교방동	4812510200
경상남도 창원마산합포구 교원동	경상남도 창원시 마산합포구 교원동	4812510300
경상남도 창원마산합포구 구산면 구복리	경상남도 창원시 마산합포구 구산면 구복리	4812531028
경상남도 창원마산합포구 구산면 난포리	경상남도 창원시 마산합포구 구산면 난포리	4812531030
경상남도 창원마산합포구 구산면 내포리	경상남도 창원시 마산합포구 구산면 내포리	4812531025
경상남도 창원마산합포구 구산면 마전리	경상남도 창원시 마산합포구 구산면 마전리	4812531022
경상남도 창원마산합포구 구산면 반동리	경상남도 창원시 마산합포구 구산면 반동리	4812531027
경상남도 창원마산합포구 구산면 석곡리	경상남도 창원시 마산합포구 구산면 석곡리	4812531023
경상남도 창원마산합포구 구산면 수정리	경상남도 창원시 마산합포구 구산면 수정리	4812531024
경상남도 창원마산합포구 구산면 심리	경상남도 창원시 마산합포구 구산면 심리	4812531029
경상남도 창원마산합포구 구산면 옥계리	경상남도 창원시 마산합포구 구산면 옥계리	4812531026
경상남도 창원마산합포구 구산면 유산리	경상남도 창원시 마산합포구 구산면 유산리	4812531021
경상남도 창원마산합포구 남성동	경상남도 창원시 마산합포구 남성동	4812510400
경상남도 창원마산합포구 대내동	경상남도 창원시 마산합포구 대내동	4812510500
경상남도 창원마산합포구 대성동1가	경상남도 창원시 마산합포구 대성동1가	4812510600
경상남도 창원마산합포구 대성동2가	경상남도 창원시 마산합포구 대성동2가	4812510700
경상남도 창원마산합포구 대외동	경상남도 창원시 마산합포구 대외동	4812510800
경상남도 창원마산합포구 대창동	경상남도 창원시 마산합포구 대창동	4812510900
경상남도 창원마산합포구 덕동동	경상남도 창원시 마산합포구 덕동동	4812511000
경상남도 창원마산합포구 동성동	경상남도 창원시 마산합포구 동성동	4812511100
경상남도 창원마산합포구 두월동1가	경상남도 창원시 마산합포구 두월동1가	4812511200
경상남도 창원마산합포구 두월동2가	경상남도 창원시 마산합포구 두월동2가	4812511300
경상남도 창원마산합포구 두월동3가	경상남도 창원시 마산합포구 두월동3가	4812511400
경상남도 창원마산합포구 문화동	경상남도 창원시 마산합포구 문화동	4812511500
경상남도 창원마산합포구 반월동	경상남도 창원시 마산합포구 반월동	4812511600
경상남도 창원마산합포구 부림동	경상남도 창원시 마산합포구 부림동	4812511700
경상남도 창원마산합포구 산호동	경상남도 창원시 마산합포구 산호동	4812511800
경상남도 창원마산합포구 상남동	경상남도 창원시 마산합포구 상남동	4812511900
경상남도 창원마산합포구 서성동	경상남도 창원시 마산합포구 서성동	4812512000
경상남도 창원마산합포구 성호동	경상남도 창원시 마산합포구 성호동	4812512100
경상남도 창원마산합포구 수성동	경상남도 창원시 마산합포구 수성동	4812512200
경상남도 창원마산합포구 신월동	경상남도 창원시 마산합포구 신월동	4812512300
경상남도 창원마산합포구 신창동	경상남도 창원시 마산합포구 신창동	4812512400
경상남도 창원마산합포구 신포동1가	경상남도 창원시 마산합포구 신포동1가	4812512500
경상남도 창원마산합포구 신포동2가	경상남도 창원시 마산합포구 신포동2가	4812512600
경상남도 창원마산합포구 신흥동	경상남도 창원시 마산합포구 신흥동	4812512700
경상남도 창원마산합포구 예곡동	경상남도 창원시 마산합포구 예곡동	4812513600
경상남도 창원마산합포구 오동동	경상남도 창원시 마산합포구 오동동	4812513700
경상남도 창원마산합포구 완월동	경상남도 창원시 마산합포구 완월동	4812512800
경상남도 창원마산합포구 우산동	경상남도 창원시 마산합포구 우산동	4812513800
경상남도 창원마산합포구 월남동1가	경상남도 창원시 마산합포구 월남동1가	4812512900
경상남도 창원마산합포구 월남동2가	경상남도 창원시 마산합포구 월남동2가	4812513000
경상남도 창원마산합포구 월남동3가	경상남도 창원시 마산합포구 월남동3가	4812513100
경상남도 창원마산합포구 월남동4가	경상남도 창원시 마산합포구 월남동4가	4812513200
경상남도 창원마산합포구 월남동5가	경상남도 창원시 마산합포구 월남동5가	4812513300
경상남도 창원마산합포구 월영동	경상남도 창원시 마산합포구 월영동	4812513400
경상남도 창원마산합포구 월포동	경상남도 창원시 마산합포구 월포동	4812513500
경상남도 창원마산합포구 유록동	경상남도 창원시 마산합포구 유록동	4812513900
경상남도 창원마산합포구 자산동	경상남도 창원시 마산합포구 자산동	4812514000
경상남도 창원마산합포구 장군동1가	경상남도 창원시 마산합포구 장군동1가	4812514100
경상남도 창원마산합포구 장군동2가	경상남도 창원시 마산합포구 장군동2가	4812514200
경상남도 창원마산합포구 장군동3가	경상남도 창원시 마산합포구 장군동3가	4812514300
경상남도 창원마산합포구 장군동4가	경상남도 창원시 마산합포구 장군동4가	4812514400
경상남도 창원마산합포구 장군동5가	경상남도 창원시 마산합포구 장군동5가	4812514500
경상남도 창원마산합포구 중성동	경상남도 창원시 마산합포구 중성동	4812514600
경상남도 창원마산합포구 중앙동1가	경상남도 창원시 마산합포구 중앙동1가	4812514700
경상남도 창원마산합포구 중앙동2가	경상남도 창원시 마산합포구 중앙동2가	4812514800
경상남도 창원마산합포구 중앙동3가	경상남도 창원시 마산합포구 중앙동3가	4812514900
경상남도 창원마산합포구 진동면 고현리	경상남도 창원시 마산합포구 진동면 고현리	4812532021
경상남도 창원마산합포구 진동면 교동리	경상남도 창원시 마산합포구 진동면 교동리	4812532027
경상남도 창원마산합포구 진동면 다구리	경상남도 창원시 마산합포구 진동면 다구리	4812532026
경상남도 창원마산합포구 진동면 동전리	경상남도 창원시 마산합포구 진동면 동전리	4812532030
경상남도 창원마산합포구 진동면 사동리	경상남도 창원시 마산합포구 진동면 사동리	4812532023
경상남도 창원마산합포구 진동면 신기리	경상남도 창원시 마산합포구 진동면 신기리	4812532022
경상남도 창원마산합포구 진동면 요장리	경상남도 창원시 마산합포구 진동면 요장리	4812532025
경상남도 창원마산합포구 진동면 인곡리	경상남도 창원시 마산합포구 진동면 인곡리	4812532028
경상남도 창원마산합포구 진동면 진동리	경상남도 창원시 마산합포구 진동면 진동리	4812532024
경상남도 창원마산합포구 진동면 태봉리	경상남도 창원시 마산합포구 진동면 태봉리	4812532029
경상남도 창원마산합포구 진북면 금산리	경상남도 창원시 마산합포구 진북면 금산리	4812533026
경상남도 창원마산합포구 진북면 대티리	경상남도 창원시 마산합포구 진북면 대티리	4812533034
경상남도 창원마산합포구 진북면 대평리	경상남도 창원시 마산합포구 진북면 대평리	4812533024
경상남도 창원마산합포구 진북면 덕곡리	경상남도 창원시 마산합포구 진북면 덕곡리	4812533029
경상남도 창원마산합포구 진북면 망곡리	경상남도 창원시 마산합포구 진북면 망곡리	4812533031
경상남도 창원마산합포구 진북면 부산리	경상남도 창원시 마산합포구 진북면 부산리	4812533028
경상남도 창원마산합포구 진북면 부평리	경상남도 창원시 마산합포구 진북면 부평리	4812533032
경상남도 창원마산합포구 진북면 신촌리	경상남도 창원시 마산합포구 진북면 신촌리	4812533030
경상남도 창원마산합포구 진북면 영학리	경상남도 창원시 마산합포구 진북면 영학리	4812533027
경상남도 창원마산합포구 진북면 예곡리	경상남도 창원시 마산합포구 진북면 예곡리	4812533022
경상남도 창원마산합포구 진북면 이목리	경상남도 창원시 마산합포구 진북면 이목리	4812533025
경상남도 창원마산합포구 진북면 인곡리	경상남도 창원시 마산합포구 진북면 인곡리	4812533023
경상남도 창원마산합포구 진북면 정현리	경상남도 창원시 마산합포구 진북면 정현리	4812533035
경상남도 창원마산합포구 진북면 지산리	경상남도 창원시 마산합포구 진북면 지산리	4812533021
경상남도 창원마산합포구 진북면 추곡리	경상남도 창원시 마산합포구 진북면 추곡리	4812533033
경상남도 창원마산합포구 진전면 고사리	경상남도 창원시 마산합포구 진전면 고사리	4812534036
경상남도 창원마산합포구 진전면 곡안리	경상남도 창원시 마산합포구 진전면 곡안리	4812534025
경상남도 창원마산합포구 진전면 근곡리	경상남도 창원시 마산합포구 진전면 근곡리	4812534022
경상남도 창원마산합포구 진전면 금암리	경상남도 창원시 마산합포구 진전면 금암리	4812534035
경상남도 창원마산합포구 진전면 동산리	경상남도 창원시 마산합포구 진전면 동산리	4812534026
경상남도 창원마산합포구 진전면 봉곡리	경상남도 창원시 마산합포구 진전면 봉곡리	4812534024
경상남도 창원마산합포구 진전면 봉암리	경상남도 창원시 마산합포구 진전면 봉암리	4812534028
경상남도 창원마산합포구 진전면 시락리	경상남도 창원시 마산합포구 진전면 시락리	4812534033
경상남도 창원마산합포구 진전면 양촌리	경상남도 창원시 마산합포구 진전면 양촌리	4812534027
경상남도 창원마산합포구 진전면 여양리	경상남도 창원시 마산합포구 진전면 여양리	4812534037
경상남도 창원마산합포구 진전면 오서리	경상남도 창원시 마산합포구 진전면 오서리	4812534030
경상남도 창원마산합포구 진전면 율티리	경상남도 창원시 마산합포구 진전면 율티리	4812534021
경상남도 창원마산합포구 진전면 이명리	경상남도 창원시 마산합포구 진전면 이명리	4812534031
경상남도 창원마산합포구 진전면 일암리	경상남도 창원시 마산합포구 진전면 일암리	4812534029
경상남도 창원마산합포구 진전면 임곡리	경상남도 창원시 마산합포구 진전면 임곡리	4812534023
경상남도 창원마산합포구 진전면 창포리	경상남도 창원시 마산합포구 진전면 창포리	4812534032
경상남도 창원마산합포구 진전면 평암리	경상남도 창원시 마산합포구 진전면 평암리	4812534034
경상남도 창원마산합포구 창동	경상남도 창원시 마산합포구 창동	4812515000
경상남도 창원마산합포구 창포동1가	경상남도 창원시 마산합포구 창포동1가	4812515100
경상남도 창원마산합포구 창포동2가	경상남도 창원시 마산합포구 창포동2가	4812515200
경상남도 창원마산합포구 창포동3가	경상남도 창원시 마산합포구 창포동3가	4812515300
경상남도 창원마산합포구 청계동	경상남도 창원시 마산합포구 청계동	4812515400
경상남도 창원마산합포구 추산동	경상남도 창원시 마산합포구 추산동	4812515500
경상남도 창원마산합포구 평화동	경상남도 창원시 마산합포구 평화동	4812515600
경상남도 창원마산합포구 해운동	경상남도 창원시 마산합포구 해운동	4812515800
경상남도 창원마산합포구 현동	경상남도 창원시 마산합포구 현동	4812515900
경상남도 창원마산합포구 홍문동	경상남도 창원시 마산합포구 홍문동	4812516000
경상남도 창원마산합포구 화영동	경상남도 창원시 마산합포구 화영동	4812515700
경상남도 창원마산회원구 구암동	경상남도 창원시 마산회원구 구암동	4812710100
경상남도 창원마산회원구 내서읍	경상남도 창원시 마산회원구 내서읍	4812725000
경상남도 창원마산회원구 내서읍 감천리	경상남도 창원시 마산회원구 내서읍 감천리	4812725030
경상남도 창원마산회원구 내서읍 삼계리	경상남도 창원시 마산회원구 내서읍 삼계리	4812725028
경상남도 창원마산회원구 내서읍 상곡리	경상남도 창원시 마산회원구 내서읍 상곡리	4812725026
경상남도 창원마산회원구 내서읍 신감리	경상남도 창원시 마산회원구 내서읍 신감리	4812725029
경상남도 창원마산회원구 내서읍 안성리	경상남도 창원시 마산회원구 내서읍 안성리	4812725021
경상남도 창원마산회원구 내서읍 용담리	경상남도 창원시 마산회원구 내서읍 용담리	4812725024
경상남도 창원마산회원구 내서읍 원계리	경상남도 창원시 마산회원구 내서읍 원계리	4812725027
경상남도 창원마산회원구 내서읍 중리	경상남도 창원시 마산회원구 내서읍 중리	4812725025
경상남도 창원마산회원구 내서읍 평성리	경상남도 창원시 마산회원구 내서읍 평성리	4812725022
경상남도 창원마산회원구 내서읍 호계리	경상남도 창원시 마산회원구 내서읍 호계리	4812725023
경상남도 창원마산회원구 두척동	경상남도 창원시 마산회원구 두척동	4812710200
경상남도 창원마산회원구 봉암동	경상남도 창원시 마산회원구 봉암동	4812710300
경상남도 창원마산회원구 석전동	경상남도 창원시 마산회원구 석전동	4812710400
경상남도 창원마산회원구 양덕동	경상남도 창원시 마산회원구 양덕동	4812710500
경상남도 창원마산회원구 합성동	경상남도 창원시 마산회원구 합성동	4812710600
경상남도 창원마산회원구 회성동	경상남도 창원시 마산회원구 회성동	4812710700
경상남도 창원마산회원구 회원동	경상남도 창원시 마산회원구 회원동	4812710800
경상남도 창원성산구 가음동	경상남도 창원시 성산구 가음동	4812313100
경상남도 창원성산구 가음정동	경상남도 창원시 성산구 가음정동	4812310300
경상남도 창원성산구 귀곡동	경상남도 창원시 성산구 귀곡동	4812312100
경상남도 창원성산구 귀산동	경상남도 창원시 성산구 귀산동	4812312000
경상남도 창원성산구 귀현동	경상남도 창원시 성산구 귀현동	4812312200
경상남도 창원성산구 남산동	경상남도 창원시 성산구 남산동	4812310600
경상남도 창원성산구 남양동	경상남도 창원시 성산구 남양동	4812313300
경상남도 창원성산구 남지동	경상남도 창원시 성산구 남지동	4812311200
경상남도 창원성산구 내동	경상남도 창원시 성산구 내동	4812311100
경상남도 창원성산구 대방동	경상남도 창원시 성산구 대방동	4812310500
경상남도 창원성산구 반림동	경상남도 창원시 성산구 반림동	4812312600
경상남도 창원성산구 반송동	경상남도 창원시 성산구 반송동	4812311900
경상남도 창원성산구 반지동	경상남도 창원시 성산구 반지동	4812312400
경상남도 창원성산구 불모산동	경상남도 창원시 성산구 불모산동	4812310900
경상남도 창원성산구 사파동	경상남도 창원시 성산구 사파동	4812313000
경상남도 창원성산구 사파정동	경상남도 창원시 성산구 사파정동	4812310200
경상남도 창원성산구 삼정자동	경상남도 창원시 성산구 삼정자동	4812310700
경상남도 창원성산구 상남동	경상남도 창원시 성산구 상남동	4812312700
경상남도 창원성산구 상복동	경상남도 창원시 성산구 상복동	4812311300
경상남도 창원성산구 성산동	경상남도 창원시 성산구 성산동	4812313200
경상남도 창원성산구 성주동	경상남도 창원시 성산구 성주동	4812312800
경상남도 창원성산구 신촌동	경상남도 창원시 성산구 신촌동	4812312300
경상남도 창원성산구 안민동	경상남도 창원시 성산구 안민동	4812311000
경상남도 창원성산구 양곡동	경상남도 창원시 성산구 양곡동	4812311800
경상남도 창원성산구 완암동	경상남도 창원시 성산구 완암동	4812311400
경상남도 창원성산구 외동	경상남도 창원시 성산구 외동	4812310400
경상남도 창원성산구 웅남동	경상남도 창원시 성산구 웅남동	4812312900
경상남도 창원성산구 월림동	경상남도 창원시 성산구 월림동	4812311600
경상남도 창원성산구 적현동	경상남도 창원시 성산구 적현동	4812311700
경상남도 창원성산구 중앙동	경상남도 창원시 성산구 중앙동	4812312500
경상남도 창원성산구 창곡동	경상남도 창원시 성산구 창곡동	4812311500
경상남도 창원성산구 천선동	경상남도 창원시 성산구 천선동	4812310800
경상남도 창원성산구 토월동	경상남도 창원시 성산구 토월동	4812310100
경상남도 창원의창구 내리동	경상남도 창원시 의창구 내리동	4812112200
경상남도 창원의창구 대산면 가술리	경상남도 창원시 의창구 대산면 가술리	4812132024
경상남도 창원의창구 대산면 갈전리	경상남도 창원시 의창구 대산면 갈전리	4812132021
경상남도 창원의창구 대산면 대방리	경상남도 창원시 의창구 대산면 대방리	4812132029
경상남도 창원의창구 대산면 모산리	경상남도 창원시 의창구 대산면 모산리	4812132023
경상남도 창원의창구 대산면 북부리	경상남도 창원시 의창구 대산면 북부리	4812132027
경상남도 창원의창구 대산면 우암리	경상남도 창원시 의창구 대산면 우암리	4812132026
경상남도 창원의창구 대산면 유등리	경상남도 창원시 의창구 대산면 유등리	4812132028
경상남도 창원의창구 대산면 일동리	경상남도 창원시 의창구 대산면 일동리	4812132022
경상남도 창원의창구 대산면 제동리	경상남도 창원시 의창구 대산면 제동리	4812132025
경상남도 창원의창구 대원동	경상남도 창원시 의창구 대원동	4812112300
경상남도 창원의창구 덕정동	경상남도 창원시 의창구 덕정동	4812111200
경상남도 창원의창구 도계동	경상남도 창원시 의창구 도계동	4812110500
경상남도 창원의창구 동읍 금산리	경상남도 창원시 의창구 동읍 금산리	4812125038
경상남도 창원의창구 동읍 남산리	경상남도 창원시 의창구 동읍 남산리	4812125023
경상남도 창원의창구 동읍 노연리	경상남도 창원시 의창구 동읍 노연리	4812125042
경상남도 창원의창구 동읍 다호리	경상남도 창원시 의창구 동읍 다호리	4812125034
경상남도 창원의창구 동읍 단계리	경상남도 창원시 의창구 동읍 단계리	4812125029
경상남도 창원의창구 동읍 덕산리	경상남도 창원시 의창구 동읍 덕산리	4812125025
경상남도 창원의창구 동읍 덕천리	경상남도 창원시 의창구 동읍 덕천리	4812125024
경상남도 창원의창구 동읍 무성리	경상남도 창원시 의창구 동읍 무성리	4812125030
경상남도 창원의창구 동읍 무점리	경상남도 창원시 의창구 동읍 무점리	4812125031
경상남도 창원의창구 동읍 본포리	경상남도 창원시 의창구 동읍 본포리	4812125041
경상남도 창원의창구 동읍 봉강리	경상남도 창원시 의창구 동읍 봉강리	4812125040
경상남도 창원의창구 동읍 봉곡리	경상남도 창원시 의창구 동읍 봉곡리	4812125039
경상남도 창원의창구 동읍 봉산리	경상남도 창원시 의창구 동읍 봉산리	4812125026
경상남도 창원의창구 동읍 산남리	경상남도 창원시 의창구 동읍 산남리	4812125043
경상남도 창원의창구 동읍 석산리	경상남도 창원시 의창구 동읍 석산리	4812125037
경상남도 창원의창구 동읍 송정리	경상남도 창원시 의창구 동읍 송정리	4812125027
경상남도 창원의창구 동읍 신방리	경상남도 창원시 의창구 동읍 신방리	4812125033
경상남도 창원의창구 동읍 용강리	경상남도 창원시 의창구 동읍 용강리	4812125021
경상남도 창원의창구 동읍 용잠리	경상남도 창원시 의창구 동읍 용잠리	4812125032
경상남도 창원의창구 동읍 용전리	경상남도 창원시 의창구 동읍 용전리	4812125022
경상남도 창원의창구 동읍 용정리	경상남도 창원시 의창구 동읍 용정리	4812125028
경상남도 창원의창구 동읍 월잠리	경상남도 창원시 의창구 동읍 월잠리	4812125035
경상남도 창원의창구 동읍 죽동리	경상남도 창원시 의창구 동읍 죽동리	4812125044
경상남도 창원의창구 동읍 화양리	경상남도 창원시 의창구 동읍 화양리	4812125036
경상남도 창원의창구 동정동	경상남도 창원시 의창구 동정동	4812110600
경상남도 창원의창구 두대동	경상남도 창원시 의창구 두대동	4812111100
경상남도 창원의창구 명곡동	경상남도 창원시 의창구 명곡동	4812111800
경상남도 창원의창구 명서동	경상남도 창원시 의창구 명서동	4812112400
경상남도 창원의창구 반계동	경상남도 창원시 의창구 반계동	4812111900
경상남도 창원의창구 봉곡동	경상남도 창원시 의창구 봉곡동	4812112700
경상남도 창원의창구 봉림동	경상남도 창원시 의창구 봉림동	4812111600
경상남도 창원의창구 북동	경상남도 창원시 의창구 북동	4812110100
경상남도 창원의창구 북면 감계리	경상남도 창원시 의창구 북면 감계리	4812131028
경상남도 창원의창구 북면 고암리	경상남도 창원시 의창구 북면 고암리	4812131022
경상남도 창원의창구 북면 내곡리	경상남도 창원시 의창구 북면 내곡리	4812131032
경상남도 창원의창구 북면 대산리	경상남도 창원시 의창구 북면 대산리	4812131023
경상남도 창원의창구 북면 동전리	경상남도 창원시 의창구 북면 동전리	4812131029
경상남도 창원의창구 북면 마산리	경상남도 창원시 의창구 북면 마산리	4812131037
경상남도 창원의창구 북면 무곡리	경상남도 창원시 의창구 북면 무곡리	4812131031
경상남도 창원의창구 북면 무동리	경상남도 창원시 의창구 북면 무동리	4812131030
경상남도 창원의창구 북면 상천리	경상남도 창원시 의창구 북면 상천리	4812131033
경상남도 창원의창구 북면 신촌리	경상남도 창원시 의창구 북면 신촌리	4812131036
경상남도 창원의창구 북면 외감리	경상남도 창원시 의창구 북면 외감리	4812131027
경상남도 창원의창구 북면 외산리	경상남도 창원시 의창구 북면 외산리	4812131035
경상남도 창원의창구 북면 월계리	경상남도 창원시 의창구 북면 월계리	4812131038
경상남도 창원의창구 북면 월백리	경상남도 창원시 의창구 북면 월백리	4812131025
경상남도 창원의창구 북면 월촌리	경상남도 창원시 의창구 북면 월촌리	4812131024
경상남도 창원의창구 북면 지개리	경상남도 창원시 의창구 북면 지개리	4812131021
경상남도 창원의창구 북면 하천리	경상남도 창원시 의창구 북면 하천리	4812131034
경상남도 창원의창구 북면 화천리	경상남도 창원시 의창구 북면 화천리	4812131026
경상남도 창원의창구 사림동	경상남도 창원시 의창구 사림동	4812112500
경상남도 창원의창구 사화동	경상남도 창원시 의창구 사화동	4812112000
경상남도 창원의창구 삼동동	경상남도 창원시 의창구 삼동동	4812111000
경상남도 창원의창구 서곡동	경상남도 창원시 의창구 서곡동	4812111400
경상남도 창원의창구 서상동	경상남도 창원시 의창구 서상동	4812110300
경상남도 창원의창구 소계동	경상남도 창원시 의창구 소계동	4812110700
경상남도 창원의창구 소답동	경상남도 창원시 의창구 소답동	4812110400
경상남도 창원의창구 신월동	경상남도 창원시 의창구 신월동	4812112600
경상남도 창원의창구 용동	경상남도 창원시 의창구 용동	4812110800
경상남도 창원의창구 용호동	경상남도 창원시 의창구 용호동	4812112800
경상남도 창원의창구 중동	경상남도 창원시 의창구 중동	4812110200
경상남도 창원의창구 지귀동	경상남도 창원시 의창구 지귀동	4812111300
경상남도 창원의창구 차용동	경상남도 창원시 의창구 차용동	4812112100
경상남도 창원의창구 퇴촌동	경상남도 창원시 의창구 퇴촌동	4812111700
경상남도 창원의창구 팔용동	경상남도 창원시 의창구 팔용동	4812112900
경상남도 창원진해구 가주동	경상남도 창원시 진해구 가주동	4812916500
경상남도 창원진해구 경화동	경상남도 창원시 진해구 경화동	4812913900
경상남도 창원진해구 광화동	경상남도 창원시 진해구 광화동	4812912400
경상남도 창원진해구 근화동	경상남도 창원시 진해구 근화동	4812912900
경상남도 창원진해구 남문동	경상남도 창원시 진해구 남문동	4812915000
경상남도 창원진해구 남양동	경상남도 창원시 진해구 남양동	4812915700
경상남도 창원진해구 대영동	경상남도 창원시 진해구 대영동	4812911200
경상남도 창원진해구 대장동	경상남도 창원시 진해구 대장동	4812916000
경상남도 창원진해구 대죽동	경상남도 창원시 진해구 대죽동	4812911700
경상남도 창원진해구 대천동	경상남도 창원시 진해구 대천동	4812912300
경상남도 창원진해구 대흥동	경상남도 창원시 진해구 대흥동	4812913300
경상남도 창원진해구 덕산동	경상남도 창원시 진해구 덕산동	4812914300
경상남도 창원진해구 도천동	경상남도 창원시 진해구 도천동	4812910200
경상남도 창원진해구 동상동	경상남도 창원시 진해구 동상동	4812910100
경상남도 창원진해구 두동	경상남도 창원시 진해구 두동	4812916100
경상남도 창원진해구 마천동	경상남도 창원시 진해구 마천동	4812915800
경상남도 창원진해구 명동	경상남도 창원시 진해구 명동	4812915400
경상남도 창원진해구 무송동	경상남도 창원시 진해구 무송동	4812910900
경상남도 창원진해구 부흥동	경상남도 창원시 진해구 부흥동	4812912700
경상남도 창원진해구 북부동	경상남도 창원시 진해구 북부동	4812914700
경상남도 창원진해구 서중동	경상남도 창원시 진해구 서중동	4812914900
경상남도 창원진해구 석동	경상남도 창원시 진해구 석동	4812914000
경상남도 창원진해구 성내동	경상남도 창원시 진해구 성내동	4812914800
경상남도 창원진해구 소사동	경상남도 창원시 진해구 소사동	4812915900
경상남도 창원진해구 속천동	경상남도 창원시 진해구 속천동	4812911600
경상남도 창원진해구 송학동	경상남도 창원시 진해구 송학동	4812913200
경상남도 창원진해구 수도동	경상남도 창원시 진해구 수도동	4812915200
경상남도 창원진해구 수송동	경상남도 창원시 진해구 수송동	4812911900
경상남도 창원진해구 숭인동	경상남도 창원시 진해구 숭인동	4812911100
경상남도 창원진해구 안곡동	경상남도 창원시 진해구 안곡동	4812911800
경상남도 창원진해구 안골동	경상남도 창원시 진해구 안골동	4812916300
경상남도 창원진해구 여좌동	경상남도 창원시 진해구 여좌동	4812913700
경상남도 창원진해구 연도동	경상남도 창원시 진해구 연도동	4812915300
경상남도 창원진해구 용원동	경상남도 창원시 진해구 용원동	4812916400
경상남도 창원진해구 원포동	경상남도 창원시 진해구 원포동	4812915600
경상남도 창원진해구 이동	경상남도 창원시 진해구 이동	4812914100
경상남도 창원진해구 익선동	경상남도 창원시 진해구 익선동	4812912100
경상남도 창원진해구 인사동	경상남도 창원시 진해구 인사동	4812913600
경상남도 창원진해구 인의동	경상남도 창원시 진해구 인의동	4812911000
경상남도 창원진해구 자은동	경상남도 창원시 진해구 자은동	4812914200
경상남도 창원진해구 장천동	경상남도 창원시 진해구 장천동	4812914500
경상남도 창원진해구 제덕동	경상남도 창원시 진해구 제덕동	4812915100
경상남도 창원진해구 제황산동	경상남도 창원시 진해구 제황산동	4812911500
경상남도 창원진해구 죽곡동	경상남도 창원시 진해구 죽곡동	4812915500
경상남도 창원진해구 중앙동	경상남도 창원시 진해구 중앙동	4812912600
경상남도 창원진해구 중평동	경상남도 창원시 진해구 중평동	4812912800
경상남도 창원진해구 창선동	경상남도 창원시 진해구 창선동	4812912200
경상남도 창원진해구 청안동	경상남도 창원시 진해구 청안동	4812916200
경상남도 창원진해구 충무동	경상남도 창원시 진해구 충무동	4812913500
경상남도 창원진해구 충의동	경상남도 창원시 진해구 충의동	4812910800
경상남도 창원진해구 태백동	경상남도 창원시 진해구 태백동	4812913800
경상남도 창원진해구 태평동	경상남도 창원시 진해구 태평동	4812910700
경상남도 창원진해구 통신동	경상남도 창원시 진해구 통신동	4812912500
경상남도 창원진해구 평안동	경상남도 창원시 진해구 평안동	4812913400
경상남도 창원진해구 풍호동	경상남도 창원시 진해구 풍호동	4812914400
경상남도 창원진해구 행암동	경상남도 창원시 진해구 행암동	4812914600
경상남도 창원진해구 현동	경상남도 창원시 진해구 현동	4812910500
경상남도 창원진해구 화천동	경상남도 창원시 진해구 화천동	4812913100
경상남도 창원진해구 회현동	경상남도 창원시 진해구 회현동	4812912000
경상남도 통영시 광도면 노산리	경상남도 통영시 광도면 노산리	4822034023
경상남도 통영시 광도면 덕포리	경상남도 통영시 광도면 덕포리	4822034021
경상남도 통영시 광도면 안정리	경상남도 통영시 광도면 안정리	4822034027
경상남도 통영시 광도면 용호리	경상남도 통영시 광도면 용호리	4822034025
경상남도 통영시 광도면 우동리	경상남도 통영시 광도면 우동리	4822034022
경상남도 통영시 광도면 죽림리	경상남도 통영시 광도면 죽림리	4822034024
경상남도 통영시 광도면 황리	경상남도 통영시 광도면 황리	4822034026
경상남도 통영시 당동	경상남도 통영시 당동	4822011400
경상남도 통영시 도남동	경상남도 통영시 도남동	4822011700
경상남도 통영시 도산면 관덕리	경상남도 통영시 도산면 관덕리	4822033024
경상남도 통영시 도산면 도선리	경상남도 통영시 도산면 도선리	4822033022
경상남도 통영시 도산면 법송리	경상남도 통영시 도산면 법송리	4822033023
경상남도 통영시 도산면 수월리	경상남도 통영시 도산면 수월리	4822033027
경상남도 통영시 도산면 오륜리	경상남도 통영시 도산면 오륜리	4822033025
경상남도 통영시 도산면 원산리	경상남도 통영시 도산면 원산리	4822033021
경상남도 통영시 도산면 저산리	경상남도 통영시 도산면 저산리	4822033026
경상남도 통영시 도천동	경상남도 통영시 도천동	4822010100
경상남도 통영시 동호동	경상남도 통영시 동호동	4822010800
경상남도 통영시 명정동	경상남도 통영시 명정동	4822010300
경상남도 통영시 무전동	경상남도 통영시 무전동	4822011100
경상남도 통영시 문화동	경상남도 통영시 문화동	4822010600
경상남도 통영시 미수동	경상남도 통영시 미수동	4822011500
경상남도 통영시 봉평동	경상남도 통영시 봉평동	4822011600
경상남도 통영시 북신동	경상남도 통영시 북신동	4822011000
경상남도 통영시 사량면 금평리	경상남도 통영시 사량면 금평리	4822037021
경상남도 통영시 사량면 돈지리	경상남도 통영시 사량면 돈지리	4822037022
경상남도 통영시 사량면 양지리	경상남도 통영시 사량면 양지리	4822037024
경상남도 통영시 사량면 읍덕리	경상남도 통영시 사량면 읍덕리	4822037023
경상남도 통영시 산양읍 곤리리	경상남도 통영시 산양읍 곤리리	4822025028
경상남도 통영시 산양읍 남평리	경상남도 통영시 산양읍 남평리	4822025026
경상남도 통영시 산양읍 미남리	경상남도 통영시 산양읍 미남리	4822025023
경상남도 통영시 산양읍 삼덕리	경상남도 통영시 산양읍 삼덕리	4822025025
경상남도 통영시 산양읍 신전리	경상남도 통영시 산양읍 신전리	4822025022
경상남도 통영시 산양읍 연곡리	경상남도 통영시 산양읍 연곡리	4822025031
경상남도 통영시 산양읍 연화리	경상남도 통영시 산양읍 연화리	4822025024
경상남도 통영시 산양읍 영운리	경상남도 통영시 산양읍 영운리	4822025021
경상남도 통영시 산양읍 저림리	경상남도 통영시 산양읍 저림리	4822025030
경상남도 통영시 산양읍 추도리	경상남도 통영시 산양읍 추도리	4822025029
경상남도 통영시 산양읍 풍화리	경상남도 통영시 산양읍 풍화리	4822025027
경상남도 통영시 서호동	경상남도 통영시 서호동	4822010200
경상남도 통영시 욕지면 노대리	경상남도 통영시 욕지면 노대리	4822035024
경상남도 통영시 욕지면 동항리	경상남도 통영시 욕지면 동항리	4822035021
경상남도 통영시 욕지면 두미리	경상남도 통영시 욕지면 두미리	4822035025
경상남도 통영시 욕지면 서산리	경상남도 통영시 욕지면 서산리	4822035022
경상남도 통영시 욕지면 연화리	경상남도 통영시 욕지면 연화리	4822035023
경상남도 통영시 용남면 동달리	경상남도 통영시 용남면 동달리	4822031022
경상남도 통영시 용남면 삼화리	경상남도 통영시 용남면 삼화리	4822031024
경상남도 통영시 용남면 어의리	경상남도 통영시 용남면 어의리	4822031028
경상남도 통영시 용남면 원평리	경상남도 통영시 용남면 원평리	4822031025
경상남도 통영시 용남면 장문리	경상남도 통영시 용남면 장문리	4822031023
경상남도 통영시 용남면 장평리	경상남도 통영시 용남면 장평리	4822031026
경상남도 통영시 용남면 지도리	경상남도 통영시 용남면 지도리	4822031027
경상남도 통영시 용남면 화삼리	경상남도 통영시 용남면 화삼리	4822031021
경상남도 통영시 인평동	경상남도 통영시 인평동	4822011300
경상남도 통영시 정량동	경상남도 통영시 정량동	4822010900
경상남도 통영시 중앙동	경상남도 통영시 중앙동	4822010500
경상남도 통영시 태평동	경상남도 통영시 태평동	4822010700
경상남도 통영시 평림동	경상남도 통영시 평림동	4822011200
경상남도 통영시 한산면 두억리	경상남도 통영시 한산면 두억리	4822036021
경상남도 통영시 한산면 매죽리	경상남도 통영시 한산면 매죽리	4822036028
경상남도 통영시 한산면 비진리	경상남도 통영시 한산면 비진리	4822036027
경상남도 통영시 한산면 염호리	경상남도 통영시 한산면 염호리	4822036022
경상남도 통영시 한산면 용호리	경상남도 통영시 한산면 용호리	4822036026
경상남도 통영시 한산면 창좌리	경상남도 통영시 한산면 창좌리	4822036023
경상남도 통영시 한산면 추봉리	경상남도 통영시 한산면 추봉리	4822036025
경상남도 통영시 한산면 하소리	경상남도 통영시 한산면 하소리	4822036024
경상남도 통영시 항남동	경상남도 통영시 항남동	4822010400
경상남도 하동군 고전면 고하리	경상남도 하동군 고전면 고하리	4885035026
경상남도 하동군 고전면 대덕리	경상남도 하동군 고전면 대덕리	4885035025
경상남도 하동군 고전면 명교리	경상남도 하동군 고전면 명교리	4885035028
경상남도 하동군 고전면 범아리	경상남도 하동군 고전면 범아리	4885035021
경상남도 하동군 고전면 성천리	경상남도 하동군 고전면 성천리	4885035022
경상남도 하동군 고전면 성평리	경상남도 하동군 고전면 성평리	4885035027
경상남도 하동군 고전면 신월리	경상남도 하동군 고전면 신월리	4885035023
경상남도 하동군 고전면 전도리	경상남도 하동군 고전면 전도리	4885035024
경상남도 하동군 금남면 계천리	경상남도 하동군 금남면 계천리	4885036030
경상남도 하동군 금남면 노량리	경상남도 하동군 금남면 노량리	4885036024
경상남도 하동군 금남면 대도리	경상남도 하동군 금남면 대도리	4885036034
경상남도 하동군 금남면 대송리	경상남도 하동군 금남면 대송리	4885036026
경상남도 하동군 금남면 대치리	경상남도 하동군 금남면 대치리	4885036023
경상남도 하동군 금남면 덕천리	경상남도 하동군 금남면 덕천리	4885036027
경상남도 하동군 금남면 송문리	경상남도 하동군 금남면 송문리	4885036025
경상남도 하동군 금남면 중평리	경상남도 하동군 금남면 중평리	4885036022
경상남도 하동군 금남면 진정리	경상남도 하동군 금남면 진정리	4885036028
경상남도 하동군 금성면 가덕리	경상남도 하동군 금성면 가덕리	4885042021
경상남도 하동군 금성면 갈사리	경상남도 하동군 금성면 갈사리	4885042024
경상남도 하동군 금성면 고포리	경상남도 하동군 금성면 고포리	4885042023
경상남도 하동군 금성면 궁항리	경상남도 하동군 금성면 궁항리	4885042022
경상남도 하동군 북천면 방화리	경상남도 하동군 북천면 방화리	4885039021
경상남도 하동군 북천면 사평리	경상남도 하동군 북천면 사평리	4885039022
경상남도 하동군 북천면 서황리	경상남도 하동군 북천면 서황리	4885039025
경상남도 하동군 북천면 옥정리	경상남도 하동군 북천면 옥정리	4885039024
경상남도 하동군 북천면 직전리	경상남도 하동군 북천면 직전리	4885039023
경상남도 하동군 북천면 화정리	경상남도 하동군 북천면 화정리	4885039026
경상남도 하동군 악양면 동매리	경상남도 하동군 악양면 동매리	4885032027
경상남도 하동군 악양면 등촌리	경상남도 하동군 악양면 등촌리	4885032028
경상남도 하동군 악양면 매계리	경상남도 하동군 악양면 매계리	4885032029
경상남도 하동군 악양면 미점리	경상남도 하동군 악양면 미점리	4885032021
경상남도 하동군 악양면 봉대리	경상남도 하동군 악양면 봉대리	4885032033
경상남도 하동군 악양면 신대리	경상남도 하동군 악양면 신대리	4885032023
경상남도 하동군 악양면 신성리	경상남도 하동군 악양면 신성리	4885032024
경상남도 하동군 악양면 신흥리	경상남도 하동군 악양면 신흥리	4885032025
경상남도 하동군 악양면 입석리	경상남도 하동군 악양면 입석리	4885032032
경상남도 하동군 악양면 정동리	경상남도 하동군 악양면 정동리	4885032030
경상남도 하동군 악양면 정서리	경상남도 하동군 악양면 정서리	4885032031
경상남도 하동군 악양면 중대리	경상남도 하동군 악양면 중대리	4885032026
경상남도 하동군 악양면 축지리	경상남도 하동군 악양면 축지리	4885032022
경상남도 하동군 악양면 평사리	경상남도 하동군 악양면 평사리	4885032034
경상남도 하동군 양보면 감당리	경상남도 하동군 양보면 감당리	4885038023
경상남도 하동군 양보면 박달리	경상남도 하동군 양보면 박달리	4885038026
경상남도 하동군 양보면 우복리	경상남도 하동군 양보면 우복리	4885038024
경상남도 하동군 양보면 운암리	경상남도 하동군 양보면 운암리	4885038021
경상남도 하동군 양보면 장암리	경상남도 하동군 양보면 장암리	4885038022
경상남도 하동군 양보면 지례리	경상남도 하동군 양보면 지례리	4885038027
경상남도 하동군 양보면 통정리	경상남도 하동군 양보면 통정리	4885038025
경상남도 하동군 옥종면 궁항리	경상남도 하동군 옥종면 궁항리	4885041033
경상남도 하동군 옥종면 대곡리	경상남도 하동군 옥종면 대곡리	4885041029
경상남도 하동군 옥종면 두양리	경상남도 하동군 옥종면 두양리	4885041023
경상남도 하동군 옥종면 문암리	경상남도 하동군 옥종면 문암리	4885041025
경상남도 하동군 옥종면 법대리	경상남도 하동군 옥종면 법대리	4885041028
경상남도 하동군 옥종면 병천리	경상남도 하동군 옥종면 병천리	4885041027
경상남도 하동군 옥종면 북방리	경상남도 하동군 옥종면 북방리	4885041030
경상남도 하동군 옥종면 안계리	경상남도 하동군 옥종면 안계리	4885041026
경상남도 하동군 옥종면 양구리	경상남도 하동군 옥종면 양구리	4885041032
경상남도 하동군 옥종면 월횡리	경상남도 하동군 옥종면 월횡리	4885041022
경상남도 하동군 옥종면 위태리	경상남도 하동군 옥종면 위태리	4885041034
경상남도 하동군 옥종면 정수리	경상남도 하동군 옥종면 정수리	4885041031
경상남도 하동군 옥종면 종화리	경상남도 하동군 옥종면 종화리	4885041024
경상남도 하동군 옥종면 청룡리	경상남도 하동군 옥종면 청룡리	4885041021
경상남도 하동군 옥종면 회신리	경상남도 하동군 옥종면 회신리	4885041035
경상남도 하동군 적량면 고절리	경상남도 하동군 적량면 고절리	4885033026
경상남도 하동군 적량면 관리	경상남도 하동군 적량면 관리	4885033021
경상남도 하동군 적량면 동리	경상남도 하동군 적량면 동리	4885033023
경상남도 하동군 적량면 동산리	경상남도 하동군 적량면 동산리	4885033025
경상남도 하동군 적량면 서리	경상남도 하동군 적량면 서리	4885033024
경상남도 하동군 적량면 우계리	경상남도 하동군 적량면 우계리	4885033022
경상남도 하동군 진교면 고룡리	경상남도 하동군 진교면 고룡리	4885037024
경상남도 하동군 진교면 고이리	경상남도 하동군 진교면 고이리	4885037029
경상남도 하동군 진교면 관곡리	경상남도 하동군 진교면 관곡리	4885037026
경상남도 하동군 진교면 백련리	경상남도 하동군 진교면 백련리	4885037022
경상남도 하동군 진교면 송원리	경상남도 하동군 진교면 송원리	4885037028
경상남도 하동군 진교면 술상리	경상남도 하동군 진교면 술상리	4885037030
경상남도 하동군 진교면 안심리	경상남도 하동군 진교면 안심리	4885037023
경상남도 하동군 진교면 양포리	경상남도 하동군 진교면 양포리	4885037025
경상남도 하동군 진교면 월운리	경상남도 하동군 진교면 월운리	4885037027
경상남도 하동군 진교면 진교리	경상남도 하동군 진교면 진교리	4885037021
경상남도 하동군 청암면 명호리	경상남도 하동군 청암면 명호리	4885040022
경상남도 하동군 청암면 묵계리	경상남도 하동군 청암면 묵계리	4885040025
경상남도 하동군 청암면 상이리	경상남도 하동군 청암면 상이리	4885040024
경상남도 하동군 청암면 중이리	경상남도 하동군 청암면 중이리	4885040023
경상남도 하동군 청암면 평촌리	경상남도 하동군 청암면 평촌리	4885040021
경상남도 하동군 하동읍 광평리	경상남도 하동군 하동읍 광평리	4885025022
경상남도 하동군 하동읍 두곡리	경상남도 하동군 하동읍 두곡리	4885025028
경상남도 하동군 하동읍 목도리	경상남도 하동군 하동읍 목도리	4885025025
경상남도 하동군 하동읍 비파리	경상남도 하동군 하동읍 비파리	4885025023
경상남도 하동군 하동읍 신기리	경상남도 하동군 하동읍 신기리	4885025024
경상남도 하동군 하동읍 읍내리	경상남도 하동군 하동읍 읍내리	4885025021
경상남도 하동군 하동읍 화심리	경상남도 하동군 하동읍 화심리	4885025027
경상남도 하동군 하동읍 흥룡리	경상남도 하동군 하동읍 흥룡리	4885025026
경상남도 하동군 화개면 대성리	경상남도 하동군 화개면 대성리	4885031029
경상남도 하동군 화개면 덕은리	경상남도 하동군 화개면 덕은리	4885031022
경상남도 하동군 화개면 범왕리	경상남도 하동군 화개면 범왕리	4885031028
경상남도 하동군 화개면 부춘리	경상남도 하동군 화개면 부춘리	4885031021
경상남도 하동군 화개면 삼신리	경상남도 하동군 화개면 삼신리	4885031024
경상남도 하동군 화개면 용강리	경상남도 하동군 화개면 용강리	4885031027
경상남도 하동군 화개면 운수리	경상남도 하동군 화개면 운수리	4885031026
경상남도 하동군 화개면 정금리	경상남도 하동군 화개면 정금리	4885031025
경상남도 하동군 화개면 탑리	경상남도 하동군 화개면 탑리	4885031023
경상남도 하동군 횡천면 남산리	경상남도 하동군 횡천면 남산리	4885034026
경상남도 하동군 횡천면 애치리	경상남도 하동군 횡천면 애치리	4885034022
경상남도 하동군 횡천면 여의리	경상남도 하동군 횡천면 여의리	4885034023
경상남도 하동군 횡천면 월평리	경상남도 하동군 횡천면 월평리	4885034025
경상남도 하동군 횡천면 전대리	경상남도 하동군 횡천면 전대리	4885034021
경상남도 하동군 횡천면 학리	경상남도 하동군 횡천면 학리	4885034027
경상남도 하동군 횡천면 횡천리	경상남도 하동군 횡천면 횡천리	4885034024
경상남도 함안군 가야읍 가야리	경상남도 함안군 가야읍 가야리	4873025029
경상남도 함안군 가야읍 검암리	경상남도 함안군 가야읍 검암리	4873025022
경상남도 함안군 가야읍 광정리	경상남도 함안군 가야읍 광정리	4873025023
경상남도 함안군 가야읍 도항리	경상남도 함안군 가야읍 도항리	4873025024
경상남도 함안군 가야읍 말산리	경상남도 함안군 가야읍 말산리	4873025021
경상남도 함안군 가야읍 묘사리	경상남도 함안군 가야읍 묘사리	4873025030
경상남도 함안군 가야읍 사내리	경상남도 함안군 가야읍 사내리	4873025028
경상남도 함안군 가야읍 산서리	경상남도 함안군 가야읍 산서리	4873025031
경상남도 함안군 가야읍 신음리	경상남도 함안군 가야읍 신음리	4873025025
경상남도 함안군 가야읍 춘곡리	경상남도 함안군 가야읍 춘곡리	4873025027
경상남도 함안군 가야읍 혈곡리	경상남도 함안군 가야읍 혈곡리	4873025026
경상남도 함안군 군북면 덕대리	경상남도 함안군 군북면 덕대리	4873032021
경상남도 함안군 군북면 동촌리	경상남도 함안군 군북면 동촌리	4873032024
경상남도 함안군 군북면 명관리	경상남도 함안군 군북면 명관리	4873032027
경상남도 함안군 군북면 모로리	경상남도 함안군 군북면 모로리	4873032028
경상남도 함안군 군북면 박곡리	경상남도 함안군 군북면 박곡리	4873032033
경상남도 함안군 군북면 사도리	경상남도 함안군 군북면 사도리	4873032029
경상남도 함안군 군북면 사촌리	경상남도 함안군 군북면 사촌리	4873032025
경상남도 함안군 군북면 소포리	경상남도 함안군 군북면 소포리	4873032023
경상남도 함안군 군북면 수곡리	경상남도 함안군 군북면 수곡리	4873032034
경상남도 함안군 군북면 영운리	경상남도 함안군 군북면 영운리	4873032035
경상남도 함안군 군북면 오곡리	경상남도 함안군 군북면 오곡리	4873032026
경상남도 함안군 군북면 원북리	경상남도 함안군 군북면 원북리	4873032037
경상남도 함안군 군북면 월촌리	경상남도 함안군 군북면 월촌리	4873032032
경상남도 함안군 군북면 유현리	경상남도 함안군 군북면 유현리	4873032031
경상남도 함안군 군북면 장지리	경상남도 함안군 군북면 장지리	4873032030
경상남도 함안군 군북면 중암리	경상남도 함안군 군북면 중암리	4873032022
경상남도 함안군 군북면 하림리	경상남도 함안군 군북면 하림리	4873032036
경상남도 함안군 대산면 구혜리	경상남도 함안군 대산면 구혜리	4873034027
경상남도 함안군 대산면 대사리	경상남도 함안군 대산면 대사리	4873034022
경상남도 함안군 대산면 부목리	경상남도 함안군 대산면 부목리	4873034021
경상남도 함안군 대산면 서촌리	경상남도 함안군 대산면 서촌리	4873034026
경상남도 함안군 대산면 옥렬리	경상남도 함안군 대산면 옥렬리	4873034024
경상남도 함안군 대산면 장암리	경상남도 함안군 대산면 장암리	4873034028
경상남도 함안군 대산면 평림리	경상남도 함안군 대산면 평림리	4873034023
경상남도 함안군 대산면 하기리	경상남도 함안군 대산면 하기리	4873034025
경상남도 함안군 법수면 강주리	경상남도 함안군 법수면 강주리	4873033021
경상남도 함안군 법수면 대송리	경상남도 함안군 법수면 대송리	4873033026
경상남도 함안군 법수면 백산리	경상남도 함안군 법수면 백산리	4873033027
경상남도 함안군 법수면 사정리	경상남도 함안군 법수면 사정리	4873033028
경상남도 함안군 법수면 우거리	경상남도 함안군 법수면 우거리	4873033022
경상남도 함안군 법수면 윤내리	경상남도 함안군 법수면 윤내리	4873033023
경상남도 함안군 법수면 윤외리	경상남도 함안군 법수면 윤외리	4873033024
경상남도 함안군 법수면 주물리	경상남도 함안군 법수면 주물리	4873033025
경상남도 함안군 법수면 황사리	경상남도 함안군 법수면 황사리	4873033029
경상남도 함안군 산인면 내인리	경상남도 함안군 산인면 내인리	4873038025
경상남도 함안군 산인면 모곡리	경상남도 함안군 산인면 모곡리	4873038023
경상남도 함안군 산인면 부봉리	경상남도 함안군 산인면 부봉리	4873038026
경상남도 함안군 산인면 송정리	경상남도 함안군 산인면 송정리	4873038024
경상남도 함안군 산인면 신산리	경상남도 함안군 산인면 신산리	4873038022
경상남도 함안군 산인면 운곡리	경상남도 함안군 산인면 운곡리	4873038027
경상남도 함안군 산인면 입곡리	경상남도 함안군 산인면 입곡리	4873038021
경상남도 함안군 여항면 내곡리	경상남도 함안군 여항면 내곡리	4873039022
경상남도 함안군 여항면 외암리	경상남도 함안군 여항면 외암리	4873039021
경상남도 함안군 여항면 주동리	경상남도 함안군 여항면 주동리	4873039024
경상남도 함안군 여항면 주서리	경상남도 함안군 여항면 주서리	4873039023
경상남도 함안군 칠북면 가연리	경상남도 함안군 칠북면 가연리	4873036026
경상남도 함안군 칠북면 검단리	경상남도 함안군 칠북면 검단리	4873036025
경상남도 함안군 칠북면 덕남리	경상남도 함안군 칠북면 덕남리	4873036022
경상남도 함안군 칠북면 봉촌리	경상남도 함안군 칠북면 봉촌리	4873036024
경상남도 함안군 칠북면 영동리	경상남도 함안군 칠북면 영동리	4873036027
경상남도 함안군 칠북면 이령리	경상남도 함안군 칠북면 이령리	4873036023
경상남도 함안군 칠북면 화천리	경상남도 함안군 칠북면 화천리	4873036021
경상남도 함안군 칠서면 계내리	경상남도 함안군 칠서면 계내리	4873035027
경상남도 함안군 칠서면 구포리	경상남도 함안군 칠서면 구포리	4873035023
경상남도 함안군 칠서면 대치리	경상남도 함안군 칠서면 대치리	4873035026
경상남도 함안군 칠서면 무릉리	경상남도 함안군 칠서면 무릉리	4873035022
경상남도 함안군 칠서면 용성리	경상남도 함안군 칠서면 용성리	4873035028
경상남도 함안군 칠서면 이룡리	경상남도 함안군 칠서면 이룡리	4873035029
경상남도 함안군 칠서면 청계리	경상남도 함안군 칠서면 청계리	4873035030
경상남도 함안군 칠서면 태곡리	경상남도 함안군 칠서면 태곡리	4873035025
경상남도 함안군 칠서면 회산리	경상남도 함안군 칠서면 회산리	4873035021
경상남도 함안군 칠원읍 구성리	경상남도 함안군 칠원읍 구성리	4873025321
경상남도 함안군 칠원읍 무기리	경상남도 함안군 칠원읍 무기리	4873025328
경상남도 함안군 칠원읍 예곡리	경상남도 함안군 칠원읍 예곡리	4873025326
경상남도 함안군 칠원읍 오곡리	경상남도 함안군 칠원읍 오곡리	4873025325
경상남도 함안군 칠원읍 용산리	경상남도 함안군 칠원읍 용산리	4873025322
경상남도 함안군 칠원읍 용정리	경상남도 함안군 칠원읍 용정리	4873025327
경상남도 함안군 칠원읍 운곡리	경상남도 함안군 칠원읍 운곡리	4873025330
경상남도 함안군 칠원읍 운서리	경상남도 함안군 칠원읍 운서리	4873025329
경상남도 함안군 칠원읍 유원리	경상남도 함안군 칠원읍 유원리	4873025323
경상남도 함안군 칠원읍 장암리	경상남도 함안군 칠원읍 장암리	4873025324
경상남도 함안군 함안면 강명리	경상남도 함안군 함안면 강명리	4873031025
경상남도 함안군 함안면 괴산리	경상남도 함안군 함안면 괴산리	4873031023
경상남도 함안군 함안면 대산리	경상남도 함안군 함안면 대산리	4873031024
경상남도 함안군 함안면 봉성리	경상남도 함안군 함안면 봉성리	4873031021
경상남도 함안군 함안면 북촌리	경상남도 함안군 함안면 북촌리	4873031022
경상남도 함안군 함안면 파수리	경상남도 함안군 함안면 파수리	4873031026
경상남도 함양군 마천면 가흥리	경상남도 함양군 마천면 가흥리	4887031021
경상남도 함양군 마천면 강청리	경상남도 함양군 마천면 강청리	4887031025
경상남도 함양군 마천면 구양리	경상남도 함양군 마천면 구양리	4887031029
경상남도 함양군 마천면 군자리	경상남도 함양군 마천면 군자리	4887031022
경상남도 함양군 마천면 덕전리	경상남도 함양군 마천면 덕전리	4887031023
경상남도 함양군 마천면 삼정리	경상남도 함양군 마천면 삼정리	4887031024
경상남도 함양군 마천면 의탄리	경상남도 함양군 마천면 의탄리	4887031027
경상남도 함양군 마천면 창원리	경상남도 함양군 마천면 창원리	4887031028
경상남도 함양군 마천면 추성리	경상남도 함양군 마천면 추성리	4887031026
경상남도 함양군 백전면 경백리	경상남도 함양군 백전면 경백리	4887039028
경상남도 함양군 백전면 구산리	경상남도 함양군 백전면 구산리	4887039026
경상남도 함양군 백전면 대안리	경상남도 함양군 백전면 대안리	4887039025
경상남도 함양군 백전면 백운리	경상남도 함양군 백전면 백운리	4887039023
경상남도 함양군 백전면 양백리	경상남도 함양군 백전면 양백리	4887039022
경상남도 함양군 백전면 오천리	경상남도 함양군 백전면 오천리	4887039027
경상남도 함양군 백전면 운산리	경상남도 함양군 백전면 운산리	4887039024
경상남도 함양군 백전면 평정리	경상남도 함양군 백전면 평정리	4887039021
경상남도 함양군 병곡면 광평리	경상남도 함양군 병곡면 광평리	4887040026
경상남도 함양군 병곡면 도천리	경상남도 함양군 병곡면 도천리	4887040024
경상남도 함양군 병곡면 송평리	경상남도 함양군 병곡면 송평리	4887040023
경상남도 함양군 병곡면 연덕리	경상남도 함양군 병곡면 연덕리	4887040022
경상남도 함양군 병곡면 옥계리	경상남도 함양군 병곡면 옥계리	4887040021
경상남도 함양군 병곡면 원산리	경상남도 함양군 병곡면 원산리	4887040027
경상남도 함양군 병곡면 월암리	경상남도 함양군 병곡면 월암리	4887040025
경상남도 함양군 서상면 금당리	경상남도 함양군 서상면 금당리	4887038024
경상남도 함양군 서상면 대남리	경상남도 함양군 서상면 대남리	4887038021
경상남도 함양군 서상면 도천리	경상남도 함양군 서상면 도천리	4887038022
경상남도 함양군 서상면 상남리	경상남도 함양군 서상면 상남리	4887038026
경상남도 함양군 서상면 옥산리	경상남도 함양군 서상면 옥산리	4887038023
경상남도 함양군 서상면 중남리	경상남도 함양군 서상면 중남리	4887038025
경상남도 함양군 서하면 다곡리	경상남도 함양군 서하면 다곡리	4887037023
경상남도 함양군 서하면 봉전리	경상남도 함양군 서하면 봉전리	4887037025
경상남도 함양군 서하면 송계리	경상남도 함양군 서하면 송계리	4887037021
경상남도 함양군 서하면 운곡리	경상남도 함양군 서하면 운곡리	4887037022
경상남도 함양군 서하면 황산리	경상남도 함양군 서하면 황산리	4887037024
경상남도 함양군 수동면 내백리	경상남도 함양군 수동면 내백리	4887034026
경상남도 함양군 수동면 도북리	경상남도 함양군 수동면 도북리	4887034024
경상남도 함양군 수동면 상백리	경상남도 함양군 수동면 상백리	4887034025
경상남도 함양군 수동면 우명리	경상남도 함양군 수동면 우명리	4887034027
경상남도 함양군 수동면 원평리	경상남도 함양군 수동면 원평리	4887034028
경상남도 함양군 수동면 죽산리	경상남도 함양군 수동면 죽산리	4887034022
경상남도 함양군 수동면 하교리	경상남도 함양군 수동면 하교리	4887034023
경상남도 함양군 수동면 화산리	경상남도 함양군 수동면 화산리	4887034021
경상남도 함양군 안의면 교북리	경상남도 함양군 안의면 교북리	4887036034
경상남도 함양군 안의면 귀곡리	경상남도 함양군 안의면 귀곡리	4887036029
경상남도 함양군 안의면 금천리	경상남도 함양군 안의면 금천리	4887036021
경상남도 함양군 안의면 당본리	경상남도 함양군 안의면 당본리	4887036022
경상남도 함양군 안의면 대대리	경상남도 함양군 안의면 대대리	4887036030
경상남도 함양군 안의면 도림리	경상남도 함양군 안의면 도림리	4887036026
경상남도 함양군 안의면 봉산리	경상남도 함양군 안의면 봉산리	4887036028
경상남도 함양군 안의면 상원리	경상남도 함양군 안의면 상원리	4887036033
경상남도 함양군 안의면 석천리	경상남도 함양군 안의면 석천리	4887036024
경상남도 함양군 안의면 신안리	경상남도 함양군 안의면 신안리	4887036031
경상남도 함양군 안의면 월림리	경상남도 함양군 안의면 월림리	4887036035
경상남도 함양군 안의면 이전리	경상남도 함양군 안의면 이전리	4887036023
경상남도 함양군 안의면 초동리	경상남도 함양군 안의면 초동리	4887036027
경상남도 함양군 안의면 하원리	경상남도 함양군 안의면 하원리	4887036032
경상남도 함양군 안의면 황곡리	경상남도 함양군 안의면 황곡리	4887036025
경상남도 함양군 유림면 국계리	경상남도 함양군 유림면 국계리	4887033026
경상남도 함양군 유림면 대궁리	경상남도 함양군 유림면 대궁리	4887033027
경상남도 함양군 유림면 서주리	경상남도 함양군 유림면 서주리	4887033023
경상남도 함양군 유림면 손곡리	경상남도 함양군 유림면 손곡리	4887033021
경상남도 함양군 유림면 옥매리	경상남도 함양군 유림면 옥매리	4887033029
경상남도 함양군 유림면 웅평리	경상남도 함양군 유림면 웅평리	4887033028
경상남도 함양군 유림면 유평리	경상남도 함양군 유림면 유평리	4887033022
경상남도 함양군 유림면 장항리	경상남도 함양군 유림면 장항리	4887033025
경상남도 함양군 유림면 화촌리	경상남도 함양군 유림면 화촌리	4887033024
경상남도 함양군 지곡면 개평리	경상남도 함양군 지곡면 개평리	4887035021
경상남도 함양군 지곡면 공배리	경상남도 함양군 지곡면 공배리	4887035029
경상남도 함양군 지곡면 남효리	경상남도 함양군 지곡면 남효리	4887035026
경상남도 함양군 지곡면 덕암리	경상남도 함양군 지곡면 덕암리	4887035023
경상남도 함양군 지곡면 도촌리	경상남도 함양군 지곡면 도촌리	4887035028
경상남도 함양군 지곡면 마산리	경상남도 함양군 지곡면 마산리	4887035024
경상남도 함양군 지곡면 보산리	경상남도 함양군 지곡면 보산리	4887035030
경상남도 함양군 지곡면 시목리	경상남도 함양군 지곡면 시목리	4887035025
경상남도 함양군 지곡면 창평리	경상남도 함양군 지곡면 창평리	4887035027
경상남도 함양군 지곡면 평촌리	경상남도 함양군 지곡면 평촌리	4887035022
경상남도 함양군 함양읍 교산리	경상남도 함양군 함양읍 교산리	4887025024
경상남도 함양군 함양읍 구룡리	경상남도 함양군 함양읍 구룡리	4887025034
경상남도 함양군 함양읍 난평리	경상남도 함양군 함양읍 난평리	4887025030
경상남도 함양군 함양읍 대덕리	경상남도 함양군 함양읍 대덕리	4887025023
경상남도 함양군 함양읍 백연리	경상남도 함양군 함양읍 백연리	4887025028
경상남도 함양군 함양읍 백천리	경상남도 함양군 함양읍 백천리	4887025027
경상남도 함양군 함양읍 삼산리	경상남도 함양군 함양읍 삼산리	4887025031
경상남도 함양군 함양읍 신관리	경상남도 함양군 함양읍 신관리	4887025026
경상남도 함양군 함양읍 신천리	경상남도 함양군 함양읍 신천리	4887025025
경상남도 함양군 함양읍 용평리	경상남도 함양군 함양읍 용평리	4887025022
경상남도 함양군 함양읍 운림리	경상남도 함양군 함양읍 운림리	4887025021
경상남도 함양군 함양읍 웅곡리	경상남도 함양군 함양읍 웅곡리	4887025033
경상남도 함양군 함양읍 이은리	경상남도 함양군 함양읍 이은리	4887025029
경상남도 함양군 함양읍 죽곡리	경상남도 함양군 함양읍 죽곡리	4887025032
경상남도 함양군 함양읍 죽림리	경상남도 함양군 함양읍 죽림리	4887025035
경상남도 함양군 휴천면 금반리	경상남도 함양군 휴천면 금반리	4887032022
경상남도 함양군 휴천면 남호리	경상남도 함양군 휴천면 남호리	4887032027
경상남도 함양군 휴천면 대천리	경상남도 함양군 휴천면 대천리	4887032026
경상남도 함양군 휴천면 동강리	경상남도 함양군 휴천면 동강리	4887032028
경상남도 함양군 휴천면 목현리	경상남도 함양군 휴천면 목현리	4887032024
경상남도 함양군 휴천면 문정리	경상남도 함양군 휴천면 문정리	4887032031
경상남도 함양군 휴천면 송전리	경상남도 함양군 휴천면 송전리	4887032030
경상남도 함양군 휴천면 운서리	경상남도 함양군 휴천면 운서리	4887032029
경상남도 함양군 휴천면 월평리	경상남도 함양군 휴천면 월평리	4887032021
경상남도 함양군 휴천면 태관리	경상남도 함양군 휴천면 태관리	4887032023
경상남도 함양군 휴천면 호산리	경상남도 함양군 휴천면 호산리	4887032025
경상남도 합천군 가야면 가천리	경상남도 합천군 가야면 가천리	4889033023
경상남도 합천군 가야면 구미리	경상남도 합천군 가야면 구미리	4889033024
경상남도 합천군 가야면 구원리	경상남도 합천군 가야면 구원리	4889033033
경상남도 합천군 가야면 대전리	경상남도 합천군 가야면 대전리	4889033022
경상남도 합천군 가야면 매안리	경상남도 합천군 가야면 매안리	4889033026
경상남도 합천군 가야면 매화리	경상남도 합천군 가야면 매화리	4889033027
경상남도 합천군 가야면 사촌리	경상남도 합천군 가야면 사촌리	4889033030
경상남도 합천군 가야면 성기리	경상남도 합천군 가야면 성기리	4889033025
경상남도 합천군 가야면 야천리	경상남도 합천군 가야면 야천리	4889033032
경상남도 합천군 가야면 이천리	경상남도 합천군 가야면 이천리	4889033029
경상남도 합천군 가야면 죽전리	경상남도 합천군 가야면 죽전리	4889033021
경상남도 합천군 가야면 청현리	경상남도 합천군 가야면 청현리	4889033028
경상남도 합천군 가야면 치인리	경상남도 합천군 가야면 치인리	4889033034
경상남도 합천군 가야면 황산리	경상남도 합천군 가야면 황산리	4889033031
경상남도 합천군 가회면 덕촌리	경상남도 합천군 가회면 덕촌리	4889044026
경상남도 합천군 가회면 도탄리	경상남도 합천군 가회면 도탄리	4889044022
경상남도 합천군 가회면 둔내리	경상남도 합천군 가회면 둔내리	4889044024
경상남도 합천군 가회면 오도리	경상남도 합천군 가회면 오도리	4889044023
경상남도 합천군 가회면 외사리	경상남도 합천군 가회면 외사리	4889044029
경상남도 합천군 가회면 월계리	경상남도 합천군 가회면 월계리	4889044021
경상남도 합천군 가회면 장대리	경상남도 합천군 가회면 장대리	4889044028
경상남도 합천군 가회면 중촌리	경상남도 합천군 가회면 중촌리	4889044025
경상남도 합천군 가회면 함방리	경상남도 합천군 가회면 함방리	4889044027
경상남도 합천군 대병면 대지리	경상남도 합천군 대병면 대지리	4889045028
경상남도 합천군 대병면 상천리	경상남도 합천군 대병면 상천리	4889045021
경상남도 합천군 대병면 성리	경상남도 합천군 대병면 성리	4889045029
경상남도 합천군 대병면 양리	경상남도 합천군 대병면 양리	4889045025
경상남도 합천군 대병면 역평리	경상남도 합천군 대병면 역평리	4889045022
경상남도 합천군 대병면 유전리	경상남도 합천군 대병면 유전리	4889045024
경상남도 합천군 대병면 장단리	경상남도 합천군 대병면 장단리	4889045027
경상남도 합천군 대병면 하금리	경상남도 합천군 대병면 하금리	4889045026
경상남도 합천군 대병면 회양리	경상남도 합천군 대병면 회양리	4889045023
경상남도 합천군 대양면 대목리	경상남도 합천군 대양면 대목리	4889041023
경상남도 합천군 대양면 덕정리	경상남도 합천군 대양면 덕정리	4889041025
경상남도 합천군 대양면 도리	경상남도 합천군 대양면 도리	4889041026
경상남도 합천군 대양면 무곡리	경상남도 합천군 대양면 무곡리	4889041024
경상남도 합천군 대양면 백암리	경상남도 합천군 대양면 백암리	4889041030
경상남도 합천군 대양면 아천리	경상남도 합천군 대양면 아천리	4889041022
경상남도 합천군 대양면 안금리	경상남도 합천군 대양면 안금리	4889041029
경상남도 합천군 대양면 양산리	경상남도 합천군 대양면 양산리	4889041028
경상남도 합천군 대양면 오산리	경상남도 합천군 대양면 오산리	4889041031
경상남도 합천군 대양면 정양리	경상남도 합천군 대양면 정양리	4889041021
경상남도 합천군 대양면 함지리	경상남도 합천군 대양면 함지리	4889041027
경상남도 합천군 덕곡면 병배리	경상남도 합천군 덕곡면 병배리	4889038023
경상남도 합천군 덕곡면 본곡리	경상남도 합천군 덕곡면 본곡리	4889038027
경상남도 합천군 덕곡면 율원리	경상남도 합천군 덕곡면 율원리	4889038026
경상남도 합천군 덕곡면 율지리	경상남도 합천군 덕곡면 율지리	4889038025
경상남도 합천군 덕곡면 장리	경상남도 합천군 덕곡면 장리	4889038022
경상남도 합천군 덕곡면 포두리	경상남도 합천군 덕곡면 포두리	4889038021
경상남도 합천군 덕곡면 학리	경상남도 합천군 덕곡면 학리	4889038024
경상남도 합천군 묘산면 가산리	경상남도 합천군 묘산면 가산리	4889032029
경상남도 합천군 묘산면 거산리	경상남도 합천군 묘산면 거산리	4889032031
경상남도 합천군 묘산면 관기리	경상남도 합천군 묘산면 관기리	4889032025
경상남도 합천군 묘산면 광산리	경상남도 합천군 묘산면 광산리	4889032026
경상남도 합천군 묘산면 도옥리	경상남도 합천군 묘산면 도옥리	4889032027
경상남도 합천군 묘산면 반포리	경상남도 합천군 묘산면 반포리	4889032021
경상남도 합천군 묘산면 봉곡리	경상남도 합천군 묘산면 봉곡리	4889032032
경상남도 합천군 묘산면 산제리	경상남도 합천군 묘산면 산제리	4889032028
경상남도 합천군 묘산면 안성리	경상남도 합천군 묘산면 안성리	4889032023
경상남도 합천군 묘산면 팔심리	경상남도 합천군 묘산면 팔심리	4889032022
경상남도 합천군 묘산면 화양리	경상남도 합천군 묘산면 화양리	4889032030
경상남도 합천군 봉산면 계산리	경상남도 합천군 봉산면 계산리	4889031028
경상남도 합천군 봉산면 고삼리	경상남도 합천군 봉산면 고삼리	4889031029
경상남도 합천군 봉산면 권빈리	경상남도 합천군 봉산면 권빈리	4889031022
경상남도 합천군 봉산면 김봉리	경상남도 합천군 봉산면 김봉리	4889031025
경상남도 합천군 봉산면 노곡리	경상남도 합천군 봉산면 노곡리	4889031031
경상남도 합천군 봉산면 도곡리	경상남도 합천군 봉산면 도곡리	4889031033
경상남도 합천군 봉산면 봉계리	경상남도 합천군 봉산면 봉계리	4889031026
경상남도 합천군 봉산면 상현리	경상남도 합천군 봉산면 상현리	4889031023
경상남도 합천군 봉산면 송림리	경상남도 합천군 봉산면 송림리	4889031027
경상남도 합천군 봉산면 술곡리	경상남도 합천군 봉산면 술곡리	4889031032
경상남도 합천군 봉산면 압곡리	경상남도 합천군 봉산면 압곡리	4889031021
경상남도 합천군 봉산면 양지리	경상남도 합천군 봉산면 양지리	4889031030
경상남도 합천군 삼가면 금리	경상남도 합천군 삼가면 금리	4889043027
경상남도 합천군 삼가면 덕진리	경상남도 합천군 삼가면 덕진리	4889043032
경상남도 합천군 삼가면 동리	경상남도 합천군 삼가면 동리	4889043021
경상남도 합천군 삼가면 두모리	경상남도 합천군 삼가면 두모리	4889043028
경상남도 합천군 삼가면 문송리	경상남도 합천군 삼가면 문송리	4889043031
경상남도 합천군 삼가면 소오리	경상남도 합천군 삼가면 소오리	4889043029
경상남도 합천군 삼가면 양전리	경상남도 합천군 삼가면 양전리	4889043026
경상남도 합천군 삼가면 어전리	경상남도 합천군 삼가면 어전리	4889043025
경상남도 합천군 삼가면 외토리	경상남도 합천군 삼가면 외토리	4889043023
경상남도 합천군 삼가면 용흥리	경상남도 합천군 삼가면 용흥리	4889043022
경상남도 합천군 삼가면 일부리	경상남도 합천군 삼가면 일부리	4889043024
경상남도 합천군 삼가면 하판리	경상남도 합천군 삼가면 하판리	4889043030
경상남도 합천군 삼가면 학리	경상남도 합천군 삼가면 학리	4889043033
경상남도 합천군 쌍백면 대곡리	경상남도 합천군 쌍백면 대곡리	4889042021
경상남도 합천군 쌍백면 대현리	경상남도 합천군 쌍백면 대현리	4889042026
경상남도 합천군 쌍백면 백역리	경상남도 합천군 쌍백면 백역리	4889042030
경상남도 합천군 쌍백면 삼리	경상남도 합천군 쌍백면 삼리	4889042032
경상남도 합천군 쌍백면 안계리	경상남도 합천군 쌍백면 안계리	4889042025
경상남도 합천군 쌍백면 외초리	경상남도 합천군 쌍백면 외초리	4889042027
경상남도 합천군 쌍백면 운곡리	경상남도 합천군 쌍백면 운곡리	4889042029
경상남도 합천군 쌍백면 육리	경상남도 합천군 쌍백면 육리	4889042022
경상남도 합천군 쌍백면 장전리	경상남도 합천군 쌍백면 장전리	4889042028
경상남도 합천군 쌍백면 죽전리	경상남도 합천군 쌍백면 죽전리	4889042033
경상남도 합천군 쌍백면 평구리	경상남도 합천군 쌍백면 평구리	4889042023
경상남도 합천군 쌍백면 평지리	경상남도 합천군 쌍백면 평지리	4889042024
경상남도 합천군 쌍백면 하신리	경상남도 합천군 쌍백면 하신리	4889042031
경상남도 합천군 쌍책면 건태리	경상남도 합천군 쌍책면 건태리	4889037023
경상남도 합천군 쌍책면 다라리	경상남도 합천군 쌍책면 다라리	4889037029
경상남도 합천군 쌍책면 덕봉리	경상남도 합천군 쌍책면 덕봉리	4889037025
경상남도 합천군 쌍책면 사양리	경상남도 합천군 쌍책면 사양리	4889037024
경상남도 합천군 쌍책면 상신리	경상남도 합천군 쌍책면 상신리	4889037021
경상남도 합천군 쌍책면 상포리	경상남도 합천군 쌍책면 상포리	4889037026
경상남도 합천군 쌍책면 성산리	경상남도 합천군 쌍책면 성산리	4889037027
경상남도 합천군 쌍책면 오서리	경상남도 합천군 쌍책면 오서리	4889037030
경상남도 합천군 쌍책면 진정리	경상남도 합천군 쌍책면 진정리	4889037028
경상남도 합천군 쌍책면 하신리	경상남도 합천군 쌍책면 하신리	4889037022
경상남도 합천군 야로면 구정리	경상남도 합천군 야로면 구정리	4889034026
경상남도 합천군 야로면 금평리	경상남도 합천군 야로면 금평리	4889034027
경상남도 합천군 야로면 나대리	경상남도 합천군 야로면 나대리	4889034032
경상남도 합천군 야로면 덕암리	경상남도 합천군 야로면 덕암리	4889034021
경상남도 합천군 야로면 매촌리	경상남도 합천군 야로면 매촌리	4889034029
경상남도 합천군 야로면 묵촌리	경상남도 합천군 야로면 묵촌리	4889034025
경상남도 합천군 야로면 야로리	경상남도 합천군 야로면 야로리	4889034030
경상남도 합천군 야로면 월광리	경상남도 합천군 야로면 월광리	4889034024
경상남도 합천군 야로면 정대리	경상남도 합천군 야로면 정대리	4889034023
경상남도 합천군 야로면 청계리	경상남도 합천군 야로면 청계리	4889034022
경상남도 합천군 야로면 하림리	경상남도 합천군 야로면 하림리	4889034031
경상남도 합천군 야로면 하빈리	경상남도 합천군 야로면 하빈리	4889034028
경상남도 합천군 용주면 가호리	경상남도 합천군 용주면 가호리	4889046037
경상남도 합천군 용주면 고품리	경상남도 합천군 용주면 고품리	4889046032
경상남도 합천군 용주면 공암리	경상남도 합천군 용주면 공암리	4889046021
경상남도 합천군 용주면 노리	경상남도 합천군 용주면 노리	4889046024
경상남도 합천군 용주면 방곡리	경상남도 합천군 용주면 방곡리	4889046031
경상남도 합천군 용주면 봉기리	경상남도 합천군 용주면 봉기리	4889046033
경상남도 합천군 용주면 성산리	경상남도 합천군 용주면 성산리	4889046029
경상남도 합천군 용주면 손목리	경상남도 합천군 용주면 손목리	4889046026
경상남도 합천군 용주면 용지리	경상남도 합천군 용주면 용지리	4889046028
경상남도 합천군 용주면 우곡리	경상남도 합천군 용주면 우곡리	4889046035
경상남도 합천군 용주면 월평리	경상남도 합천군 용주면 월평리	4889046030
경상남도 합천군 용주면 장전리	경상남도 합천군 용주면 장전리	4889046023
경상남도 합천군 용주면 죽죽리	경상남도 합천군 용주면 죽죽리	4889046036
경상남도 합천군 용주면 팔산리	경상남도 합천군 용주면 팔산리	4889046027
경상남도 합천군 용주면 평산리	경상남도 합천군 용주면 평산리	4889046025
경상남도 합천군 용주면 황계리	경상남도 합천군 용주면 황계리	4889046022
경상남도 합천군 율곡면 갑산리	경상남도 합천군 율곡면 갑산리	4889035024
경상남도 합천군 율곡면 기리	경상남도 합천군 율곡면 기리	4889035021
경상남도 합천군 율곡면 낙민리	경상남도 합천군 율곡면 낙민리	4889035025
경상남도 합천군 율곡면 내천리	경상남도 합천군 율곡면 내천리	4889035022
경상남도 합천군 율곡면 노양리	경상남도 합천군 율곡면 노양리	4889035026
경상남도 합천군 율곡면 두사리	경상남도 합천군 율곡면 두사리	4889035023
경상남도 합천군 율곡면 문림리	경상남도 합천군 율곡면 문림리	4889035030
경상남도 합천군 율곡면 본천리	경상남도 합천군 율곡면 본천리	4889035031
경상남도 합천군 율곡면 영전리	경상남도 합천군 율곡면 영전리	4889035032
경상남도 합천군 율곡면 와리	경상남도 합천군 율곡면 와리	4889035027
경상남도 합천군 율곡면 율진리	경상남도 합천군 율곡면 율진리	4889035028
경상남도 합천군 율곡면 임북리	경상남도 합천군 율곡면 임북리	4889035034
경상남도 합천군 율곡면 제내리	경상남도 합천군 율곡면 제내리	4889035033
경상남도 합천군 율곡면 항곡리	경상남도 합천군 율곡면 항곡리	4889035029
경상남도 합천군 적중면 누하리	경상남도 합천군 적중면 누하리	4889040027
경상남도 합천군 적중면 두방리	경상남도 합천군 적중면 두방리	4889040030
경상남도 합천군 적중면 부수리	경상남도 합천군 적중면 부수리	4889040026
경상남도 합천군 적중면 상부리	경상남도 합천군 적중면 상부리	4889040028
경상남도 합천군 적중면 양림리	경상남도 합천군 적중면 양림리	4889040029
경상남도 합천군 적중면 옥두리	경상남도 합천군 적중면 옥두리	4889040024
경상남도 합천군 적중면 정토리	경상남도 합천군 적중면 정토리	4889040023
경상남도 합천군 적중면 죽고리	경상남도 합천군 적중면 죽고리	4889040021
경상남도 합천군 적중면 황정리	경상남도 합천군 적중면 황정리	4889040022
경상남도 합천군 청덕면 가현리	경상남도 합천군 청덕면 가현리	4889039033
경상남도 합천군 청덕면 대부리	경상남도 합천군 청덕면 대부리	4889039024
경상남도 합천군 청덕면 두곡리	경상남도 합천군 청덕면 두곡리	4889039023
경상남도 합천군 청덕면 모리	경상남도 합천군 청덕면 모리	4889039026
경상남도 합천군 청덕면 미곡리	경상남도 합천군 청덕면 미곡리	4889039027
경상남도 합천군 청덕면 삼학리	경상남도 합천군 청덕면 삼학리	4889039029
경상남도 합천군 청덕면 성태리	경상남도 합천군 청덕면 성태리	4889039028
경상남도 합천군 청덕면 소례리	경상남도 합천군 청덕면 소례리	4889039030
경상남도 합천군 청덕면 앙진리	경상남도 합천군 청덕면 앙진리	4889039025
경상남도 합천군 청덕면 운봉리	경상남도 합천군 청덕면 운봉리	4889039031
경상남도 합천군 청덕면 적포리	경상남도 합천군 청덕면 적포리	4889039022
경상남도 합천군 청덕면 초곡리	경상남도 합천군 청덕면 초곡리	4889039032
경상남도 합천군 초계면 관평리	경상남도 합천군 초계면 관평리	4889036028
경상남도 합천군 초계면 대동리	경상남도 합천군 초계면 대동리	4889036024
경상남도 합천군 초계면 대평리	경상남도 합천군 초계면 대평리	4889036029
경상남도 합천군 초계면 상대리	경상남도 합천군 초계면 상대리	4889036025
경상남도 합천군 초계면 신촌리	경상남도 합천군 초계면 신촌리	4889036031
경상남도 합천군 초계면 아막리	경상남도 합천군 초계면 아막리	4889036021
경상남도 합천군 초계면 원당리	경상남도 합천군 초계면 원당리	4889036027
경상남도 합천군 초계면 유하리	경상남도 합천군 초계면 유하리	4889036030
경상남도 합천군 초계면 중리	경상남도 합천군 초계면 중리	4889036023
경상남도 합천군 초계면 초계리	경상남도 합천군 초계면 초계리	4889036022
경상남도 합천군 초계면 택리	경상남도 합천군 초계면 택리	4889036026
경상남도 합천군 합천읍 금양리	경상남도 합천군 합천읍 금양리	4889025022
경상남도 합천군 합천읍 내곡리	경상남도 합천군 합천읍 내곡리	4889025024
경상남도 합천군 합천읍 서산리	경상남도 합천군 합천읍 서산리	4889025025
경상남도 합천군 합천읍 영창리	경상남도 합천군 합천읍 영창리	4889025023
경상남도 합천군 합천읍 외곡리	경상남도 합천군 합천읍 외곡리	4889025027
경상남도 합천군 합천읍 용계리	경상남도 합천군 합천읍 용계리	4889025026
경상남도 합천군 합천읍 인곡리	경상남도 합천군 합천읍 인곡리	4889025029
경상남도 합천군 합천읍 장계리	경상남도 합천군 합천읍 장계리	4889025028
경상남도 합천군 합천읍 합천리	경상남도 합천군 합천읍 합천리	4889025021
경상북도 경산시 갑제동	경상북도 경산시 갑제동	4729012800
경상북도 경산시 계양동	경상북도 경산시 계양동	4729011600
경상북도 경산시 남방동	경상북도 경산시 남방동	4729011900
경상북도 경산시 남산면 갈지리	경상북도 경산시 남산면 갈지리	4729035024
경상북도 경산시 남산면 경리	경상북도 경산시 남산면 경리	4729035022
경상북도 경산시 남산면 남곡리	경상북도 경산시 남산면 남곡리	4729035023
경상북도 경산시 남산면 반곡리	경상북도 경산시 남산면 반곡리	4729035035
경상북도 경산시 남산면 사림리	경상북도 경산시 남산면 사림리	4729035028
경상북도 경산시 남산면 사월리	경상북도 경산시 남산면 사월리	4729035031
경상북도 경산시 남산면 산양리	경상북도 경산시 남산면 산양리	4729035021
경상북도 경산시 남산면 상대리	경상북도 경산시 남산면 상대리	4729035036
경상북도 경산시 남산면 송내리	경상북도 경산시 남산면 송내리	4729035032
경상북도 경산시 남산면 안심리	경상북도 경산시 남산면 안심리	4729035026
경상북도 경산시 남산면 연하리	경상북도 경산시 남산면 연하리	4729035029
경상북도 경산시 남산면 우검리	경상북도 경산시 남산면 우검리	4729035030
경상북도 경산시 남산면 인흥리	경상북도 경산시 남산면 인흥리	4729035038
경상북도 경산시 남산면 전지리	경상북도 경산시 남산면 전지리	4729035034
경상북도 경산시 남산면 조곡리	경상북도 경산시 남산면 조곡리	4729035033
경상북도 경산시 남산면 평기리	경상북도 경산시 남산면 평기리	4729035025
경상북도 경산시 남산면 하대리	경상북도 경산시 남산면 하대리	4729035037
경상북도 경산시 남산면 흥정리	경상북도 경산시 남산면 흥정리	4729035027
경상북도 경산시 남천면 구일리	경상북도 경산시 남천면 구일리	4729037021
경상북도 경산시 남천면 금곡리	경상북도 경산시 남천면 금곡리	4729037027
경상북도 경산시 남천면 대명리	경상북도 경산시 남천면 대명리	4729037024
경상북도 경산시 남천면 산전리	경상북도 경산시 남천면 산전리	4729037023
경상북도 경산시 남천면 삼성리	경상북도 경산시 남천면 삼성리	4729037026
경상북도 경산시 남천면 송백리	경상북도 경산시 남천면 송백리	4729037028
경상북도 경산시 남천면 신방리	경상북도 경산시 남천면 신방리	4729037029
경상북도 경산시 남천면 신석리	경상북도 경산시 남천면 신석리	4729037025
경상북도 경산시 남천면 원리	경상북도 경산시 남천면 원리	4729037031
경상북도 경산시 남천면 하도리	경상북도 경산시 남천면 하도리	4729037032
경상북도 경산시 남천면 협석리	경상북도 경산시 남천면 협석리	4729037022
경상북도 경산시 남천면 흥산리	경상북도 경산시 남천면 흥산리	4729037030
경상북도 경산시 내동	경상북도 경산시 내동	4729012000
경상북도 경산시 대동	경상북도 경산시 대동	4729011500
경상북도 경산시 대정동	경상북도 경산시 대정동	4729011300
경상북도 경산시 대평동	경상북도 경산시 대평동	4729011200
경상북도 경산시 백천동	경상북도 경산시 백천동	4729010600
경상북도 경산시 사동	경상북도 경산시 사동	4729012600
경상북도 경산시 사정동	경상북도 경산시 사정동	4729010800
경상북도 경산시 삼남동	경상북도 경산시 삼남동	4729010100
경상북도 경산시 삼북동	경상북도 경산시 삼북동	4729010200
경상북도 경산시 삼풍동	경상북도 경산시 삼풍동	4729012700
경상북도 경산시 상방동	경상북도 경산시 상방동	4729010500
경상북도 경산시 서상동	경상북도 경산시 서상동	4729010300
경상북도 경산시 신교동	경상북도 경산시 신교동	4729010400
경상북도 경산시 신천동	경상북도 경산시 신천동	4729012300
경상북도 경산시 압량읍 가일리	경상북도 경산시 압량읍 가일리	4729025631
경상북도 경산시 압량읍 강서리	경상북도 경산시 압량읍 강서리	4729025635
경상북도 경산시 압량읍 금구리	경상북도 경산시 압량읍 금구리	4729025625
경상북도 경산시 압량읍 내리	경상북도 경산시 압량읍 내리	4729025630
경상북도 경산시 압량읍 당리리	경상북도 경산시 압량읍 당리리	4729025636
경상북도 경산시 압량읍 당음리	경상북도 경산시 압량읍 당음리	4729025632
경상북도 경산시 압량읍 백안리	경상북도 경산시 압량읍 백안리	4729025634
경상북도 경산시 압량읍 부적리	경상북도 경산시 압량읍 부적리	4729025621
경상북도 경산시 압량읍 신대리	경상북도 경산시 압량읍 신대리	4729025622
경상북도 경산시 압량읍 신월리	경상북도 경산시 압량읍 신월리	4729025633
경상북도 경산시 압량읍 신촌리	경상북도 경산시 압량읍 신촌리	4729025629
경상북도 경산시 압량읍 압량리	경상북도 경산시 압량읍 압량리	4729025623
경상북도 경산시 압량읍 용암리	경상북도 경산시 압량읍 용암리	4729025624
경상북도 경산시 압량읍 의송리	경상북도 경산시 압량읍 의송리	4729025628
경상북도 경산시 압량읍 인안리	경상북도 경산시 압량읍 인안리	4729025627
경상북도 경산시 압량읍 현흥리	경상북도 경산시 압량읍 현흥리	4729025626
경상북도 경산시 여천동	경상북도 경산시 여천동	4729012100
경상북도 경산시 옥곡동	경상북도 경산시 옥곡동	4729010700
경상북도 경산시 옥산동	경상북도 경산시 옥산동	4729010900
경상북도 경산시 와촌면 강학리	경상북도 경산시 와촌면 강학리	4729031033
경상북도 경산시 와촌면 계당리	경상북도 경산시 와촌면 계당리	4729031025
경상북도 경산시 와촌면 계전리	경상북도 경산시 와촌면 계전리	4729031027
경상북도 경산시 와촌면 대동리	경상북도 경산시 와촌면 대동리	4729031030
경상북도 경산시 와촌면 대한리	경상북도 경산시 와촌면 대한리	4729031031
경상북도 경산시 와촌면 덕촌리	경상북도 경산시 와촌면 덕촌리	4729031022
경상북도 경산시 와촌면 동강리	경상북도 경산시 와촌면 동강리	4729031028
경상북도 경산시 와촌면 박사리	경상북도 경산시 와촌면 박사리	4729031029
경상북도 경산시 와촌면 상암리	경상북도 경산시 와촌면 상암리	4729031026
경상북도 경산시 와촌면 소월리	경상북도 경산시 와촌면 소월리	4729031021
경상북도 경산시 와촌면 시천리	경상북도 경산시 와촌면 시천리	4729031023
경상북도 경산시 와촌면 신한리	경상북도 경산시 와촌면 신한리	4729031032
경상북도 경산시 와촌면 용천리	경상북도 경산시 와촌면 용천리	4729031024
경상북도 경산시 와촌면 음양리	경상북도 경산시 와촌면 음양리	4729031034
경상북도 경산시 용성면 가척리	경상북도 경산시 용성면 가척리	4729034037
경상북도 경산시 용성면 고은리	경상북도 경산시 용성면 고은리	4729034034
경상북도 경산시 용성면 고죽리	경상북도 경산시 용성면 고죽리	4729034032
경상북도 경산시 용성면 곡란리	경상북도 경산시 용성면 곡란리	4729034026
경상북도 경산시 용성면 곡신리	경상북도 경산시 용성면 곡신리	4729034025
경상북도 경산시 용성면 내촌리	경상북도 경산시 용성면 내촌리	4729034029
경상북도 경산시 용성면 당리리	경상북도 경산시 용성면 당리리	4729034021
경상북도 경산시 용성면 대종리	경상북도 경산시 용성면 대종리	4729034036
경상북도 경산시 용성면 덕천리	경상북도 경산시 용성면 덕천리	4729034022
경상북도 경산시 용성면 도덕리	경상북도 경산시 용성면 도덕리	4729034031
경상북도 경산시 용성면 매남리	경상북도 경산시 용성면 매남리	4729034028
경상북도 경산시 용성면 미산리	경상북도 경산시 용성면 미산리	4729034033
경상북도 경산시 용성면 부일리	경상북도 경산시 용성면 부일리	4729034040
경상북도 경산시 용성면 부제리	경상북도 경산시 용성면 부제리	4729034024
경상북도 경산시 용성면 송림리	경상북도 경산시 용성면 송림리	4729034023
경상북도 경산시 용성면 외촌리	경상북도 경산시 용성면 외촌리	4729034030
경상북도 경산시 용성면 용산리	경상북도 경산시 용성면 용산리	4729034027
경상북도 경산시 용성면 용전리	경상북도 경산시 용성면 용전리	4729034039
경상북도 경산시 용성면 용천리	경상북도 경산시 용성면 용천리	4729034038
경상북도 경산시 용성면 일광리	경상북도 경산시 용성면 일광리	4729034041
경상북도 경산시 유곡동	경상북도 경산시 유곡동	4729012200
경상북도 경산시 임당동	경상북도 경산시 임당동	4729011400
경상북도 경산시 자인면 계남리	경상북도 경산시 자인면 계남리	4729033031
경상북도 경산시 자인면 계림리	경상북도 경산시 자인면 계림리	4729033034
경상북도 경산시 자인면 교촌리	경상북도 경산시 자인면 교촌리	4729033024
경상북도 경산시 자인면 남신리	경상북도 경산시 자인면 남신리	4729033036
경상북도 경산시 자인면 남촌리	경상북도 경산시 자인면 남촌리	4729033032
경상북도 경산시 자인면 단북리	경상북도 경산시 자인면 단북리	4729033033
경상북도 경산시 자인면 동부리	경상북도 경산시 자인면 동부리	4729033021
경상북도 경산시 자인면 북사리	경상북도 경산시 자인면 북사리	4729033023
경상북도 경산시 자인면 서부리	경상북도 경산시 자인면 서부리	4729033022
경상북도 경산시 자인면 신관리	경상북도 경산시 자인면 신관리	4729033027
경상북도 경산시 자인면 신도리	경상북도 경산시 자인면 신도리	4729033026
경상북도 경산시 자인면 옥천리	경상북도 경산시 자인면 옥천리	4729033029
경상북도 경산시 자인면 울옥리	경상북도 경산시 자인면 울옥리	4729033028
경상북도 경산시 자인면 원당리	경상북도 경산시 자인면 원당리	4729033030
경상북도 경산시 자인면 읍천리	경상북도 경산시 자인면 읍천리	4729033025
경상북도 경산시 자인면 일언리	경상북도 경산시 자인면 일언리	4729033035
경상북도 경산시 점촌동	경상북도 경산시 점촌동	4729012400
경상북도 경산시 정평동	경상북도 경산시 정평동	4729011100
경상북도 경산시 조영동	경상북도 경산시 조영동	4729011800
경상북도 경산시 중방동	경상북도 경산시 중방동	4729011700
경상북도 경산시 중산동	경상북도 경산시 중산동	4729011000
경상북도 경산시 진량읍 가야리	경상북도 경산시 진량읍 가야리	4729025345
경상북도 경산시 진량읍 광석리	경상북도 경산시 진량읍 광석리	4729025338
경상북도 경산시 진량읍 내리리	경상북도 경산시 진량읍 내리리	4729025329
경상북도 경산시 진량읍 다문리	경상북도 경산시 진량읍 다문리	4729025333
경상북도 경산시 진량읍 당곡리	경상북도 경산시 진량읍 당곡리	4729025344
경상북도 경산시 진량읍 대원리	경상북도 경산시 진량읍 대원리	4729025340
경상북도 경산시 진량읍 마곡리	경상북도 경산시 진량읍 마곡리	4729025337
경상북도 경산시 진량읍 문천리	경상북도 경산시 진량읍 문천리	4729025330
경상북도 경산시 진량읍 보인리	경상북도 경산시 진량읍 보인리	4729025323
경상북도 경산시 진량읍 봉회리	경상북도 경산시 진량읍 봉회리	4729025324
경상북도 경산시 진량읍 부기리	경상북도 경산시 진량읍 부기리	4729025326
경상북도 경산시 진량읍 북리	경상북도 경산시 진량읍 북리	4729025325
경상북도 경산시 진량읍 상림리	경상북도 경산시 진량읍 상림리	4729025328
경상북도 경산시 진량읍 선화리	경상북도 경산시 진량읍 선화리	4729025322
경상북도 경산시 진량읍 속초리	경상북도 경산시 진량읍 속초리	4729025341
경상북도 경산시 진량읍 시문리	경상북도 경산시 진량읍 시문리	4729025335
경상북도 경산시 진량읍 신상리	경상북도 경산시 진량읍 신상리	4729025321
경상북도 경산시 진량읍 신제리	경상북도 경산시 진량읍 신제리	4729025339
경상북도 경산시 진량읍 아사리	경상북도 경산시 진량읍 아사리	4729025334
경상북도 경산시 진량읍 안촌리	경상북도 경산시 진량읍 안촌리	4729025342
경상북도 경산시 진량읍 양기리	경상북도 경산시 진량읍 양기리	4729025327
경상북도 경산시 진량읍 평사리(坪沙)	경상북도 경산시 진량읍 평사리(坪沙)	4729025331
경상북도 경산시 진량읍 평사리(平沙)	경상북도 경산시 진량읍 평사리(平沙)	4729025332
경상북도 경산시 진량읍 현내리	경상북도 경산시 진량읍 현내리	4729025336
경상북도 경산시 진량읍 황제리	경상북도 경산시 진량읍 황제리	4729025343
경상북도 경산시 평산동	경상북도 경산시 평산동	4729012500
경상북도 경산시 하양읍 교리	경상북도 경산시 하양읍 교리	4729025028
경상북도 경산시 하양읍 금락리	경상북도 경산시 하양읍 금락리	4729025021
경상북도 경산시 하양읍 남하리	경상북도 경산시 하양읍 남하리	4729025033
경상북도 경산시 하양읍 대곡리	경상북도 경산시 하양읍 대곡리	4729025027
경상북도 경산시 하양읍 대조리	경상북도 경산시 하양읍 대조리	4729025036
경상북도 경산시 하양읍 대학리	경상북도 경산시 하양읍 대학리	4729025030
경상북도 경산시 하양읍 도리리	경상북도 경산시 하양읍 도리리	4729025023
경상북도 경산시 하양읍 동서리	경상북도 경산시 하양읍 동서리	4729025022
경상북도 경산시 하양읍 부호리	경상북도 경산시 하양읍 부호리	4729025031
경상북도 경산시 하양읍 사기리	경상북도 경산시 하양읍 사기리	4729025026
경상북도 경산시 하양읍 서사리	경상북도 경산시 하양읍 서사리	4729025024
경상북도 경산시 하양읍 양지리	경상북도 경산시 하양읍 양지리	4729025025
경상북도 경산시 하양읍 은호리	경상북도 경산시 하양읍 은호리	4729025032
경상북도 경산시 하양읍 청천리	경상북도 경산시 하양읍 청천리	4729025034
경상북도 경산시 하양읍 한사리	경상북도 경산시 하양읍 한사리	4729025029
경상북도 경산시 하양읍 환상리	경상북도 경산시 하양읍 환상리	4729025035
경상북도 경주시 감포읍 감포리	경상북도 경주시 감포읍 감포리	4713025029
경상북도 경주시 감포읍 나정리	경상북도 경주시 감포읍 나정리	4713025024
경상북도 경주시 감포읍 노동리	경상북도 경주시 감포읍 노동리	4713025026
경상북도 경주시 감포읍 대본리	경상북도 경주시 감포읍 대본리	4713025021
경상북도 경주시 감포읍 오류리	경상북도 경주시 감포읍 오류리	4713025025
경상북도 경주시 감포읍 전동리	경상북도 경주시 감포읍 전동리	4713025022
경상북도 경주시 감포읍 전촌리	경상북도 경주시 감포읍 전촌리	4713025023
경상북도 경주시 감포읍 팔조리	경상북도 경주시 감포읍 팔조리	4713025027
경상북도 경주시 감포읍 호동리	경상북도 경주시 감포읍 호동리	4713025028
경상북도 경주시 강동면 국당리	경상북도 경주시 강동면 국당리	4713037029
경상북도 경주시 강동면 다산리	경상북도 경주시 강동면 다산리	4713037024
경상북도 경주시 강동면 단구리	경상북도 경주시 강동면 단구리	4713037025
경상북도 경주시 강동면 모서리	경상북도 경주시 강동면 모서리	4713037021
경상북도 경주시 강동면 안계리	경상북도 경주시 강동면 안계리	4713037023
경상북도 경주시 강동면 양동리	경상북도 경주시 강동면 양동리	4713037031
경상북도 경주시 강동면 오금리	경상북도 경주시 강동면 오금리	4713037027
경상북도 경주시 강동면 왕신리	경상북도 경주시 강동면 왕신리	4713037028
경상북도 경주시 강동면 유금리	경상북도 경주시 강동면 유금리	4713037026
경상북도 경주시 강동면 인동리	경상북도 경주시 강동면 인동리	4713037030
경상북도 경주시 강동면 호명리	경상북도 경주시 강동면 호명리	4713037022
경상북도 경주시 건천읍 건천리	경상북도 경주시 건천읍 건천리	4713025631
경상북도 경주시 건천읍 금척리	경상북도 경주시 건천읍 금척리	4713025630
경상북도 경주시 건천읍 대곡리	경상북도 경주시 건천읍 대곡리	4713025621
경상북도 경주시 건천읍 모량리	경상북도 경주시 건천읍 모량리	4713025627
경상북도 경주시 건천읍 방내리	경상북도 경주시 건천읍 방내리	4713025628
경상북도 경주시 건천읍 송선리	경상북도 경주시 건천읍 송선리	4713025624
경상북도 경주시 건천읍 신평리	경상북도 경주시 건천읍 신평리	4713025623
경상북도 경주시 건천읍 용명리	경상북도 경주시 건천읍 용명리	4713025622
경상북도 경주시 건천읍 조전리	경상북도 경주시 건천읍 조전리	4713025629
경상북도 경주시 건천읍 천포리	경상북도 경주시 건천읍 천포리	4713025625
경상북도 경주시 건천읍 화천리	경상북도 경주시 건천읍 화천리	4713025626
경상북도 경주시 광명동	경상북도 경주시 광명동	4713011700
경상북도 경주시 교동	경상북도 경주시 교동	4713011100
경상북도 경주시 구정동	경상북도 경주시 구정동	4713013100
경상북도 경주시 구황동	경상북도 경주시 구황동	4713012200
경상북도 경주시 남산동	경상북도 경주시 남산동	4713012000
경상북도 경주시 내남면 노곡리	경상북도 경주시 내남면 노곡리	4713033022
경상북도 경주시 내남면 덕천리	경상북도 경주시 내남면 덕천리	4713033029
경상북도 경주시 내남면 망성리	경상북도 경주시 내남면 망성리	4713033026
경상북도 경주시 내남면 명계리	경상북도 경주시 내남면 명계리	4713033021
경상북도 경주시 내남면 박달리	경상북도 경주시 내남면 박달리	4713033032
경상북도 경주시 내남면 부지리	경상북도 경주시 내남면 부지리	4713033028
경상북도 경주시 내남면 비지리	경상북도 경주시 내남면 비지리	4713033033
경상북도 경주시 내남면 상신리	경상북도 경주시 내남면 상신리	4713033030
경상북도 경주시 내남면 안심리	경상북도 경주시 내남면 안심리	4713033031
경상북도 경주시 내남면 용장리	경상북도 경주시 내남면 용장리	4713033025
경상북도 경주시 내남면 월산리	경상북도 경주시 내남면 월산리	4713033023
경상북도 경주시 내남면 이조리	경상북도 경주시 내남면 이조리	4713033024
경상북도 경주시 내남면 화곡리	경상북도 경주시 내남면 화곡리	4713033027
경상북도 경주시 노동동	경상북도 경주시 노동동	4713010600
경상북도 경주시 노서동	경상북도 경주시 노서동	4713010700
경상북도 경주시 덕동	경상북도 경주시 덕동	4713013700
경상북도 경주시 도지동	경상북도 경주시 도지동	4713011900
경상북도 경주시 동방동	경상북도 경주시 동방동	4713011800
경상북도 경주시 동부동	경상북도 경주시 동부동	4713010100
경상북도 경주시 동천동	경상북도 경주시 동천동	4713012600
경상북도 경주시 마동	경상북도 경주시 마동	4713013200
경상북도 경주시 배동	경상북도 경주시 배동	4713014300
경상북도 경주시 배반동	경상북도 경주시 배반동	4713012100
경상북도 경주시 보문동	경상북도 경주시 보문동	4713012300
경상북도 경주시 북군동	경상북도 경주시 북군동	4713014000
경상북도 경주시 북부동	경상북도 경주시 북부동	4713010300
경상북도 경주시 사정동	경상북도 경주시 사정동	4713010900
경상북도 경주시 산내면 감산리	경상북도 경주시 산내면 감산리	4713034021
경상북도 경주시 산내면 내일리	경상북도 경주시 산내면 내일리	4713034027
경상북도 경주시 산내면 내칠리	경상북도 경주시 산내면 내칠리	4713034022
경상북도 경주시 산내면 대현리	경상북도 경주시 산내면 대현리	4713034029
경상북도 경주시 산내면 신원리	경상북도 경주시 산내면 신원리	4713034025
경상북도 경주시 산내면 외칠리	경상북도 경주시 산내면 외칠리	4713034023
경상북도 경주시 산내면 우라리	경상북도 경주시 산내면 우라리	4713034028
경상북도 경주시 산내면 의곡리	경상북도 경주시 산내면 의곡리	4713034026
경상북도 경주시 산내면 일부리	경상북도 경주시 산내면 일부리	4713034024
경상북도 경주시 서면 도계리	경상북도 경주시 서면 도계리	4713035023
경상북도 경주시 서면 도리	경상북도 경주시 서면 도리	4713035024
경상북도 경주시 서면 사라리	경상북도 경주시 서면 사라리	4713035027
경상북도 경주시 서면 서오리	경상북도 경주시 서면 서오리	4713035025
경상북도 경주시 서면 심곡리	경상북도 경주시 서면 심곡리	4713035026
경상북도 경주시 서면 아화리	경상북도 경주시 서면 아화리	4713035022
경상북도 경주시 서면 운대리	경상북도 경주시 서면 운대리	4713035028
경상북도 경주시 서면 천촌리	경상북도 경주시 서면 천촌리	4713035021
경상북도 경주시 서부동	경상북도 경주시 서부동	4713010200
경상북도 경주시 서악동	경상북도 경주시 서악동	4713011500
경상북도 경주시 석장동	경상북도 경주시 석장동	4713014400
경상북도 경주시 성건동	경상북도 경주시 성건동	4713010800
경상북도 경주시 성동동	경상북도 경주시 성동동	4713010400
경상북도 경주시 손곡동	경상북도 경주시 손곡동	4713014100
경상북도 경주시 시동	경상북도 경주시 시동	4713012900
경상북도 경주시 시래동	경상북도 경주시 시래동	4713013000
경상북도 경주시 신평동	경상북도 경주시 신평동	4713013600
경상북도 경주시 안강읍 갑산리	경상북도 경주시 안강읍 갑산리	4713025323
경상북도 경주시 안강읍 강교리	경상북도 경주시 안강읍 강교리	4713025331
경상북도 경주시 안강읍 검단리	경상북도 경주시 안강읍 검단리	4713025321
경상북도 경주시 안강읍 근계리	경상북도 경주시 안강읍 근계리	4713025325
경상북도 경주시 안강읍 노당리	경상북도 경주시 안강읍 노당리	4713025327
경상북도 경주시 안강읍 대동리	경상북도 경주시 안강읍 대동리	4713025324
경상북도 경주시 안강읍 두류리	경상북도 경주시 안강읍 두류리	4713025329
경상북도 경주시 안강읍 사방리	경상북도 경주시 안강읍 사방리	4713025322
경상북도 경주시 안강읍 산대리	경상북도 경주시 안강읍 산대리	4713025332
경상북도 경주시 안강읍 안강리	경상북도 경주시 안강읍 안강리	4713025333
경상북도 경주시 안강읍 양월리	경상북도 경주시 안강읍 양월리	4713025334
경상북도 경주시 안강읍 옥산리	경상북도 경주시 안강읍 옥산리	4713025328
경상북도 경주시 안강읍 육통리	경상북도 경주시 안강읍 육통리	4713025326
경상북도 경주시 안강읍 청령리	경상북도 경주시 안강읍 청령리	4713025335
경상북도 경주시 안강읍 하곡리	경상북도 경주시 안강읍 하곡리	4713025330
경상북도 경주시 암곡동	경상북도 경주시 암곡동	4713013800
경상북도 경주시 양남면 기구리	경상북도 경주시 양남면 기구리	4713032031
경상북도 경주시 양남면 나산리	경상북도 경주시 양남면 나산리	4713032034
경상북도 경주시 양남면 나아리	경상북도 경주시 양남면 나아리	4713032035
경상북도 경주시 양남면 상계리	경상북도 경주시 양남면 상계리	4713032026
경상북도 경주시 양남면 상라리	경상북도 경주시 양남면 상라리	4713032033
경상북도 경주시 양남면 서동리	경상북도 경주시 양남면 서동리	4713032024
경상북도 경주시 양남면 석읍리	경상북도 경주시 양남면 석읍리	4713032030
경상북도 경주시 양남면 석촌리	경상북도 경주시 양남면 석촌리	4713032029
경상북도 경주시 양남면 수렴리	경상북도 경주시 양남면 수렴리	4713032022
경상북도 경주시 양남면 신대리	경상북도 경주시 양남면 신대리	4713032027
경상북도 경주시 양남면 신서리	경상북도 경주시 양남면 신서리	4713032023
경상북도 경주시 양남면 읍천리	경상북도 경주시 양남면 읍천리	4713032028
경상북도 경주시 양남면 하서리	경상북도 경주시 양남면 하서리	4713032021
경상북도 경주시 양남면 환서리	경상북도 경주시 양남면 환서리	4713032032
경상북도 경주시 양남면 효동리	경상북도 경주시 양남면 효동리	4713032025
경상북도 경주시 양북면 구길리	경상북도 경주시 양북면 구길리	4713031026
경상북도 경주시 양북면 권이리	경상북도 경주시 양북면 권이리	4713031029
경상북도 경주시 양북면 두산리	경상북도 경주시 양북면 두산리	4713031023
경상북도 경주시 양북면 범곡리	경상북도 경주시 양북면 범곡리	4713031035
경상북도 경주시 양북면 봉길리	경상북도 경주시 양북면 봉길리	4713031028
경상북도 경주시 양북면 송전리	경상북도 경주시 양북면 송전리	4713031024
경상북도 경주시 양북면 안동리	경상북도 경주시 양북면 안동리	4713031033
경상북도 경주시 양북면 어일리	경상북도 경주시 양북면 어일리	4713031021
경상북도 경주시 양북면 와읍리	경상북도 경주시 양북면 와읍리	4713031032
경상북도 경주시 양북면 용당리	경상북도 경주시 양북면 용당리	4713031027
경상북도 경주시 양북면 용동리	경상북도 경주시 양북면 용동리	4713031031
경상북도 경주시 양북면 입천리	경상북도 경주시 양북면 입천리	4713031022
경상북도 경주시 양북면 장항리	경상북도 경주시 양북면 장항리	4713031034
경상북도 경주시 양북면 죽전리	경상북도 경주시 양북면 죽전리	4713031025
경상북도 경주시 양북면 호암리	경상북도 경주시 양북면 호암리	4713031030
경상북도 경주시 외동읍 개곡리	경상북도 경주시 외동읍 개곡리	4713025928
경상북도 경주시 외동읍 괘릉리	경상북도 경주시 외동읍 괘릉리	4713025934
경상북도 경주시 외동읍 구어리	경상북도 경주시 외동읍 구어리	4713025932
경상북도 경주시 외동읍 냉천리	경상북도 경주시 외동읍 냉천리	4713025925
경상북도 경주시 외동읍 녹동리	경상북도 경주시 외동읍 녹동리	4713025924
경상북도 경주시 외동읍 말방리	경상북도 경주시 외동읍 말방리	4713025930
경상북도 경주시 외동읍 모화리	경상북도 경주시 외동읍 모화리	4713025922
경상북도 경주시 외동읍 문산리	경상북도 경주시 외동읍 문산리	4713025936
경상북도 경주시 외동읍 방어리	경상북도 경주시 외동읍 방어리	4713025933
경상북도 경주시 외동읍 북토리	경상북도 경주시 외동읍 북토리	4713025937
경상북도 경주시 외동읍 석계리	경상북도 경주시 외동읍 석계리	4713025923
경상북도 경주시 외동읍 신계리	경상북도 경주시 외동읍 신계리	4713025935
경상북도 경주시 외동읍 연안리	경상북도 경주시 외동읍 연안리	4713025927
경상북도 경주시 외동읍 입실리	경상북도 경주시 외동읍 입실리	4713025921
경상북도 경주시 외동읍 제내리	경상북도 경주시 외동읍 제내리	4713025926
경상북도 경주시 외동읍 죽동리	경상북도 경주시 외동읍 죽동리	4713025931
경상북도 경주시 외동읍 활성리	경상북도 경주시 외동읍 활성리	4713025929
경상북도 경주시 용강동	경상북도 경주시 용강동	4713012500
경상북도 경주시 율동	경상북도 경주시 율동	4713014200
경상북도 경주시 인왕동	경상북도 경주시 인왕동	4713011200
경상북도 경주시 조양동	경상북도 경주시 조양동	4713012800
경상북도 경주시 진현동	경상북도 경주시 진현동	4713013400
경상북도 경주시 천군동	경상북도 경주시 천군동	4713013500
경상북도 경주시 천북면 갈곡리	경상북도 경주시 천북면 갈곡리	4713038023
경상북도 경주시 천북면 덕산리	경상북도 경주시 천북면 덕산리	4713038022
경상북도 경주시 천북면 동산리	경상북도 경주시 천북면 동산리	4713038025
경상북도 경주시 천북면 모아리	경상북도 경주시 천북면 모아리	4713038028
경상북도 경주시 천북면 물천리	경상북도 경주시 천북면 물천리	4713038021
경상북도 경주시 천북면 성지리	경상북도 경주시 천북면 성지리	4713038024
경상북도 경주시 천북면 신당리	경상북도 경주시 천북면 신당리	4713038029
경상북도 경주시 천북면 오야리	경상북도 경주시 천북면 오야리	4713038027
경상북도 경주시 천북면 화산리	경상북도 경주시 천북면 화산리	4713038026
경상북도 경주시 충효동	경상북도 경주시 충효동	4713011400
경상북도 경주시 탑동	경상북도 경주시 탑동	4713011300
경상북도 경주시 평동	경상북도 경주시 평동	4713012700
경상북도 경주시 하동	경상북도 경주시 하동	4713013300
경상북도 경주시 현곡면 가정리	경상북도 경주시 현곡면 가정리	4713036029
경상북도 경주시 현곡면 금장리	경상북도 경주시 현곡면 금장리	4713036027
경상북도 경주시 현곡면 남사리	경상북도 경주시 현곡면 남사리	4713036026
경상북도 경주시 현곡면 라원리	경상북도 경주시 현곡면 라원리	4713036021
경상북도 경주시 현곡면 래태리	경상북도 경주시 현곡면 래태리	4713036028
경상북도 경주시 현곡면 무과리	경상북도 경주시 현곡면 무과리	4713036025
경상북도 경주시 현곡면 상구리	경상북도 경주시 현곡면 상구리	4713036024
경상북도 경주시 현곡면 소현리	경상북도 경주시 현곡면 소현리	4713036022
경상북도 경주시 현곡면 오류리	경상북도 경주시 현곡면 오류리	4713036030
경상북도 경주시 현곡면 하구리	경상북도 경주시 현곡면 하구리	4713036023
경상북도 경주시 황남동	경상북도 경주시 황남동	4713011000
경상북도 경주시 황성동	경상북도 경주시 황성동	4713012400
경상북도 경주시 황오동	경상북도 경주시 황오동	4713010500
경상북도 경주시 황용동	경상북도 경주시 황용동	4713013900
경상북도 경주시 효현동	경상북도 경주시 효현동	4713011600
경상북도 고령군 개진면 개포리	경상북도 고령군 개진면 개포리	4783035036
경상북도 고령군 개진면 구곡리	경상북도 고령군 개진면 구곡리	4783035038
경상북도 고령군 개진면 반운리	경상북도 고령군 개진면 반운리	4783035033
경상북도 고령군 개진면 부리	경상북도 고령군 개진면 부리	4783035040
경상북도 고령군 개진면 생리	경상북도 고령군 개진면 생리	4783035041
경상북도 고령군 개진면 신안리	경상북도 고령군 개진면 신안리	4783035034
경상북도 고령군 개진면 양전리	경상북도 고령군 개진면 양전리	4783035032
경상북도 고령군 개진면 오사리	경상북도 고령군 개진면 오사리	4783035037
경상북도 고령군 개진면 옥산리	경상북도 고령군 개진면 옥산리	4783035039
경상북도 고령군 개진면 인안리	경상북도 고령군 개진면 인안리	4783035042
경상북도 고령군 개진면 직리	경상북도 고령군 개진면 직리	4783035035
경상북도 고령군 다산면 곽촌리	경상북도 고령군 다산면 곽촌리	4783034033
경상북도 고령군 다산면 나정리	경상북도 고령군 다산면 나정리	4783034038
경상북도 고령군 다산면 노곡리	경상북도 고령군 다산면 노곡리	4783034037
경상북도 고령군 다산면 벌지리	경상북도 고령군 다산면 벌지리	4783034039
경상북도 고령군 다산면 상곡리	경상북도 고령군 다산면 상곡리	4783034034
경상북도 고령군 다산면 송곡리	경상북도 고령군 다산면 송곡리	4783034040
경상북도 고령군 다산면 월성리	경상북도 고령군 다산면 월성리	4783034036
경상북도 고령군 다산면 좌학리	경상북도 고령군 다산면 좌학리	4783034035
경상북도 고령군 다산면 평리리	경상북도 고령군 다산면 평리리	4783034031
경상북도 고령군 다산면 호촌리	경상북도 고령군 다산면 호촌리	4783034032
경상북도 고령군 대가야읍 고아리	경상북도 고령군 대가야읍 고아리	4783025322
경상북도 고령군 대가야읍 내곡리	경상북도 고령군 대가야읍 내곡리	4783025333
경상북도 고령군 대가야읍 내상리	경상북도 고령군 대가야읍 내상리	4783025330
경상북도 고령군 대가야읍 본관리	경상북도 고령군 대가야읍 본관리	4783025327
경상북도 고령군 대가야읍 신리	경상북도 고령군 대가야읍 신리	4783025331
경상북도 고령군 대가야읍 연조리	경상북도 고령군 대가야읍 연조리	4783025325
경상북도 고령군 대가야읍 외리	경상북도 고령군 대가야읍 외리	4783025332
경상북도 고령군 대가야읍 장기리	경상북도 고령군 대가야읍 장기리	4783025324
경상북도 고령군 대가야읍 저전리	경상북도 고령군 대가야읍 저전리	4783025329
경상북도 고령군 대가야읍 중화리	경상북도 고령군 대가야읍 중화리	4783025328
경상북도 고령군 대가야읍 지산리	경상북도 고령군 대가야읍 지산리	4783025326
경상북도 고령군 대가야읍 쾌빈리	경상북도 고령군 대가야읍 쾌빈리	4783025321
경상북도 고령군 대가야읍 헌문리	경상북도 고령군 대가야읍 헌문리	4783025323
경상북도 고령군 덕곡면 가륜리	경상북도 고령군 덕곡면 가륜리	4783031031
경상북도 고령군 덕곡면 노리	경상북도 고령군 덕곡면 노리	4783031033
경상북도 고령군 덕곡면 반성리	경상북도 고령군 덕곡면 반성리	4783031039
경상북도 고령군 덕곡면 백리	경상북도 고령군 덕곡면 백리	4783031034
경상북도 고령군 덕곡면 본리리	경상북도 고령군 덕곡면 본리리	4783031037
경상북도 고령군 덕곡면 예리	경상북도 고령군 덕곡면 예리	4783031038
경상북도 고령군 덕곡면 옥계리	경상북도 고령군 덕곡면 옥계리	4783031035
경상북도 고령군 덕곡면 용흥리	경상북도 고령군 덕곡면 용흥리	4783031036
경상북도 고령군 덕곡면 원송리	경상북도 고령군 덕곡면 원송리	4783031032
경상북도 고령군 덕곡면 후암리	경상북도 고령군 덕곡면 후암리	4783031040
경상북도 고령군 성산면 강정리	경상북도 고령군 성산면 강정리	4783033039
경상북도 고령군 성산면 고탄리	경상북도 고령군 성산면 고탄리	4783033045
경상북도 고령군 성산면 기산리	경상북도 고령군 성산면 기산리	4783033047
경상북도 고령군 성산면 기족리	경상북도 고령군 성산면 기족리	4783033046
경상북도 고령군 성산면 대흥리	경상북도 고령군 성산면 대흥리	4783033042
경상북도 고령군 성산면 득성리	경상북도 고령군 성산면 득성리	4783033036
경상북도 고령군 성산면 무계리	경상북도 고령군 성산면 무계리	4783033040
경상북도 고령군 성산면 박곡리	경상북도 고령군 성산면 박곡리	4783033041
경상북도 고령군 성산면 사부리	경상북도 고령군 성산면 사부리	4783033048
경상북도 고령군 성산면 삼대리	경상북도 고령군 성산면 삼대리	4783033037
경상북도 고령군 성산면 상용리	경상북도 고령군 성산면 상용리	4783033044
경상북도 고령군 성산면 어곡리	경상북도 고령군 성산면 어곡리	4783033035
경상북도 고령군 성산면 오곡리	경상북도 고령군 성산면 오곡리	4783033038
경상북도 고령군 성산면 용소리	경상북도 고령군 성산면 용소리	4783033043
경상북도 고령군 쌍림면 고곡리	경상북도 고령군 쌍림면 고곡리	4783037050
경상북도 고령군 쌍림면 귀원리	경상북도 고령군 쌍림면 귀원리	4783037037
경상북도 고령군 쌍림면 매촌리	경상북도 고령군 쌍림면 매촌리	4783037044
경상북도 고령군 쌍림면 백산리	경상북도 고령군 쌍림면 백산리	4783037040
경상북도 고령군 쌍림면 산당리	경상북도 고령군 쌍림면 산당리	4783037039
경상북도 고령군 쌍림면 산주리	경상북도 고령군 쌍림면 산주리	4783037043
경상북도 고령군 쌍림면 송림리	경상북도 고령군 쌍림면 송림리	4783037038
경상북도 고령군 쌍림면 신곡리	경상북도 고령군 쌍림면 신곡리	4783037046
경상북도 고령군 쌍림면 신촌리	경상북도 고령군 쌍림면 신촌리	4783037042
경상북도 고령군 쌍림면 안림리	경상북도 고령군 쌍림면 안림리	4783037049
경상북도 고령군 쌍림면 안화리	경상북도 고령군 쌍림면 안화리	4783037048
경상북도 고령군 쌍림면 용리	경상북도 고령군 쌍림면 용리	4783037052
경상북도 고령군 쌍림면 월막리	경상북도 고령군 쌍림면 월막리	4783037051
경상북도 고령군 쌍림면 평지리	경상북도 고령군 쌍림면 평지리	4783037047
경상북도 고령군 쌍림면 하거리	경상북도 고령군 쌍림면 하거리	4783037041
경상북도 고령군 쌍림면 합가리	경상북도 고령군 쌍림면 합가리	4783037045
경상북도 고령군 우곡면 객기리	경상북도 고령군 우곡면 객기리	4783036039
경상북도 고령군 우곡면 답곡리	경상북도 고령군 우곡면 답곡리	4783036036
경상북도 고령군 우곡면 대곡리	경상북도 고령군 우곡면 대곡리	4783036042
경상북도 고령군 우곡면 도진리	경상북도 고령군 우곡면 도진리	4783036034
경상북도 고령군 우곡면 봉산리	경상북도 고령군 우곡면 봉산리	4783036037
경상북도 고령군 우곡면 사전리	경상북도 고령군 우곡면 사전리	4783036043
경상북도 고령군 우곡면 사촌리	경상북도 고령군 우곡면 사촌리	4783036046
경상북도 고령군 우곡면 속리	경상북도 고령군 우곡면 속리	4783036045
경상북도 고령군 우곡면 야정리	경상북도 고령군 우곡면 야정리	4783036044
경상북도 고령군 우곡면 연리	경상북도 고령군 우곡면 연리	4783036041
경상북도 고령군 우곡면 예곡리	경상북도 고령군 우곡면 예곡리	4783036035
경상북도 고령군 우곡면 월오리	경상북도 고령군 우곡면 월오리	4783036040
경상북도 고령군 우곡면 포리	경상북도 고령군 우곡면 포리	4783036038
경상북도 고령군 운수면 대평리	경상북도 고령군 운수면 대평리	4783032031
경상북도 고령군 운수면 법리	경상북도 고령군 운수면 법리	4783032033
경상북도 고령군 운수면 봉평리	경상북도 고령군 운수면 봉평리	4783032030
경상북도 고령군 운수면 신간리	경상북도 고령군 운수면 신간리	4783032032
경상북도 고령군 운수면 운산리	경상북도 고령군 운수면 운산리	4783032036
경상북도 고령군 운수면 월산리	경상북도 고령군 운수면 월산리	4783032037
경상북도 고령군 운수면 유리	경상북도 고령군 운수면 유리	4783032034
경상북도 고령군 운수면 팔산리	경상북도 고령군 운수면 팔산리	4783032035
경상북도 고령군 운수면 화암리	경상북도 고령군 운수면 화암리	4783032038
경상북도 구미시 거의동	경상북도 구미시 거의동	4719012700
경상북도 구미시 고아읍 관심리	경상북도 구미시 고아읍 관심리	4719025321
경상북도 구미시 고아읍 괴평리	경상북도 구미시 고아읍 괴평리	4719025334
경상북도 구미시 고아읍 내예리	경상북도 구미시 고아읍 내예리	4719025330
경상북도 구미시 고아읍 다식리	경상북도 구미시 고아읍 다식리	4719025333
경상북도 구미시 고아읍 대망리	경상북도 구미시 고아읍 대망리	4719025324
경상북도 구미시 고아읍 문성리	경상북도 구미시 고아읍 문성리	4719025332
경상북도 구미시 고아읍 봉한리	경상북도 구미시 고아읍 봉한리	4719025336
경상북도 구미시 고아읍 송림리	경상북도 구미시 고아읍 송림리	4719025335
경상북도 구미시 고아읍 신촌리	경상북도 구미시 고아읍 신촌리	4719025326
경상북도 구미시 고아읍 예강리	경상북도 구미시 고아읍 예강리	4719025338
경상북도 구미시 고아읍 오로리	경상북도 구미시 고아읍 오로리	4719025323
경상북도 구미시 고아읍 외예리	경상북도 구미시 고아읍 외예리	4719025329
경상북도 구미시 고아읍 원호리	경상북도 구미시 고아읍 원호리	4719025331
경상북도 구미시 고아읍 이례리	경상북도 구미시 고아읍 이례리	4719025322
경상북도 구미시 고아읍 파산리	경상북도 구미시 고아읍 파산리	4719025325
경상북도 구미시 고아읍 항곡리	경상북도 구미시 고아읍 항곡리	4719025337
경상북도 구미시 고아읍 황산리	경상북도 구미시 고아읍 황산리	4719025327
경상북도 구미시 고아읍 횡산리	경상북도 구미시 고아읍 횡산리	4719025328
경상북도 구미시 공단동	경상북도 구미시 공단동	4719011300
경상북도 구미시 광평동	경상북도 구미시 광평동	4719011400
경상북도 구미시 구평동	경상북도 구미시 구평동	4719012000
경상북도 구미시 구포동	경상북도 구미시 구포동	4719012900
경상북도 구미시 금전동	경상북도 구미시 금전동	4719013000
경상북도 구미시 남통동	경상북도 구미시 남통동	4719010800
경상북도 구미시 도개면 가산리	경상북도 구미시 도개면 가산리	4719033021
경상북도 구미시 도개면 궁기리	경상북도 구미시 도개면 궁기리	4719033025
경상북도 구미시 도개면 다곡리	경상북도 구미시 도개면 다곡리	4719033028
경상북도 구미시 도개면 도개리	경상북도 구미시 도개면 도개리	4719033027
경상북도 구미시 도개면 동산리	경상북도 구미시 도개면 동산리	4719033022
경상북도 구미시 도개면 신곡리	경상북도 구미시 도개면 신곡리	4719033024
경상북도 구미시 도개면 신림리	경상북도 구미시 도개면 신림리	4719033026
경상북도 구미시 도개면 용산리	경상북도 구미시 도개면 용산리	4719033029
경상북도 구미시 도개면 월림리	경상북도 구미시 도개면 월림리	4719033023
경상북도 구미시 도량동	경상북도 구미시 도량동	4719010300
경상북도 구미시 무을면 무등리	경상북도 구미시 무을면 무등리	4719031026
경상북도 구미시 무을면 무수리	경상북도 구미시 무을면 무수리	4719031022
경상북도 구미시 무을면 무이리	경상북도 구미시 무을면 무이리	4719031030
경상북도 구미시 무을면 백자리	경상북도 구미시 무을면 백자리	4719031028
경상북도 구미시 무을면 상송리	경상북도 구미시 무을면 상송리	4719031024
경상북도 구미시 무을면 송삼리	경상북도 구미시 무을면 송삼리	4719031021
경상북도 구미시 무을면 안곡리	경상북도 구미시 무을면 안곡리	4719031025
경상북도 구미시 무을면 오가리	경상북도 구미시 무을면 오가리	4719031023
경상북도 구미시 무을면 웅곡리	경상북도 구미시 무을면 웅곡리	4719031029
경상북도 구미시 무을면 원리	경상북도 구미시 무을면 원리	4719031027
경상북도 구미시 봉곡동	경상북도 구미시 봉곡동	4719010400
경상북도 구미시 부곡동	경상북도 구미시 부곡동	4719010500
경상북도 구미시 비산동	경상북도 구미시 비산동	4719011200
경상북도 구미시 사곡동	경상북도 구미시 사곡동	4719011500
경상북도 구미시 산동면 도중리	경상북도 구미시 산동면 도중리	4719035022
경상북도 구미시 산동면 동곡리	경상북도 구미시 산동면 동곡리	4719035021
경상북도 구미시 산동면 백현리	경상북도 구미시 산동면 백현리	4719035029
경상북도 구미시 산동면 봉산리	경상북도 구미시 산동면 봉산리	4719035026
경상북도 구미시 산동면 성수리	경상북도 구미시 산동면 성수리	4719035024
경상북도 구미시 산동면 송산리	경상북도 구미시 산동면 송산리	4719035030
경상북도 구미시 산동면 신당리	경상북도 구미시 산동면 신당리	4719035025
경상북도 구미시 산동면 인덕리	경상북도 구미시 산동면 인덕리	4719035028
경상북도 구미시 산동면 임천리	경상북도 구미시 산동면 임천리	4719035027
경상북도 구미시 산동면 적림리	경상북도 구미시 산동면 적림리	4719035023
경상북도 구미시 상모동	경상북도 구미시 상모동	4719011600
경상북도 구미시 선기동	경상북도 구미시 선기동	4719010600
경상북도 구미시 선산읍 교리	경상북도 구미시 선산읍 교리	4719025029
경상북도 구미시 선산읍 내고리	경상북도 구미시 선산읍 내고리	4719025026
경상북도 구미시 선산읍 노상리	경상북도 구미시 선산읍 노상리	4719025023
경상북도 구미시 선산읍 독동리	경상북도 구미시 선산읍 독동리	4719025032
경상북도 구미시 선산읍 동부리	경상북도 구미시 선산읍 동부리	4719025022
경상북도 구미시 선산읍 봉곡리	경상북도 구미시 선산읍 봉곡리	4719025035
경상북도 구미시 선산읍 봉남리	경상북도 구미시 선산읍 봉남리	4719025038
경상북도 구미시 선산읍 북산리	경상북도 구미시 선산읍 북산리	4719025027
경상북도 구미시 선산읍 생곡리	경상북도 구미시 선산읍 생곡리	4719025033
경상북도 구미시 선산읍 소재리	경상북도 구미시 선산읍 소재리	4719025037
경상북도 구미시 선산읍 습례리	경상북도 구미시 선산읍 습례리	4719025028
경상북도 구미시 선산읍 신기리	경상북도 구미시 선산읍 신기리	4719025034
경상북도 구미시 선산읍 완전리	경상북도 구미시 선산읍 완전리	4719025021
경상북도 구미시 선산읍 원리	경상북도 구미시 선산읍 원리	4719025031
경상북도 구미시 선산읍 이문리	경상북도 구미시 선산읍 이문리	4719025024
경상북도 구미시 선산읍 죽장리	경상북도 구미시 선산읍 죽장리	4719025025
경상북도 구미시 선산읍 포상리	경상북도 구미시 선산읍 포상리	4719025036
경상북도 구미시 선산읍 화조리	경상북도 구미시 선산읍 화조리	4719025030
경상북도 구미시 송정동	경상북도 구미시 송정동	4719011000
경상북도 구미시 수점동	경상북도 구미시 수점동	4719010700
경상북도 구미시 시미동	경상북도 구미시 시미동	4719012400
경상북도 구미시 신동	경상북도 구미시 신동	4719011900
경상북도 구미시 신평동	경상북도 구미시 신평동	4719011100
경상북도 구미시 양호동	경상북도 구미시 양호동	4719012600
경상북도 구미시 오태동	경상북도 구미시 오태동	4719011800
경상북도 구미시 옥계동	경상북도 구미시 옥계동	4719012800
경상북도 구미시 옥성면 구봉리	경상북도 구미시 옥성면 구봉리	4719032024
경상북도 구미시 옥성면 농소리	경상북도 구미시 옥성면 농소리	4719032022
경상북도 구미시 옥성면 대원리	경상북도 구미시 옥성면 대원리	4719032029
경상북도 구미시 옥성면 덕촌리	경상북도 구미시 옥성면 덕촌리	4719032028
경상북도 구미시 옥성면 산촌리	경상북도 구미시 옥성면 산촌리	4719032026
경상북도 구미시 옥성면 옥관리	경상북도 구미시 옥성면 옥관리	4719032025
경상북도 구미시 옥성면 주아리	경상북도 구미시 옥성면 주아리	4719032023
경상북도 구미시 옥성면 초곡리	경상북도 구미시 옥성면 초곡리	4719032021
경상북도 구미시 옥성면 태봉리	경상북도 구미시 옥성면 태봉리	4719032027
경상북도 구미시 원평동	경상북도 구미시 원평동	4719010100
경상북도 구미시 인의동	경상북도 구미시 인의동	4719012200
경상북도 구미시 임수동	경상북도 구미시 임수동	4719012500
경상북도 구미시 임은동	경상북도 구미시 임은동	4719011700
경상북도 구미시 장천면 금산리	경상북도 구미시 장천면 금산리	4719036024
경상북도 구미시 장천면 명곡리	경상북도 구미시 장천면 명곡리	4719036028
경상북도 구미시 장천면 묵어리	경상북도 구미시 장천면 묵어리	4719036026
경상북도 구미시 장천면 상림리	경상북도 구미시 장천면 상림리	4719036023
경상북도 구미시 장천면 상장리	경상북도 구미시 장천면 상장리	4719036021
경상북도 구미시 장천면 신장리	경상북도 구미시 장천면 신장리	4719036029
경상북도 구미시 장천면 여남리	경상북도 구미시 장천면 여남리	4719036027
경상북도 구미시 장천면 오로리	경상북도 구미시 장천면 오로리	4719036025
경상북도 구미시 장천면 하장리	경상북도 구미시 장천면 하장리	4719036022
경상북도 구미시 지산동	경상북도 구미시 지산동	4719010200
경상북도 구미시 진평동	경상북도 구미시 진평동	4719012300
경상북도 구미시 해평면 괴곡리	경상북도 구미시 해평면 괴곡리	4719034025
경상북도 구미시 해평면 금산리	경상북도 구미시 해평면 금산리	4719034026
경상북도 구미시 해평면 금호리	경상북도 구미시 해평면 금호리	4719034029
경상북도 구미시 해평면 낙산리	경상북도 구미시 해평면 낙산리	4719034034
경상북도 구미시 해평면 낙성리	경상북도 구미시 해평면 낙성리	4719034021
경상북도 구미시 해평면 도문리	경상북도 구미시 해평면 도문리	4719034027
경상북도 구미시 해평면 문량리	경상북도 구미시 해평면 문량리	4719034024
경상북도 구미시 해평면 산양리	경상북도 구미시 해평면 산양리	4719034032
경상북도 구미시 해평면 송곡리	경상북도 구미시 해평면 송곡리	4719034031
경상북도 구미시 해평면 오상리	경상북도 구미시 해평면 오상리	4719034023
경상북도 구미시 해평면 월곡리	경상북도 구미시 해평면 월곡리	4719034033
경상북도 구미시 해평면 월호리	경상북도 구미시 해평면 월호리	4719034028
경상북도 구미시 해평면 일선리	경상북도 구미시 해평면 일선리	4719034035
경상북도 구미시 해평면 창림리	경상북도 구미시 해평면 창림리	4719034030
경상북도 구미시 해평면 해평리	경상북도 구미시 해평면 해평리	4719034022
경상북도 구미시 형곡동	경상북도 구미시 형곡동	4719010900
경상북도 구미시 황상동	경상북도 구미시 황상동	4719012100
경상북도 군위군 고로면 가암리	경상북도 군위군 고로면 가암리	4772037040
경상북도 군위군 고로면 괴산리	경상북도 군위군 고로면 괴산리	4772037034
경상북도 군위군 고로면 낙전리	경상북도 군위군 고로면 낙전리	4772037039
경상북도 군위군 고로면 석산리	경상북도 군위군 고로면 석산리	4772037041
경상북도 군위군 고로면 양지리	경상북도 군위군 고로면 양지리	4772037038
경상북도 군위군 고로면 인곡리	경상북도 군위군 고로면 인곡리	4772037037
경상북도 군위군 고로면 장곡리	경상북도 군위군 고로면 장곡리	4772037036
경상북도 군위군 고로면 학성리	경상북도 군위군 고로면 학성리	4772037035
경상북도 군위군 고로면 학암리	경상북도 군위군 고로면 학암리	4772037042
경상북도 군위군 고로면 화북리	경상북도 군위군 고로면 화북리	4772037033
경상북도 군위군 고로면 화수리	경상북도 군위군 고로면 화수리	4772037032
경상북도 군위군 군위읍 광현리	경상북도 군위군 군위읍 광현리	4772025036
경상북도 군위군 군위읍 금구리	경상북도 군위군 군위읍 금구리	4772025023
경상북도 군위군 군위읍 내량리	경상북도 군위군 군위읍 내량리	4772025027
경상북도 군위군 군위읍 대북리	경상북도 군위군 군위읍 대북리	4772025030
경상북도 군위군 군위읍 대흥리	경상북도 군위군 군위읍 대흥리	4772025037
경상북도 군위군 군위읍 동부리	경상북도 군위군 군위읍 동부리	4772025021
경상북도 군위군 군위읍 무성리	경상북도 군위군 군위읍 무성리	4772025024
경상북도 군위군 군위읍 사직리	경상북도 군위군 군위읍 사직리	4772025026
경상북도 군위군 군위읍 삽령리	경상북도 군위군 군위읍 삽령리	4772025029
경상북도 군위군 군위읍 상곡리	경상북도 군위군 군위읍 상곡리	4772025035
경상북도 군위군 군위읍 서부리	경상북도 군위군 군위읍 서부리	4772025022
경상북도 군위군 군위읍 수서리	경상북도 군위군 군위읍 수서리	4772025025
경상북도 군위군 군위읍 오곡리	경상북도 군위군 군위읍 오곡리	4772025031
경상북도 군위군 군위읍 외량리	경상북도 군위군 군위읍 외량리	4772025028
경상북도 군위군 군위읍 용대리	경상북도 군위군 군위읍 용대리	4772025034
경상북도 군위군 군위읍 정리	경상북도 군위군 군위읍 정리	4772025032
경상북도 군위군 군위읍 하곡리	경상북도 군위군 군위읍 하곡리	4772025033
경상북도 군위군 부계면 가호리	경상북도 군위군 부계면 가호리	4772033030
경상북도 군위군 부계면 남산리	경상북도 군위군 부계면 남산리	4772033034
경상북도 군위군 부계면 대율리	경상북도 군위군 부계면 대율리	4772033032
경상북도 군위군 부계면 동산리	경상북도 군위군 부계면 동산리	4772033033
경상북도 군위군 부계면 명산리	경상북도 군위군 부계면 명산리	4772033035
경상북도 군위군 부계면 신화리	경상북도 군위군 부계면 신화리	4772033036
경상북도 군위군 부계면 창평리	경상북도 군위군 부계면 창평리	4772033029
경상북도 군위군 부계면 춘산리	경상북도 군위군 부계면 춘산리	4772033031
경상북도 군위군 산성면 무암리	경상북도 군위군 산성면 무암리	4772036031
경상북도 군위군 산성면 백학리	경상북도 군위군 산성면 백학리	4772036028
경상북도 군위군 산성면 봉림리	경상북도 군위군 산성면 봉림리	4772036030
경상북도 군위군 산성면 삼산리	경상북도 군위군 산성면 삼산리	4772036029
경상북도 군위군 산성면 운산리	경상북도 군위군 산성면 운산리	4772036032
경상북도 군위군 산성면 화본리	경상북도 군위군 산성면 화본리	4772036033
경상북도 군위군 산성면 화전리	경상북도 군위군 산성면 화전리	4772036034
경상북도 군위군 소보면 내의리	경상북도 군위군 소보면 내의리	4772031047
경상북도 군위군 소보면 달산리	경상북도 군위군 소보면 달산리	4772031040
경상북도 군위군 소보면 도산리	경상북도 군위군 소보면 도산리	4772031043
경상북도 군위군 소보면 보현리	경상북도 군위군 소보면 보현리	4772031037
경상북도 군위군 소보면 복성리	경상북도 군위군 소보면 복성리	4772031038
경상북도 군위군 소보면 봉소리	경상북도 군위군 소보면 봉소리	4772031049
경상북도 군위군 소보면 봉황리	경상북도 군위군 소보면 봉황리	4772031048
경상북도 군위군 소보면 사리리	경상북도 군위군 소보면 사리리	4772031036
경상북도 군위군 소보면 산법리	경상북도 군위군 소보면 산법리	4772031046
경상북도 군위군 소보면 서경리	경상북도 군위군 소보면 서경리	4772031044
경상북도 군위군 소보면 송원리	경상북도 군위군 소보면 송원리	4772031041
경상북도 군위군 소보면 신계리	경상북도 군위군 소보면 신계리	4772031042
경상북도 군위군 소보면 위성리	경상북도 군위군 소보면 위성리	4772031039
경상북도 군위군 소보면 평호리	경상북도 군위군 소보면 평호리	4772031045
경상북도 군위군 우보면 나호리	경상북도 군위군 우보면 나호리	4772034030
경상북도 군위군 우보면 달산리	경상북도 군위군 우보면 달산리	4772034037
경상북도 군위군 우보면 두북리	경상북도 군위군 우보면 두북리	4772034032
경상북도 군위군 우보면 모산리	경상북도 군위군 우보면 모산리	4772034035
경상북도 군위군 우보면 문덕리	경상북도 군위군 우보면 문덕리	4772034036
경상북도 군위군 우보면 미성리	경상북도 군위군 우보면 미성리	4772034034
경상북도 군위군 우보면 봉산리	경상북도 군위군 우보면 봉산리	4772034038
경상북도 군위군 우보면 선곡리	경상북도 군위군 우보면 선곡리	4772034033
경상북도 군위군 우보면 이화리	경상북도 군위군 우보면 이화리	4772034031
경상북도 군위군 의흥면 금양리	경상북도 군위군 의흥면 금양리	4772035042
경상북도 군위군 의흥면 매성리	경상북도 군위군 의흥면 매성리	4772035040
경상북도 군위군 의흥면 수북리	경상북도 군위군 의흥면 수북리	4772035033
경상북도 군위군 의흥면 수서리	경상북도 군위군 의흥면 수서리	4772035034
경상북도 군위군 의흥면 신덕리	경상북도 군위군 의흥면 신덕리	4772035037
경상북도 군위군 의흥면 연계리	경상북도 군위군 의흥면 연계리	4772035039
경상북도 군위군 의흥면 원산리	경상북도 군위군 의흥면 원산리	4772035041
경상북도 군위군 의흥면 읍내리	경상북도 군위군 의흥면 읍내리	4772035032
경상북도 군위군 의흥면 이지리	경상북도 군위군 의흥면 이지리	4772035035
경상북도 군위군 의흥면 지호리	경상북도 군위군 의흥면 지호리	4772035038
경상북도 군위군 의흥면 파전리	경상북도 군위군 의흥면 파전리	4772035036
경상북도 군위군 효령면 거매리	경상북도 군위군 효령면 거매리	4772032043
경상북도 군위군 효령면 고곡리	경상북도 군위군 효령면 고곡리	4772032050
경상북도 군위군 효령면 금매리	경상북도 군위군 효령면 금매리	4772032046
경상북도 군위군 효령면 내리리	경상북도 군위군 효령면 내리리	4772032041
경상북도 군위군 효령면 노행리	경상북도 군위군 효령면 노행리	4772032036
경상북도 군위군 효령면 마시리	경상북도 군위군 효령면 마시리	4772032048
경상북도 군위군 효령면 매곡리	경상북도 군위군 효령면 매곡리	4772032049
경상북도 군위군 효령면 병수리	경상북도 군위군 효령면 병수리	4772032039
경상북도 군위군 효령면 불로리	경상북도 군위군 효령면 불로리	4772032040
경상북도 군위군 효령면 성리	경상북도 군위군 효령면 성리	4772032038
경상북도 군위군 효령면 오천리	경상북도 군위군 효령면 오천리	4772032037
경상북도 군위군 효령면 장군리	경상북도 군위군 효령면 장군리	4772032044
경상북도 군위군 효령면 장기리	경상북도 군위군 효령면 장기리	4772032045
경상북도 군위군 효령면 중구리	경상북도 군위군 효령면 중구리	4772032042
경상북도 군위군 효령면 화계리	경상북도 군위군 효령면 화계리	4772032047
경상북도 김천시	경상북도 김천시	4715000000
경상북도 김천시 감문면 광덕리	경상북도 김천시 감문면 광덕리	4715035031
경상북도 김천시 감문면 구야리	경상북도 김천시 감문면 구야리	4715035023
경상북도 김천시 감문면 금곡리	경상북도 김천시 감문면 금곡리	4715035029
경상북도 김천시 감문면 금라리	경상북도 김천시 감문면 금라리	4715035022
경상북도 김천시 감문면 남곡리	경상북도 김천시 감문면 남곡리	4715035027
경상북도 김천시 감문면 대양리	경상북도 김천시 감문면 대양리	4715035035
경상북도 김천시 감문면 덕남리	경상북도 김천시 감문면 덕남리	4715035032
경상북도 김천시 감문면 도명리	경상북도 김천시 감문면 도명리	4715035025
경상북도 김천시 감문면 문무리	경상북도 김천시 감문면 문무리	4715035026
경상북도 김천시 감문면 보광리	경상북도 김천시 감문면 보광리	4715035021
경상북도 김천시 감문면 삼성리	경상북도 김천시 감문면 삼성리	4715035030
경상북도 김천시 감문면 성촌리	경상북도 김천시 감문면 성촌리	4715035034
경상북도 김천시 감문면 송북리	경상북도 김천시 감문면 송북리	4715035028
경상북도 김천시 감문면 은림리	경상북도 김천시 감문면 은림리	4715035024
경상북도 김천시 감문면 태촌리	경상북도 김천시 감문면 태촌리	4715035033
경상북도 김천시 감천면 광기리	경상북도 김천시 감천면 광기리	4715039024
경상북도 김천시 감천면 금송리	경상북도 김천시 감천면 금송리	4715039025
경상북도 김천시 감천면 도평리	경상북도 김천시 감천면 도평리	4715039023
경상북도 김천시 감천면 무안리	경상북도 김천시 감천면 무안리	4715039022
경상북도 김천시 감천면 용호리	경상북도 김천시 감천면 용호리	4715039021
경상북도 김천시 감호동	경상북도 김천시 감호동	4715010100
경상북도 김천시 개령면 광천리	경상북도 김천시 개령면 광천리	4715034027
경상북도 김천시 개령면 남전리	경상북도 김천시 개령면 남전리	4715034028
경상북도 김천시 개령면 덕촌리	경상북도 김천시 개령면 덕촌리	4715034023
경상북도 김천시 개령면 동부리	경상북도 김천시 개령면 동부리	4715034025
경상북도 김천시 개령면 서부리	경상북도 김천시 개령면 서부리	4715034024
경상북도 김천시 개령면 신룡리	경상북도 김천시 개령면 신룡리	4715034022
경상북도 김천시 개령면 양천리	경상북도 김천시 개령면 양천리	4715034026
경상북도 김천시 개령면 황계리	경상북도 김천시 개령면 황계리	4715034021
경상북도 김천시 교동	경상북도 김천시 교동	4715010900
경상북도 김천시 구성면 광명리	경상북도 김천시 구성면 광명리	4715041025
경상북도 김천시 구성면 구미리	경상북도 김천시 구성면 구미리	4715041027
경상북도 김천시 구성면 금평리	경상북도 김천시 구성면 금평리	4715041026
경상북도 김천시 구성면 마산리	경상북도 김천시 구성면 마산리	4715041031
경상북도 김천시 구성면 미평리	경상북도 김천시 구성면 미평리	4715041036
경상북도 김천시 구성면 상거리	경상북도 김천시 구성면 상거리	4715041034
경상북도 김천시 구성면 상원리	경상북도 김천시 구성면 상원리	4715041035
경상북도 김천시 구성면 상좌원리	경상북도 김천시 구성면 상좌원리	4715041037
경상북도 김천시 구성면 송죽리	경상북도 김천시 구성면 송죽리	4715041024
경상북도 김천시 구성면 양각리	경상북도 김천시 구성면 양각리	4715041022
경상북도 김천시 구성면 용호리	경상북도 김천시 구성면 용호리	4715041033
경상북도 김천시 구성면 월계리	경상북도 김천시 구성면 월계리	4715041030
경상북도 김천시 구성면 임천리	경상북도 김천시 구성면 임천리	4715041029
경상북도 김천시 구성면 임평리	경상북도 김천시 구성면 임평리	4715041028
경상북도 김천시 구성면 작내리	경상북도 김천시 구성면 작내리	4715041032
경상북도 김천시 구성면 하강리	경상북도 김천시 구성면 하강리	4715041021
경상북도 김천시 구성면 흥평리	경상북도 김천시 구성면 흥평리	4715041023
경상북도 김천시 남면 봉천리	경상북도 김천시 남면 봉천리	4715032027
경상북도 김천시 남면 부상리	경상북도 김천시 남면 부상리	4715032025
경상북도 김천시 남면 송곡리	경상북도 김천시 남면 송곡리	4715032023
경상북도 김천시 남면 오봉리	경상북도 김천시 남면 오봉리	4715032026
경상북도 김천시 남면 옥산리	경상북도 김천시 남면 옥산리	4715032021
경상북도 김천시 남면 용전리	경상북도 김천시 율곡동	4715012000
경상북도 김천시 남면 운곡리	경상북도 김천시 남면 운곡리	4715032022
경상북도 김천시 남면 운남리	경상북도 김천시 남면 운남리	4715032030
경상북도 김천시 남면 월명리	경상북도 김천시 남면 월명리	4715032024
경상북도 김천시 남면 초곡리	경상북도 김천시 남면 초곡리	4715032028
경상북도 김천시 남산동	경상북도 김천시 남산동	4715010600
경상북도 김천시 농소면 노곡리	경상북도 김천시 농소면 노곡리	4715031027
경상북도 김천시 농소면 봉곡리	경상북도 김천시 농소면 봉곡리	4715031025
경상북도 김천시 농소면 신촌리	경상북도 김천시 농소면 신촌리	4715031022
경상북도 김천시 농소면 연명리	경상북도 김천시 농소면 연명리	4715031026
경상북도 김천시 농소면 용암리	경상북도 김천시 농소면 용암리	4715031024
경상북도 김천시 농소면 월곡리	경상북도 김천시 농소면 월곡리	4715031023
경상북도 김천시 농소면 입석리	경상북도 김천시 농소면 입석리	4715031021
경상북도 김천시 다수동	경상북도 김천시 다수동	4715011200
경상북도 김천시 대광동	경상북도 김천시 대광동	4715011700
경상북도 김천시 대덕면 가례리	경상북도 김천시 대덕면 가례리	4715044025
경상북도 김천시 대덕면 관기리	경상북도 김천시 대덕면 관기리	4715044028
경상북도 김천시 대덕면 내감리	경상북도 김천시 대덕면 내감리	4715044024
경상북도 김천시 대덕면 대리	경상북도 김천시 대덕면 대리	4715044031
경상북도 김천시 대덕면 덕산리	경상북도 김천시 대덕면 덕산리	4715044022
경상북도 김천시 대덕면 문의리	경상북도 김천시 대덕면 문의리	4715044030
경상북도 김천시 대덕면 연화리	경상북도 김천시 대덕면 연화리	4715044021
경상북도 김천시 대덕면 외감리	경상북도 김천시 대덕면 외감리	4715044023
경상북도 김천시 대덕면 조룡리	경상북도 김천시 대덕면 조룡리	4715044026
경상북도 김천시 대덕면 중산리	경상북도 김천시 대덕면 중산리	4715044032
경상북도 김천시 대덕면 추량리	경상북도 김천시 대덕면 추량리	4715044027
경상북도 김천시 대덕면 화전리	경상북도 김천시 대덕면 화전리	4715044029
경상북도 김천시 대항면 대룡리	경상북도 김천시 대항면 대룡리	4715038026
경상북도 김천시 대항면 대성리	경상북도 김천시 대항면 대성리	4715038024
경상북도 김천시 대항면 덕전리	경상북도 김천시 대항면 덕전리	4715038025
경상북도 김천시 대항면 복전리	경상북도 김천시 대항면 복전리	4715038027
경상북도 김천시 대항면 운수리	경상북도 김천시 대항면 운수리	4715038022
경상북도 김천시 대항면 주례리	경상북도 김천시 대항면 주례리	4715038023
경상북도 김천시 대항면 향천리	경상북도 김천시 대항면 향천리	4715038021
경상북도 김천시 덕곡동	경상북도 김천시 덕곡동	4715011600
경상북도 김천시 모암동	경상북도 김천시 모암동	4715010300
경상북도 김천시 문당동	경상북도 김천시 문당동	4715011100
경상북도 김천시 백옥동	경상북도 김천시 백옥동	4715011300
경상북도 김천시 봉산면 광천리	경상북도 김천시 봉산면 광천리	4715037028
경상북도 김천시 봉산면 덕천리	경상북도 김천시 봉산면 덕천리	4715037024
경상북도 김천시 봉산면 상금리	경상북도 김천시 봉산면 상금리	4715037026
경상북도 김천시 봉산면 신리	경상북도 김천시 봉산면 신리	4715037021
경상북도 김천시 봉산면 신암리	경상북도 김천시 봉산면 신암리	4715037027
경상북도 김천시 봉산면 예지리	경상북도 김천시 봉산면 예지리	4715037023
경상북도 김천시 봉산면 인의리	경상북도 김천시 봉산면 인의리	4715037022
경상북도 김천시 봉산면 태화리	경상북도 김천시 봉산면 태화리	4715037025
경상북도 김천시 부곡동	경상북도 김천시 부곡동	4715011400
경상북도 김천시 부항면 대야리	경상북도 김천시 부항면 대야리	4715043029
경상북도 김천시 부항면 두산리	경상북도 김천시 부항면 두산리	4715043032
경상북도 김천시 부항면 사등리	경상북도 김천시 부항면 사등리	4715043024
경상북도 김천시 부항면 신옥리	경상북도 김천시 부항면 신옥리	4715043021
경상북도 김천시 부항면 안간리	경상북도 김천시 부항면 안간리	4715043031
경상북도 김천시 부항면 어전리	경상북도 김천시 부항면 어전리	4715043026
경상북도 김천시 부항면 월곡리	경상북도 김천시 부항면 월곡리	4715043025
경상북도 김천시 부항면 유촌리	경상북도 김천시 부항면 유촌리	4715043022
경상북도 김천시 부항면 지좌리	경상북도 김천시 부항면 지좌리	4715043023
경상북도 김천시 부항면 파천리	경상북도 김천시 부항면 파천리	4715043030
경상북도 김천시 부항면 하대리	경상북도 김천시 부항면 하대리	4715043027
경상북도 김천시 부항면 해인리	경상북도 김천시 부항면 해인리	4715043028
경상북도 김천시 부항면 희곡리	경상북도 김천시 부항면 희곡리	4715043033
경상북도 김천시 삼락동	경상북도 김천시 삼락동	4715011000
경상북도 김천시 성내동	경상북도 김천시 성내동	4715010400
경상북도 김천시 신음동	경상북도 김천시 신음동	4715010800
경상북도 김천시 아포읍 국사리	경상북도 김천시 아포읍 국사리	4715025028
경상북도 김천시 아포읍 대성리	경상북도 김천시 아포읍 대성리	4715025030
경상북도 김천시 아포읍 대신리	경상북도 김천시 아포읍 대신리	4715025025
경상북도 김천시 아포읍 봉산리	경상북도 김천시 아포읍 봉산리	4715025026
경상북도 김천시 아포읍 송천리	경상북도 김천시 아포읍 송천리	4715025029
경상북도 김천시 아포읍 예리	경상북도 김천시 아포읍 예리	4715025023
경상북도 김천시 아포읍 의리	경상북도 김천시 아포읍 의리	4715025022
경상북도 김천시 아포읍 인리	경상북도 김천시 아포읍 인리	4715025021
경상북도 김천시 아포읍 제석리	경상북도 김천시 아포읍 제석리	4715025027
경상북도 김천시 아포읍 지리	경상북도 김천시 아포읍 지리	4715025024
경상북도 김천시 양천동	경상북도 김천시 양천동	4715011900
경상북도 김천시 어모면 구례리	경상북도 김천시 어모면 구례리	4715036027
경상북도 김천시 어모면 군자리	경상북도 김천시 어모면 군자리	4715036025
경상북도 김천시 어모면 남산리	경상북도 김천시 어모면 남산리	4715036023
경상북도 김천시 어모면 능치리	경상북도 김천시 어모면 능치리	4715036029
경상북도 김천시 어모면 다남리	경상북도 김천시 어모면 다남리	4715036024
경상북도 김천시 어모면 덕마리	경상북도 김천시 어모면 덕마리	4715036026
경상북도 김천시 어모면 도암리	경상북도 김천시 어모면 도암리	4715036030
경상북도 김천시 어모면 동좌리	경상북도 김천시 어모면 동좌리	4715036032
경상북도 김천시 어모면 옥계리	경상북도 김천시 어모면 옥계리	4715036028
경상북도 김천시 어모면 옥율리	경상북도 김천시 어모면 옥율리	4715036022
경상북도 김천시 어모면 은기리	경상북도 김천시 어모면 은기리	4715036031
경상북도 김천시 어모면 중왕리	경상북도 김천시 어모면 중왕리	4715036021
경상북도 김천시 용두동	경상북도 김천시 용두동	4715010200
경상북도 김천시 율곡동	경상북도 김천시 율곡동	4715012000
경상북도 김천시 응명동	경상북도 김천시 응명동	4715011800
경상북도 김천시 조마면 강곡리	경상북도 김천시 조마면 강곡리	4715040023
경상북도 김천시 조마면 대방리	경상북도 김천시 조마면 대방리	4715040027
경상북도 김천시 조마면 삼산리	경상북도 김천시 조마면 삼산리	4715040025
경상북도 김천시 조마면 신곡리	경상북도 김천시 조마면 신곡리	4715040024
경상북도 김천시 조마면 신안리	경상북도 김천시 조마면 신안리	4715040021
경상북도 김천시 조마면 신왕리	경상북도 김천시 조마면 신왕리	4715040026
경상북도 김천시 조마면 장암리	경상북도 김천시 조마면 장암리	4715040022
경상북도 김천시 증산면 금곡리	경상북도 김천시 증산면 금곡리	4715045028
경상북도 김천시 증산면 동안리	경상북도 김천시 증산면 동안리	4715045023
경상북도 김천시 증산면 부항리	경상북도 김천시 증산면 부항리	4715045022
경상북도 김천시 증산면 수도리	경상북도 김천시 증산면 수도리	4715045026
경상북도 김천시 증산면 유성리	경상북도 김천시 증산면 유성리	4715045027
경상북도 김천시 증산면 장전리	경상북도 김천시 증산면 장전리	4715045029
경상북도 김천시 증산면 평촌리	경상북도 김천시 증산면 평촌리	4715045025
경상북도 김천시 증산면 황점리	경상북도 김천시 증산면 황점리	4715045030
경상북도 김천시 증산면 황정리	경상북도 김천시 증산면 황정리	4715045024
경상북도 김천시 증산면 황항리	경상북도 김천시 증산면 황항리	4715045021
경상북도 김천시 지례면 거물리	경상북도 김천시 지례면 거물리	4715042024
경상북도 김천시 지례면 관덕리	경상북도 김천시 지례면 관덕리	4715042026
경상북도 김천시 지례면 교리	경상북도 김천시 지례면 교리	4715042021
경상북도 김천시 지례면 대율리	경상북도 김천시 지례면 대율리	4715042023
경상북도 김천시 지례면 도곡리	경상북도 김천시 지례면 도곡리	4715042025
경상북도 김천시 지례면 상부리	경상북도 김천시 지례면 상부리	4715042022
경상북도 김천시 지례면 신평리	경상북도 김천시 지례면 신평리	4715042027
경상북도 김천시 지례면 여배리	경상북도 김천시 지례면 여배리	4715042030
경상북도 김천시 지례면 울곡리	경상북도 김천시 지례면 울곡리	4715042029
경상북도 김천시 지례면 이전리	경상북도 김천시 지례면 이전리	4715042028
경상북도 김천시 지좌동	경상북도 김천시 지좌동	4715011500
경상북도 김천시 평화동	경상북도 김천시 평화동	4715010500
경상북도 김천시 황금동	경상북도 김천시 황금동	4715010700
경상북도 문경시 가은읍 갈전리	경상북도 문경시 가은읍 갈전리	4728025322
경상북도 문경시 가은읍 민지리	경상북도 문경시 가은읍 민지리	4728025327
경상북도 문경시 가은읍 상괴리	경상북도 문경시 가은읍 상괴리	4728025333
경상북도 문경시 가은읍 성유리	경상북도 문경시 가은읍 성유리	4728025329
경상북도 문경시 가은읍 성저리	경상북도 문경시 가은읍 성저리	4728025325
경상북도 문경시 가은읍 수예리	경상북도 문경시 가은읍 수예리	4728025326
경상북도 문경시 가은읍 완장리	경상북도 문경시 가은읍 완장리	4728025331
경상북도 문경시 가은읍 왕능리	경상북도 문경시 가은읍 왕능리	4728025321
경상북도 문경시 가은읍 원북리	경상북도 문경시 가은읍 원북리	4728025332
경상북도 문경시 가은읍 작천리	경상북도 문경시 가은읍 작천리	4728025324
경상북도 문경시 가은읍 저음리	경상북도 문경시 가은읍 저음리	4728025323
경상북도 문경시 가은읍 전곡리	경상북도 문경시 가은읍 전곡리	4728025328
경상북도 문경시 가은읍 죽문리	경상북도 문경시 가은읍 죽문리	4728025330
경상북도 문경시 가은읍 하괴리	경상북도 문경시 가은읍 하괴리	4728025334
경상북도 문경시 공평동	경상북도 문경시 공평동	4728010900
경상북도 문경시 농암면 갈동리	경상북도 문경시 농암면 갈동리	4728037028
경상북도 문경시 농암면 궁기리	경상북도 문경시 농암면 궁기리	4728037024
경상북도 문경시 농암면 내서리	경상북도 문경시 농암면 내서리	4728037025
경상북도 문경시 농암면 농암리	경상북도 문경시 농암면 농암리	4728037021
경상북도 문경시 농암면 사현리	경상북도 문경시 농암면 사현리	4728037029
경상북도 문경시 농암면 선곡리	경상북도 문경시 농암면 선곡리	4728037031
경상북도 문경시 농암면 연천리	경상북도 문경시 농암면 연천리	4728037023
경상북도 문경시 농암면 율수리	경상북도 문경시 농암면 율수리	4728037027
경상북도 문경시 농암면 종곡리	경상북도 문경시 농암면 종곡리	4728037022
경상북도 문경시 농암면 지동리	경상북도 문경시 농암면 지동리	4728037030
경상북도 문경시 농암면 화산리	경상북도 문경시 농암면 화산리	4728037026
경상북도 문경시 동로면 간송리	경상북도 문경시 동로면 간송리	4728035024
경상북도 문경시 동로면 노은리	경상북도 문경시 동로면 노은리	4728035026
경상북도 문경시 동로면 마광리	경상북도 문경시 동로면 마광리	4728035021
경상북도 문경시 동로면 명전리	경상북도 문경시 동로면 명전리	4728035029
경상북도 문경시 동로면 생달리	경상북도 문경시 동로면 생달리	4728035028
경상북도 문경시 동로면 석항리	경상북도 문경시 동로면 석항리	4728035025
경상북도 문경시 동로면 수평리	경상북도 문경시 동로면 수평리	4728035023
경상북도 문경시 동로면 인곡리	경상북도 문경시 동로면 인곡리	4728035022
경상북도 문경시 동로면 적성리	경상북도 문경시 동로면 적성리	4728035027
경상북도 문경시 마성면 남호리	경상북도 문경시 마성면 남호리	4728036028
경상북도 문경시 마성면 모곡리	경상북도 문경시 마성면 모곡리	4728036021
경상북도 문경시 마성면 상내리	경상북도 문경시 마성면 상내리	4728036023
경상북도 문경시 마성면 신현리	경상북도 문경시 마성면 신현리	4728036025
경상북도 문경시 마성면 오천리	경상북도 문경시 마성면 오천리	4728036026
경상북도 문경시 마성면 외어리	경상북도 문경시 마성면 외어리	4728036027
경상북도 문경시 마성면 정리	경상북도 문경시 마성면 정리	4728036022
경상북도 문경시 마성면 하내리	경상북도 문경시 마성면 하내리	4728036024
경상북도 문경시 모전동	경상북도 문경시 모전동	4728011000
경상북도 문경시 문경읍 각서리	경상북도 문경시 문경읍 각서리	4728025028
경상북도 문경시 문경읍 갈평리	경상북도 문경시 문경읍 갈평리	4728025036
경상북도 문경시 문경읍 고요리	경상북도 문경시 문경읍 고요리	4728025031
경상북도 문경시 문경읍 관음리	경상북도 문경시 문경읍 관음리	4728025038
경상북도 문경시 문경읍 교촌리	경상북도 문경시 문경읍 교촌리	4728025023
경상북도 문경시 문경읍 당포리	경상북도 문경시 문경읍 당포리	4728025033
경상북도 문경시 문경읍 마원리	경상북도 문경시 문경읍 마원리	4728025026
경상북도 문경시 문경읍 상리	경상북도 문경시 문경읍 상리	4728025021
경상북도 문경시 문경읍 상초리	경상북도 문경시 문경읍 상초리	4728025030
경상북도 문경시 문경읍 요성리	경상북도 문경시 문경읍 요성리	4728025024
경상북도 문경시 문경읍 용연리	경상북도 문경시 문경읍 용연리	4728025034
경상북도 문경시 문경읍 중평리	경상북도 문경시 문경읍 중평리	4728025037
경상북도 문경시 문경읍 지곡리	경상북도 문경시 문경읍 지곡리	4728025025
경상북도 문경시 문경읍 진안리	경상북도 문경시 문경읍 진안리	4728025027
경상북도 문경시 문경읍 팔영리	경상북도 문경시 문경읍 팔영리	4728025032
경상북도 문경시 문경읍 평천리	경상북도 문경시 문경읍 평천리	4728025035
경상북도 문경시 문경읍 하리	경상북도 문경시 문경읍 하리	4728025022
경상북도 문경시 문경읍 하초리	경상북도 문경시 문경읍 하초리	4728025029
경상북도 문경시 불정동	경상북도 문경시 불정동	4728010700
경상북도 문경시 산북면 가곡리	경상북도 문경시 산북면 가곡리	4728034038
경상북도 문경시 산북면 가좌리	경상북도 문경시 산북면 가좌리	4728034031
경상북도 문경시 산북면 거산리	경상북도 문경시 산북면 거산리	4728034028
경상북도 문경시 산북면 김용리	경상북도 문경시 산북면 김용리	4728034027
경상북도 문경시 산북면 내화리	경상북도 문경시 산북면 내화리	4728034035
경상북도 문경시 산북면 대상리	경상북도 문경시 산북면 대상리	4728034022
경상북도 문경시 산북면 대하리	경상북도 문경시 산북면 대하리	4728034023
경상북도 문경시 산북면 서중리	경상북도 문경시 산북면 서중리	4728034021
경상북도 문경시 산북면 석봉리	경상북도 문경시 산북면 석봉리	4728034026
경상북도 문경시 산북면 소야리	경상북도 문경시 산북면 소야리	4728034033
경상북도 문경시 산북면 약석리	경상북도 문경시 산북면 약석리	4728034036
경상북도 문경시 산북면 우곡리	경상북도 문경시 산북면 우곡리	4728034025
경상북도 문경시 산북면 월천리	경상북도 문경시 산북면 월천리	4728034039
경상북도 문경시 산북면 이곡리	경상북도 문경시 산북면 이곡리	4728034024
경상북도 문경시 산북면 전두리	경상북도 문경시 산북면 전두리	4728034029
경상북도 문경시 산북면 종곡리	경상북도 문경시 산북면 종곡리	4728034034
경상북도 문경시 산북면 지내리	경상북도 문경시 산북면 지내리	4728034040
경상북도 문경시 산북면 창구리	경상북도 문경시 산북면 창구리	4728034032
경상북도 문경시 산북면 호암리	경상북도 문경시 산북면 호암리	4728034030
경상북도 문경시 산북면 회룡리	경상북도 문경시 산북면 회룡리	4728034037
경상북도 문경시 산북면 흑송리	경상북도 문경시 산북면 흑송리	4728034041
경상북도 문경시 산양면 과곡리	경상북도 문경시 산양면 과곡리	4728032024
경상북도 문경시 산양면 녹문리	경상북도 문경시 산양면 녹문리	4728032021
경상북도 문경시 산양면 반곡리	경상북도 문경시 산양면 반곡리	4728032033
경상북도 문경시 산양면 봉정리	경상북도 문경시 산양면 봉정리	4728032031
경상북도 문경시 산양면 부암리	경상북도 문경시 산양면 부암리	4728032023
경상북도 문경시 산양면 불암리	경상북도 문경시 산양면 불암리	4728032029
경상북도 문경시 산양면 송죽리	경상북도 문경시 산양면 송죽리	4728032035
경상북도 문경시 산양면 신전리	경상북도 문경시 산양면 신전리	4728032036
경상북도 문경시 산양면 연소리	경상북도 문경시 산양면 연소리	4728032028
경상북도 문경시 산양면 우본리	경상북도 문경시 산양면 우본리	4728032027
경상북도 문경시 산양면 위만리	경상북도 문경시 산양면 위만리	4728032026
경상북도 문경시 산양면 존도리	경상북도 문경시 산양면 존도리	4728032030
경상북도 문경시 산양면 진정리	경상북도 문경시 산양면 진정리	4728032032
경상북도 문경시 산양면 평지리	경상북도 문경시 산양면 평지리	4728032034
경상북도 문경시 산양면 현리	경상북도 문경시 산양면 현리	4728032022
경상북도 문경시 산양면 형천리	경상북도 문경시 산양면 형천리	4728032025
경상북도 문경시 신기동	경상북도 문경시 신기동	4728010600
경상북도 문경시 영순면 금림리	경상북도 문경시 영순면 금림리	4728031027
경상북도 문경시 영순면 김용리	경상북도 문경시 영순면 김용리	4728031022
경상북도 문경시 영순면 달지리	경상북도 문경시 영순면 달지리	4728031028
경상북도 문경시 영순면 말응리	경상북도 문경시 영순면 말응리	4728031030
경상북도 문경시 영순면 사근리	경상북도 문경시 영순면 사근리	4728031024
경상북도 문경시 영순면 오룡리	경상북도 문경시 영순면 오룡리	4728031026
경상북도 문경시 영순면 왕태리	경상북도 문경시 영순면 왕태리	4728031025
경상북도 문경시 영순면 율곡리	경상북도 문경시 영순면 율곡리	4728031031
경상북도 문경시 영순면 의곡리	경상북도 문경시 영순면 의곡리	4728031021
경상북도 문경시 영순면 이목리	경상북도 문경시 영순면 이목리	4728031029
경상북도 문경시 영순면 포내리	경상북도 문경시 영순면 포내리	4728031023
경상북도 문경시 영신동	경상북도 문경시 영신동	4728010200
경상북도 문경시 우지동	경상북도 문경시 우지동	4728010400
경상북도 문경시 유곡동	경상북도 문경시 유곡동	4728010800
경상북도 문경시 윤직동	경상북도 문경시 윤직동	4728011100
경상북도 문경시 점촌동	경상북도 문경시 점촌동	4728010100
경상북도 문경시 창동	경상북도 문경시 창동	4728010500
경상북도 문경시 호계면 가도리	경상북도 문경시 호계면 가도리	4728033027
경상북도 문경시 호계면 견탄리	경상북도 문경시 호계면 견탄리	4728033021
경상북도 문경시 호계면 구산리	경상북도 문경시 호계면 구산리	4728033028
경상북도 문경시 호계면 막곡리	경상북도 문경시 호계면 막곡리	4728033030
경상북도 문경시 호계면 별암리	경상북도 문경시 호계면 별암리	4728033022
경상북도 문경시 호계면 봉서리	경상북도 문경시 호계면 봉서리	4728033031
경상북도 문경시 호계면 부곡리	경상북도 문경시 호계면 부곡리	4728033024
경상북도 문경시 호계면 선암리	경상북도 문경시 호계면 선암리	4728033025
경상북도 문경시 호계면 우로리	경상북도 문경시 호계면 우로리	4728033029
경상북도 문경시 호계면 지천리	경상북도 문경시 호계면 지천리	4728033026
경상북도 문경시 호계면 호계리	경상북도 문경시 호계면 호계리	4728033023
경상북도 문경시 흥덕동	경상북도 문경시 흥덕동	4728010300
경상북도 봉화군 명호면 고감리	경상북도 봉화군 명호면 고감리	4792037024
경상북도 봉화군 명호면 고계리	경상북도 봉화군 명호면 고계리	4792037026
경상북도 봉화군 명호면 관창리	경상북도 봉화군 명호면 관창리	4792037028
경상북도 봉화군 명호면 도천리	경상북도 봉화군 명호면 도천리	4792037021
경상북도 봉화군 명호면 북곡리	경상북도 봉화군 명호면 북곡리	4792037027
경상북도 봉화군 명호면 삼동리	경상북도 봉화군 명호면 삼동리	4792037022
경상북도 봉화군 명호면 양곡리	경상북도 봉화군 명호면 양곡리	4792037023
경상북도 봉화군 명호면 풍호리	경상북도 봉화군 명호면 풍호리	4792037025
경상북도 봉화군 물야면 가평리	경상북도 봉화군 물야면 가평리	4792031022
경상북도 봉화군 물야면 개단리	경상북도 봉화군 물야면 개단리	4792031023
경상북도 봉화군 물야면 두문리	경상북도 봉화군 물야면 두문리	4792031026
경상북도 봉화군 물야면 북지리	경상북도 봉화군 물야면 북지리	4792031028
경상북도 봉화군 물야면 수식리	경상북도 봉화군 물야면 수식리	4792031027
경상북도 봉화군 물야면 압동리	경상북도 봉화군 물야면 압동리	4792031025
경상북도 봉화군 물야면 오록리	경상북도 봉화군 물야면 오록리	4792031021
경상북도 봉화군 물야면 오전리	경상북도 봉화군 물야면 오전리	4792031024
경상북도 봉화군 법전면 눌산리	경상북도 봉화군 법전면 눌산리	4792033025
경상북도 봉화군 법전면 법전리	경상북도 봉화군 법전면 법전리	4792033021
경상북도 봉화군 법전면 소지리	경상북도 봉화군 법전면 소지리	4792033027
경상북도 봉화군 법전면 소천리	경상북도 봉화군 법전면 소천리	4792033024
경상북도 봉화군 법전면 어지리	경상북도 봉화군 법전면 어지리	4792033026
경상북도 봉화군 법전면 척곡리	경상북도 봉화군 법전면 척곡리	4792033023
경상북도 봉화군 법전면 풍정리	경상북도 봉화군 법전면 풍정리	4792033022
경상북도 봉화군 봉성면 금봉리	경상북도 봉화군 봉성면 금봉리	4792032026
경상북도 봉화군 봉성면 동양리	경상북도 봉화군 봉성면 동양리	4792032025
경상북도 봉화군 봉성면 봉성리	경상북도 봉화군 봉성면 봉성리	4792032021
경상북도 봉화군 봉성면 봉양리	경상북도 봉화군 봉성면 봉양리	4792032028
경상북도 봉화군 봉성면 외삼리	경상북도 봉화군 봉성면 외삼리	4792032023
경상북도 봉화군 봉성면 우곡리	경상북도 봉화군 봉성면 우곡리	4792032027
경상북도 봉화군 봉성면 창평리	경상북도 봉화군 봉성면 창평리	4792032024
경상북도 봉화군 봉화읍 거촌리	경상북도 봉화군 봉화읍 거촌리	4792025024
경상북도 봉화군 봉화읍 내성리	경상북도 봉화군 봉화읍 내성리	4792025031
경상북도 봉화군 봉화읍 도촌리	경상북도 봉화군 봉화읍 도촌리	4792025029
경상북도 봉화군 봉화읍 문단리	경상북도 봉화군 봉화읍 문단리	4792025030
경상북도 봉화군 봉화읍 삼계리	경상북도 봉화군 봉화읍 삼계리	4792025022
경상북도 봉화군 봉화읍 석평리	경상북도 봉화군 봉화읍 석평리	4792025025
경상북도 봉화군 봉화읍 유곡리	경상북도 봉화군 봉화읍 유곡리	4792025023
경상북도 봉화군 봉화읍 적덕리	경상북도 봉화군 봉화읍 적덕리	4792025027
경상북도 봉화군 봉화읍 해저리	경상북도 봉화군 봉화읍 해저리	4792025026
경상북도 봉화군 봉화읍 화천리	경상북도 봉화군 봉화읍 화천리	4792025028
경상북도 봉화군 상운면 가곡리	경상북도 봉화군 상운면 가곡리	4792038021
경상북도 봉화군 상운면 구천리	경상북도 봉화군 상운면 구천리	4792038026
경상북도 봉화군 상운면 문촌리	경상북도 봉화군 상운면 문촌리	4792038023
경상북도 봉화군 상운면 설매리	경상북도 봉화군 상운면 설매리	4792038027
경상북도 봉화군 상운면 신라리	경상북도 봉화군 상운면 신라리	4792038028
경상북도 봉화군 상운면 운계리	경상북도 봉화군 상운면 운계리	4792038022
경상북도 봉화군 상운면 토일리	경상북도 봉화군 상운면 토일리	4792038025
경상북도 봉화군 상운면 하눌리	경상북도 봉화군 상운면 하눌리	4792038024
경상북도 봉화군 석포면 대현리	경상북도 봉화군 석포면 대현리	4792039022
경상북도 봉화군 석포면 석포리	경상북도 봉화군 석포면 석포리	4792039021
경상북도 봉화군 석포면 승부리	경상북도 봉화군 석포면 승부리	4792039023
경상북도 봉화군 소천면 고선리	경상북도 봉화군 소천면 고선리	4792035022
경상북도 봉화군 소천면 남회룡리	경상북도 봉화군 소천면 남회룡리	4792035026
경상북도 봉화군 소천면 두음리	경상북도 봉화군 소천면 두음리	4792035024
경상북도 봉화군 소천면 분천리	경상북도 봉화군 소천면 분천리	4792035027
경상북도 봉화군 소천면 서천리	경상북도 봉화군 소천면 서천리	4792035025
경상북도 봉화군 소천면 임기리	경상북도 봉화군 소천면 임기리	4792035023
경상북도 봉화군 소천면 현동리	경상북도 봉화군 소천면 현동리	4792035021
경상북도 봉화군 재산면 갈산리	경상북도 봉화군 재산면 갈산리	4792036024
경상북도 봉화군 재산면 남면리	경상북도 봉화군 재산면 남면리	4792036022
경상북도 봉화군 재산면 동면리	경상북도 봉화군 재산면 동면리	4792036023
경상북도 봉화군 재산면 상리	경상북도 봉화군 재산면 상리	4792036025
경상북도 봉화군 재산면 현동리	경상북도 봉화군 재산면 현동리	4792036021
경상북도 봉화군 춘양면 도심리	경상북도 봉화군 춘양면 도심리	4792034026
경상북도 봉화군 춘양면 서동리	경상북도 봉화군 춘양면 서동리	4792034023
경상북도 봉화군 춘양면 서벽리	경상북도 봉화군 춘양면 서벽리	4792034027
경상북도 봉화군 춘양면 석현리	경상북도 봉화군 춘양면 석현리	4792034024
경상북도 봉화군 춘양면 소로리	경상북도 봉화군 춘양면 소로리	4792034029
경상북도 봉화군 춘양면 애당리	경상북도 봉화군 춘양면 애당리	4792034025
경상북도 봉화군 춘양면 우구치리	경상북도 봉화군 춘양면 우구치리	4792034028
경상북도 봉화군 춘양면 의양리	경상북도 봉화군 춘양면 의양리	4792034021
경상북도 봉화군 춘양면 학산리	경상북도 봉화군 춘양면 학산리	4792034022
경상북도 상주시 가장동	경상북도 상주시 가장동	4725011300
경상북도 상주시 개운동	경상북도 상주시 개운동	4725011100
경상북도 상주시 거동동	경상북도 상주시 거동동	4725011800
경상북도 상주시 계산동	경상북도 상주시 계산동	4725013000
경상북도 상주시 공검면 동막리	경상북도 상주시 공검면 동막리	4725045022
경상북도 상주시 공검면 병암리	경상북도 상주시 공검면 병암리	4725045023
경상북도 상주시 공검면 부곡리	경상북도 상주시 공검면 부곡리	4725045021
경상북도 상주시 공검면 양정리	경상북도 상주시 공검면 양정리	4725045025
경상북도 상주시 공검면 역곡리	경상북도 상주시 공검면 역곡리	4725045027
경상북도 상주시 공검면 예주리	경상북도 상주시 공검면 예주리	4725045029
경상북도 상주시 공검면 오태리	경상북도 상주시 공검면 오태리	4725045024
경상북도 상주시 공검면 율곡리	경상북도 상주시 공검면 율곡리	4725045028
경상북도 상주시 공검면 중소리	경상북도 상주시 공검면 중소리	4725045031
경상북도 상주시 공검면 지평리	경상북도 상주시 공검면 지평리	4725045030
경상북도 상주시 공검면 화동리	경상북도 상주시 공검면 화동리	4725045026
경상북도 상주시 공성면 거창리	경상북도 상주시 공성면 거창리	4725035024
경상북도 상주시 공성면 금계리	경상북도 상주시 공성면 금계리	4725035022
경상북도 상주시 공성면 도곡리	경상북도 상주시 공성면 도곡리	4725035039
경상북도 상주시 공성면 무곡리	경상북도 상주시 공성면 무곡리	4725035029
경상북도 상주시 공성면 봉산리	경상북도 상주시 공성면 봉산리	4725035035
경상북도 상주시 공성면 산현리	경상북도 상주시 공성면 산현리	4725035027
경상북도 상주시 공성면 신곡리	경상북도 상주시 공성면 신곡리	4725035038
경상북도 상주시 공성면 영오리	경상북도 상주시 공성면 영오리	4725035025
경상북도 상주시 공성면 오광리	경상북도 상주시 공성면 오광리	4725035036
경상북도 상주시 공성면 옥산리	경상북도 상주시 공성면 옥산리	4725035021
경상북도 상주시 공성면 용신리	경상북도 상주시 공성면 용신리	4725035033
경상북도 상주시 공성면 용안리	경상북도 상주시 공성면 용안리	4725035030
경상북도 상주시 공성면 우하리	경상북도 상주시 공성면 우하리	4725035037
경상북도 상주시 공성면 이화리	경상북도 상주시 공성면 이화리	4725035026
경상북도 상주시 공성면 인창리	경상북도 상주시 공성면 인창리	4725035032
경상북도 상주시 공성면 장동리	경상북도 상주시 공성면 장동리	4725035023
경상북도 상주시 공성면 초오리	경상북도 상주시 공성면 초오리	4725035031
경상북도 상주시 공성면 평천리	경상북도 상주시 공성면 평천리	4725035028
경상북도 상주시 공성면 효곡리	경상북도 상주시 공성면 효곡리	4725035034
경상북도 상주시 낙동면 구잠리	경상북도 상주시 낙동면 구잠리	4725033024
경상북도 상주시 낙동면 낙동리	경상북도 상주시 낙동면 낙동리	4725033022
경상북도 상주시 낙동면 내곡리	경상북도 상주시 낙동면 내곡리	4725033030
경상북도 상주시 낙동면 물량리	경상북도 상주시 낙동면 물량리	4725033025
경상북도 상주시 낙동면 분황리	경상북도 상주시 낙동면 분황리	4725033026
경상북도 상주시 낙동면 비룡리	경상북도 상주시 낙동면 비룡리	4725033033
경상북도 상주시 낙동면 상촌리	경상북도 상주시 낙동면 상촌리	4725033021
경상북도 상주시 낙동면 성동리	경상북도 상주시 낙동면 성동리	4725033027
경상북도 상주시 낙동면 수정리	경상북도 상주시 낙동면 수정리	4725033035
경상북도 상주시 낙동면 승곡리	경상북도 상주시 낙동면 승곡리	4725033032
경상북도 상주시 낙동면 신상리	경상북도 상주시 낙동면 신상리	4725033028
경상북도 상주시 낙동면 신오리	경상북도 상주시 낙동면 신오리	4725033036
경상북도 상주시 낙동면 용포리	경상북도 상주시 낙동면 용포리	4725033034
경상북도 상주시 낙동면 운평리	경상북도 상주시 낙동면 운평리	4725033031
경상북도 상주시 낙동면 유곡리	경상북도 상주시 낙동면 유곡리	4725033037
경상북도 상주시 낙동면 장곡리	경상북도 상주시 낙동면 장곡리	4725033023
경상북도 상주시 낙동면 화산리	경상북도 상주시 낙동면 화산리	4725033029
경상북도 상주시 낙상동	경상북도 상주시 낙상동	4725012600
경상북도 상주시 낙양동	경상북도 상주시 낙양동	4725011000
경상북도 상주시 남성동	경상북도 상주시 남성동	4725010700
경상북도 상주시 남장동	경상북도 상주시 남장동	4725013500
경상북도 상주시 남적동	경상북도 상주시 남적동	4725013600
경상북도 상주시 내서면 고곡리	경상북도 상주시 내서면 고곡리	4725037024
경상북도 상주시 내서면 낙서리	경상북도 상주시 내서면 낙서리	4725037027
경상북도 상주시 내서면 노류리	경상북도 상주시 내서면 노류리	4725037029
경상북도 상주시 내서면 능암리	경상북도 상주시 내서면 능암리	4725037021
경상북도 상주시 내서면 북장리	경상북도 상주시 내서면 북장리	4725037023
경상북도 상주시 내서면 서만리	경상북도 상주시 내서면 서만리	4725037025
경상북도 상주시 내서면 서원리	경상북도 상주시 내서면 서원리	4725037026
경상북도 상주시 내서면 신촌리	경상북도 상주시 내서면 신촌리	4725037022
경상북도 상주시 내서면 평지리	경상북도 상주시 내서면 평지리	4725037028
경상북도 상주시 냉림동	경상북도 상주시 냉림동	4725010500
경상북도 상주시 도남동	경상북도 상주시 도남동	4725012500
경상북도 상주시 만산동	경상북도 상주시 만산동	4725013300
경상북도 상주시 모동면 금천리	경상북도 상주시 모동면 금천리	4725038024
경상북도 상주시 모동면 덕곡리	경상북도 상주시 모동면 덕곡리	4725038021
경상북도 상주시 모동면 반계리	경상북도 상주시 모동면 반계리	4725038027
경상북도 상주시 모동면 상판리	경상북도 상주시 모동면 상판리	4725038026
경상북도 상주시 모동면 수봉리	경상북도 상주시 모동면 수봉리	4725038030
경상북도 상주시 모동면 신천리	경상북도 상주시 모동면 신천리	4725038025
경상북도 상주시 모동면 신흥리	경상북도 상주시 모동면 신흥리	4725038029
경상북도 상주시 모동면 용호리	경상북도 상주시 모동면 용호리	4725038023
경상북도 상주시 모동면 이동리	경상북도 상주시 모동면 이동리	4725038022
경상북도 상주시 모동면 정양리	경상북도 상주시 모동면 정양리	4725038028
경상북도 상주시 모서면 가막리	경상북도 상주시 모서면 가막리	4725039026
경상북도 상주시 모서면 대포리	경상북도 상주시 모서면 대포리	4725039024
경상북도 상주시 모서면 도안리	경상북도 상주시 모서면 도안리	4725039022
경상북도 상주시 모서면 득수리	경상북도 상주시 모서면 득수리	4725039029
경상북도 상주시 모서면 백학리	경상북도 상주시 모서면 백학리	4725039030
경상북도 상주시 모서면 삼포리	경상북도 상주시 모서면 삼포리	4725039021
경상북도 상주시 모서면 석산리	경상북도 상주시 모서면 석산리	4725039025
경상북도 상주시 모서면 소정리	경상북도 상주시 모서면 소정리	4725039023
경상북도 상주시 모서면 정산리	경상북도 상주시 모서면 정산리	4725039031
경상북도 상주시 모서면 지산리	경상북도 상주시 모서면 지산리	4725039027
경상북도 상주시 모서면 호음리	경상북도 상주시 모서면 호음리	4725039032
경상북도 상주시 모서면 화현리	경상북도 상주시 모서면 화현리	4725039028
경상북도 상주시 무양동	경상북도 상주시 무양동	4725010900
경상북도 상주시 병성동	경상북도 상주시 병성동	4725012400
경상북도 상주시 복룡동	경상북도 상주시 복룡동	4725010400
경상북도 상주시 부원동	경상북도 상주시 부원동	4725013100
경상북도 상주시 사벌국면 금흔리	경상북도 상주시 사벌국면 금흔리	4725032533
경상북도 상주시 사벌국면 덕가리	경상북도 상주시 사벌국면 덕가리	4725032525
경상북도 상주시 사벌국면 덕담리	경상북도 상주시 사벌국면 덕담리	4725032521
경상북도 상주시 사벌국면 두릉리	경상북도 상주시 사벌국면 두릉리	4725032523
경상북도 상주시 사벌국면 매협리	경상북도 상주시 사벌국면 매협리	4725032529
경상북도 상주시 사벌국면 매호리	경상북도 상주시 사벌국면 매호리	4725032530
경상북도 상주시 사벌국면 목가리	경상북도 상주시 사벌국면 목가리	4725032524
경상북도 상주시 사벌국면 묵상리	경상북도 상주시 사벌국면 묵상리	4725032527
경상북도 상주시 사벌국면 묵하리	경상북도 상주시 사벌국면 묵하리	4725032528
경상북도 상주시 사벌국면 삼덕리	경상북도 상주시 사벌국면 삼덕리	4725032535
경상북도 상주시 사벌국면 엄암리	경상북도 상주시 사벌국면 엄암리	4725032532
경상북도 상주시 사벌국면 용담리	경상북도 상주시 사벌국면 용담리	4725032526
경상북도 상주시 사벌국면 원흥리	경상북도 상주시 사벌국면 원흥리	4725032522
경상북도 상주시 사벌국면 퇴강리	경상북도 상주시 사벌국면 퇴강리	4725032531
경상북도 상주시 사벌국면 화달리	경상북도 상주시 사벌국면 화달리	4725032534
경상북도 상주시 서곡동	경상북도 상주시 서곡동	4725012000
경상북도 상주시 서문동	경상북도 상주시 서문동	4725010800
경상북도 상주시 서성동	경상북도 상주시 서성동	4725010600
경상북도 상주시 성동동	경상북도 상주시 성동동	4725010200
경상북도 상주시 성하동	경상북도 상주시 성하동	4725010100
경상북도 상주시 신봉동	경상북도 상주시 신봉동	4725011200
경상북도 상주시 양촌동	경상북도 상주시 양촌동	4725011400
경상북도 상주시 연원동	경상북도 상주시 연원동	4725013400
경상북도 상주시 오대동	경상북도 상주시 오대동	4725011600
경상북도 상주시 외남면 구서리	경상북도 상주시 외남면 구서리	4725036021
경상북도 상주시 외남면 소상리	경상북도 상주시 외남면 소상리	4725036022
경상북도 상주시 외남면 소은리	경상북도 상주시 외남면 소은리	4725036027
경상북도 상주시 외남면 송지리	경상북도 상주시 외남면 송지리	4725036024
경상북도 상주시 외남면 신상리	경상북도 상주시 외남면 신상리	4725036025
경상북도 상주시 외남면 신촌리	경상북도 상주시 외남면 신촌리	4725036023
경상북도 상주시 외남면 지사리	경상북도 상주시 외남면 지사리	4725036028
경상북도 상주시 외남면 흔평리	경상북도 상주시 외남면 흔평리	4725036026
경상북도 상주시 외답동	경상북도 상주시 외답동	4725012200
경상북도 상주시 외서면 가곡리	경상북도 상주시 외서면 가곡리	4725043027
경상북도 상주시 외서면 개곡리	경상북도 상주시 외서면 개곡리	4725043023
경상북도 상주시 외서면 관동리	경상북도 상주시 외서면 관동리	4725043022
경상북도 상주시 외서면 관현리	경상북도 상주시 외서면 관현리	4725043028
경상북도 상주시 외서면 대전리	경상북도 상주시 외서면 대전리	4725043031
경상북도 상주시 외서면 백전리	경상북도 상주시 외서면 백전리	4725043026
경상북도 상주시 외서면 봉강리	경상북도 상주시 외서면 봉강리	4725043025
경상북도 상주시 외서면 연봉리	경상북도 상주시 외서면 연봉리	4725043021
경상북도 상주시 외서면 예의리	경상북도 상주시 외서면 예의리	4725043032
경상북도 상주시 외서면 우산리	경상북도 상주시 외서면 우산리	4725043029
경상북도 상주시 외서면 이천리	경상북도 상주시 외서면 이천리	4725043024
경상북도 상주시 외서면 이촌리	경상북도 상주시 외서면 이촌리	4725043030
경상북도 상주시 은척면 남곡리	경상북도 상주시 은척면 남곡리	4725044024
경상북도 상주시 은척면 두곡리	경상북도 상주시 은척면 두곡리	4725044026
경상북도 상주시 은척면 무릉리	경상북도 상주시 은척면 무릉리	4725044028
경상북도 상주시 은척면 문암리	경상북도 상주시 은척면 문암리	4725044025
경상북도 상주시 은척면 봉상리	경상북도 상주시 은척면 봉상리	4725044022
경상북도 상주시 은척면 봉중리	경상북도 상주시 은척면 봉중리	4725044021
경상북도 상주시 은척면 우기리	경상북도 상주시 은척면 우기리	4725044023
경상북도 상주시 은척면 장암리	경상북도 상주시 은척면 장암리	4725044027
경상북도 상주시 은척면 하흘리	경상북도 상주시 은척면 하흘리	4725044030
경상북도 상주시 은척면 황령리	경상북도 상주시 은척면 황령리	4725044029
경상북도 상주시 이안면 가장리	경상북도 상주시 이안면 가장리	4725046031
경상북도 상주시 이안면 구미리	경상북도 상주시 이안면 구미리	4725046024
경상북도 상주시 이안면 대현리	경상북도 상주시 이안면 대현리	4725046025
경상북도 상주시 이안면 문창리	경상북도 상주시 이안면 문창리	4725046022
경상북도 상주시 이안면 소암리	경상북도 상주시 이안면 소암리	4725046029
경상북도 상주시 이안면 아천리	경상북도 상주시 이안면 아천리	4725046026
경상북도 상주시 이안면 안용리	경상북도 상주시 이안면 안용리	4725046023
경상북도 상주시 이안면 양범리	경상북도 상주시 이안면 양범리	4725046021
경상북도 상주시 이안면 여물리	경상북도 상주시 이안면 여물리	4725046030
경상북도 상주시 이안면 이안리	경상북도 상주시 이안면 이안리	4725046033
경상북도 상주시 이안면 지산리	경상북도 상주시 이안면 지산리	4725046027
경상북도 상주시 이안면 흑암리	경상북도 상주시 이안면 흑암리	4725046028
경상북도 상주시 인봉동	경상북도 상주시 인봉동	4725010300
경상북도 상주시 인평동	경상북도 상주시 인평동	4725011900
경상북도 상주시 죽전동	경상북도 상주시 죽전동	4725013200
경상북도 상주시 중덕동	경상북도 상주시 중덕동	4725012700
경상북도 상주시 중동면 간상리	경상북도 상주시 중동면 간상리	4725031024
경상북도 상주시 중동면 금당리	경상북도 상주시 중동면 금당리	4725031026
경상북도 상주시 중동면 신암리	경상북도 상주시 중동면 신암리	4725031025
경상북도 상주시 중동면 오상리	경상북도 상주시 중동면 오상리	4725031022
경상북도 상주시 중동면 우물리	경상북도 상주시 중동면 우물리	4725031027
경상북도 상주시 중동면 죽암리	경상북도 상주시 중동면 죽암리	4725031023
경상북도 상주시 중동면 회상리	경상북도 상주시 중동면 회상리	4725031021
경상북도 상주시 지천동	경상북도 상주시 지천동	4725011500
경상북도 상주시 청리면 가천리	경상북도 상주시 청리면 가천리	4725034026
경상북도 상주시 청리면 덕산리	경상북도 상주시 청리면 덕산리	4725034029
경상북도 상주시 청리면 마공리	경상북도 상주시 청리면 마공리	4725034025
경상북도 상주시 청리면 삼괴리	경상북도 상주시 청리면 삼괴리	4725034031
경상북도 상주시 청리면 수상리	경상북도 상주시 청리면 수상리	4725034028
경상북도 상주시 청리면 원장리	경상북도 상주시 청리면 원장리	4725034021
경상북도 상주시 청리면 월로리	경상북도 상주시 청리면 월로리	4725034022
경상북도 상주시 청리면 율리	경상북도 상주시 청리면 율리	4725034030
경상북도 상주시 청리면 청상리	경상북도 상주시 청리면 청상리	4725034024
경상북도 상주시 청리면 청하리	경상북도 상주시 청리면 청하리	4725034023
경상북도 상주시 청리면 하초리	경상북도 상주시 청리면 하초리	4725034027
경상북도 상주시 청리면 학하리	경상북도 상주시 청리면 학하리	4725034032
경상북도 상주시 초산동	경상북도 상주시 초산동	4725012800
경상북도 상주시 함창읍 교촌리	경상북도 상주시 함창읍 교촌리	4725025025
경상북도 상주시 함창읍 구향리	경상북도 상주시 함창읍 구향리	4725025021
경상북도 상주시 함창읍 금곡리	경상북도 상주시 함창읍 금곡리	4725025034
경상북도 상주시 함창읍 나한리	경상북도 상주시 함창읍 나한리	4725025026
경상북도 상주시 함창읍 대조리	경상북도 상주시 함창읍 대조리	4725025027
경상북도 상주시 함창읍 덕통리	경상북도 상주시 함창읍 덕통리	4725025029
경상북도 상주시 함창읍 신덕리	경상북도 상주시 함창읍 신덕리	4725025033
경상북도 상주시 함창읍 신흥리	경상북도 상주시 함창읍 신흥리	4725025032
경상북도 상주시 함창읍 오동리	경상북도 상주시 함창읍 오동리	4725025022
경상북도 상주시 함창읍 오사리	경상북도 상주시 함창읍 오사리	4725025023
경상북도 상주시 함창읍 윤직리	경상북도 상주시 함창읍 윤직리	4725025028
경상북도 상주시 함창읍 증촌리	경상북도 상주시 함창읍 증촌리	4725025024
경상북도 상주시 함창읍 척동리	경상북도 상주시 함창읍 척동리	4725025030
경상북도 상주시 함창읍 태봉리	경상북도 상주시 함창읍 태봉리	4725025031
경상북도 상주시 함창읍 하갈리	경상북도 상주시 함창읍 하갈리	4725025035
경상북도 상주시 헌신동	경상북도 상주시 헌신동	4725012300
경상북도 상주시 화개동	경상북도 상주시 화개동	4725012100
경상북도 상주시 화남면 동관리	경상북도 상주시 화남면 동관리	4725047021
경상북도 상주시 화남면 소곡리	경상북도 상주시 화남면 소곡리	4725047025
경상북도 상주시 화남면 임곡리	경상북도 상주시 화남면 임곡리	4725047023
경상북도 상주시 화남면 중눌리	경상북도 상주시 화남면 중눌리	4725047024
경상북도 상주시 화남면 평온리	경상북도 상주시 화남면 평온리	4725047022
경상북도 상주시 화동면 반곡리	경상북도 상주시 화동면 반곡리	4725040026
경상북도 상주시 화동면 보미리	경상북도 상주시 화동면 보미리	4725040027
경상북도 상주시 화동면 선교리	경상북도 상주시 화동면 선교리	4725040022
경상북도 상주시 화동면 신촌리	경상북도 상주시 화동면 신촌리	4725040025
경상북도 상주시 화동면 양지리	경상북도 상주시 화동면 양지리	4725040028
경상북도 상주시 화동면 어산리	경상북도 상주시 화동면 어산리	4725040024
경상북도 상주시 화동면 이소리	경상북도 상주시 화동면 이소리	4725040021
경상북도 상주시 화동면 판곡리	경상북도 상주시 화동면 판곡리	4725040023
경상북도 상주시 화동면 평산리	경상북도 상주시 화동면 평산리	4725040029
경상북도 상주시 화북면 상오리	경상북도 상주시 화북면 상오리	4725042023
경상북도 상주시 화북면 용유리	경상북도 상주시 화북면 용유리	4725042021
경상북도 상주시 화북면 운흥리	경상북도 상주시 화북면 운흥리	4725042026
경상북도 상주시 화북면 입석리	경상북도 상주시 화북면 입석리	4725042024
경상북도 상주시 화북면 장암리	경상북도 상주시 화북면 장암리	4725042022
경상북도 상주시 화북면 중벌리	경상북도 상주시 화북면 중벌리	4725042025
경상북도 상주시 화산동	경상북도 상주시 화산동	4725012900
경상북도 상주시 화서면 금산리	경상북도 상주시 화서면 금산리	4725041025
경상북도 상주시 화서면 달천리	경상북도 상주시 화서면 달천리	4725041023
경상북도 상주시 화서면 봉촌리	경상북도 상주시 화서면 봉촌리	4725041028
경상북도 상주시 화서면 사산리	경상북도 상주시 화서면 사산리	4725041026
경상북도 상주시 화서면 상곡리	경상북도 상주시 화서면 상곡리	4725041030
경상북도 상주시 화서면 상용리	경상북도 상주시 화서면 상용리	4725041024
경상북도 상주시 화서면 상현리	경상북도 상주시 화서면 상현리	4725041022
경상북도 상주시 화서면 신봉리	경상북도 상주시 화서면 신봉리	4725041021
경상북도 상주시 화서면 율림리	경상북도 상주시 화서면 율림리	4725041027
경상북도 상주시 화서면 지산리	경상북도 상주시 화서면 지산리	4725041029
경상북도 상주시 화서면 하송리	경상북도 상주시 화서면 하송리	4725041031
경상북도 상주시 흥각동	경상북도 상주시 흥각동	4725011700
경상북도 성주군 가천면 금봉리	경상북도 성주군 가천면 금봉리	4784034037
경상북도 성주군 가천면 동원리	경상북도 성주군 가천면 동원리	4784034032
경상북도 성주군 가천면 마수리	경상북도 성주군 가천면 마수리	4784034033
경상북도 성주군 가천면 법전리	경상북도 성주군 가천면 법전리	4784034034
경상북도 성주군 가천면 신계리	경상북도 성주군 가천면 신계리	4784034035
경상북도 성주군 가천면 용사리	경상북도 성주군 가천면 용사리	4784034036
경상북도 성주군 가천면 중산리	경상북도 성주군 가천면 중산리	4784034038
경상북도 성주군 가천면 창천리	경상북도 성주군 가천면 창천리	4784034030
경상북도 성주군 가천면 화죽리	경상북도 성주군 가천면 화죽리	4784034031
경상북도 성주군 금수면 광산리	경상북도 성주군 금수면 광산리	4784035028
경상북도 성주군 금수면 명천리	경상북도 성주군 금수면 명천리	4784035029
경상북도 성주군 금수면 무학리	경상북도 성주군 금수면 무학리	4784035033
경상북도 성주군 금수면 봉두리	경상북도 성주군 금수면 봉두리	4784035032
경상북도 성주군 금수면 어은리	경상북도 성주군 금수면 어은리	4784035030
경상북도 성주군 금수면 영천리	경상북도 성주군 금수면 영천리	4784035034
경상북도 성주군 금수면 후평리	경상북도 성주군 금수면 후평리	4784035031
경상북도 성주군 대가면 금산리	경상북도 성주군 대가면 금산리	4784036035
경상북도 성주군 대가면 대천리	경상북도 성주군 대가면 대천리	4784036037
경상북도 성주군 대가면 도남리	경상북도 성주군 대가면 도남리	4784036038
경상북도 성주군 대가면 옥련리	경상북도 성주군 대가면 옥련리	4784036034
경상북도 성주군 대가면 옥성리	경상북도 성주군 대가면 옥성리	4784036031
경상북도 성주군 대가면 옥화리	경상북도 성주군 대가면 옥화리	4784036036
경상북도 성주군 대가면 용흥리	경상북도 성주군 대가면 용흥리	4784036032
경상북도 성주군 대가면 칠봉리	경상북도 성주군 대가면 칠봉리	4784036030
경상북도 성주군 대가면 흥산리	경상북도 성주군 대가면 흥산리	4784036033
경상북도 성주군 벽진면 가암리	경상북도 성주군 벽진면 가암리	4784037038
경상북도 성주군 벽진면 매수리	경상북도 성주군 벽진면 매수리	4784037032
경상북도 성주군 벽진면 봉계리	경상북도 성주군 벽진면 봉계리	4784037031
경상북도 성주군 벽진면 봉학리	경상북도 성주군 벽진면 봉학리	4784037034
경상북도 성주군 벽진면 수촌리	경상북도 성주군 벽진면 수촌리	4784037039
경상북도 성주군 벽진면 외기리	경상북도 성주군 벽진면 외기리	4784037033
경상북도 성주군 벽진면 용암리	경상북도 성주군 벽진면 용암리	4784037035
경상북도 성주군 벽진면 운정리	경상북도 성주군 벽진면 운정리	4784037037
경상북도 성주군 벽진면 자산리	경상북도 성주군 벽진면 자산리	4784037036
경상북도 성주군 선남면 관화리	경상북도 성주군 선남면 관화리	4784031045
경상북도 성주군 선남면 도성리	경상북도 성주군 선남면 도성리	4784031038
경상북도 성주군 선남면 도흥리	경상북도 성주군 선남면 도흥리	4784031035
경상북도 성주군 선남면 동암리	경상북도 성주군 선남면 동암리	4784031039
경상북도 성주군 선남면 명포리	경상북도 성주군 선남면 명포리	4784031047
경상북도 성주군 선남면 문방리	경상북도 성주군 선남면 문방리	4784031043
경상북도 성주군 선남면 선원리	경상북도 성주군 선남면 선원리	4784031036
경상북도 성주군 선남면 성원리	경상북도 성주군 선남면 성원리	4784031042
경상북도 성주군 선남면 소학리	경상북도 성주군 선남면 소학리	4784031037
경상북도 성주군 선남면 신부리	경상북도 성주군 선남면 신부리	4784031041
경상북도 성주군 선남면 오도리	경상북도 성주군 선남면 오도리	4784031044
경상북도 성주군 선남면 용신리	경상북도 성주군 선남면 용신리	4784031034
경상북도 성주군 선남면 유서리	경상북도 성주군 선남면 유서리	4784031046
경상북도 성주군 선남면 장학리	경상북도 성주군 선남면 장학리	4784031048
경상북도 성주군 선남면 취곡리	경상북도 성주군 선남면 취곡리	4784031040
경상북도 성주군 성주읍 경산리	경상북도 성주군 성주읍 경산리	4784025021
경상북도 성주군 성주읍 금산리	경상북도 성주군 성주읍 금산리	4784025027
경상북도 성주군 성주읍 대황리	경상북도 성주군 성주읍 대황리	4784025023
경상북도 성주군 성주읍 대흥리	경상북도 성주군 성주읍 대흥리	4784025022
경상북도 성주군 성주읍 백전리	경상북도 성주군 성주읍 백전리	4784025029
경상북도 성주군 성주읍 삼산리	경상북도 성주군 성주읍 삼산리	4784025025
경상북도 성주군 성주읍 성산리	경상북도 성주군 성주읍 성산리	4784025024
경상북도 성주군 성주읍 예산리	경상북도 성주군 성주읍 예산리	4784025028
경상북도 성주군 성주읍 용산리	경상북도 성주군 성주읍 용산리	4784025030
경상북도 성주군 성주읍 학산리	경상북도 성주군 성주읍 학산리	4784025026
경상북도 성주군 수륜면 계정리	경상북도 성주군 수륜면 계정리	4784033044
경상북도 성주군 수륜면 남은리	경상북도 성주군 수륜면 남은리	4784033045
경상북도 성주군 수륜면 백운리	경상북도 성주군 수륜면 백운리	4784033035
경상북도 성주군 수륜면 보월리	경상북도 성주군 수륜면 보월리	4784033046
경상북도 성주군 수륜면 봉양리	경상북도 성주군 수륜면 봉양리	4784033038
경상북도 성주군 수륜면 성리	경상북도 성주군 수륜면 성리	4784033048
경상북도 성주군 수륜면 송계리	경상북도 성주군 수륜면 송계리	4784033041
경상북도 성주군 수륜면 수륜리	경상북도 성주군 수륜면 수륜리	4784033042
경상북도 성주군 수륜면 수성리	경상북도 성주군 수륜면 수성리	4784033040
경상북도 성주군 수륜면 신정리	경상북도 성주군 수륜면 신정리	4784033039
경상북도 성주군 수륜면 신파리	경상북도 성주군 수륜면 신파리	4784033036
경상북도 성주군 수륜면 오천리	경상북도 성주군 수륜면 오천리	4784033043
경상북도 성주군 수륜면 작은리	경상북도 성주군 수륜면 작은리	4784033047
경상북도 성주군 수륜면 적송리	경상북도 성주군 수륜면 적송리	4784033037
경상북도 성주군 용암면 계상리	경상북도 성주군 용암면 계상리	4784032055
경상북도 성주군 용암면 기산리	경상북도 성주군 용암면 기산리	4784032048
경상북도 성주군 용암면 대봉리	경상북도 성주군 용암면 대봉리	4784032056
경상북도 성주군 용암면 덕평리	경상북도 성주군 용암면 덕평리	4784032040
경상북도 성주군 용암면 동락리	경상북도 성주군 용암면 동락리	4784032047
경상북도 성주군 용암면 마월리	경상북도 성주군 용암면 마월리	4784032054
경상북도 성주군 용암면 문명리	경상북도 성주군 용암면 문명리	4784032050
경상북도 성주군 용암면 본리리	경상북도 성주군 용암면 본리리	4784032041
경상북도 성주군 용암면 사곡리	경상북도 성주군 용암면 사곡리	4784032046
경상북도 성주군 용암면 상신리	경상북도 성주군 용암면 상신리	4784032057
경상북도 성주군 용암면 상언리	경상북도 성주군 용암면 상언리	4784032042
경상북도 성주군 용암면 선송리	경상북도 성주군 용암면 선송리	4784032044
경상북도 성주군 용암면 용계리	경상북도 성주군 용암면 용계리	4784032045
경상북도 성주군 용암면 용정리	경상북도 성주군 용암면 용정리	4784032043
경상북도 성주군 용암면 운산리	경상북도 성주군 용암면 운산리	4784032049
경상북도 성주군 용암면 죽전리	경상북도 성주군 용암면 죽전리	4784032058
경상북도 성주군 용암면 중거리	경상북도 성주군 용암면 중거리	4784032053
경상북도 성주군 월항면 대산리	경상북도 성주군 월항면 대산리	4784039031
경상북도 성주군 월항면 보암리	경상북도 성주군 월항면 보암리	4784039035
경상북도 성주군 월항면 수죽리	경상북도 성주군 월항면 수죽리	4784039037
경상북도 성주군 월항면 안포리	경상북도 성주군 월항면 안포리	4784039033
경상북도 성주군 월항면 용각리	경상북도 성주군 월항면 용각리	4784039034
경상북도 성주군 월항면 유월리	경상북도 성주군 월항면 유월리	4784039032
경상북도 성주군 월항면 인촌리	경상북도 성주군 월항면 인촌리	4784039039
경상북도 성주군 월항면 장산리	경상북도 성주군 월항면 장산리	4784039036
경상북도 성주군 월항면 지방리	경상북도 성주군 월항면 지방리	4784039038
경상북도 성주군 초전면 고산리	경상북도 성주군 초전면 고산리	4784038037
경상북도 성주군 초전면 대장리	경상북도 성주군 초전면 대장리	4784038032
경상북도 성주군 초전면 동포리	경상북도 성주군 초전면 동포리	4784038042
경상북도 성주군 초전면 문덕리	경상북도 성주군 초전면 문덕리	4784038035
경상북도 성주군 초전면 봉정리	경상북도 성주군 초전면 봉정리	4784038041
경상북도 성주군 초전면 소성리	경상북도 성주군 초전면 소성리	4784038039
경상북도 성주군 초전면 어산리	경상북도 성주군 초전면 어산리	4784038043
경상북도 성주군 초전면 용봉리	경상북도 성주군 초전면 용봉리	4784038040
경상북도 성주군 초전면 용성리	경상북도 성주군 초전면 용성리	4784038034
경상북도 성주군 초전면 월곡리	경상북도 성주군 초전면 월곡리	4784038038
경상북도 성주군 초전면 자양리	경상북도 성주군 초전면 자양리	4784038036
경상북도 성주군 초전면 칠선리	경상북도 성주군 초전면 칠선리	4784038033
경상북도 안동시 광석동	경상북도 안동시 광석동	4717012000
경상북도 안동시 금곡동	경상북도 안동시 금곡동	4717012600
경상북도 안동시 길안면 고란리	경상북도 안동시 길안면 고란리	4717039027
경상북도 안동시 길안면 구수리	경상북도 안동시 길안면 구수리	4717039029
경상북도 안동시 길안면 금곡리	경상북도 안동시 길안면 금곡리	4717039024
경상북도 안동시 길안면 대곡리	경상북도 안동시 길안면 대곡리	4717039032
경상북도 안동시 길안면 대사리	경상북도 안동시 길안면 대사리	4717039026
경상북도 안동시 길안면 만음리	경상북도 안동시 길안면 만음리	4717039022
경상북도 안동시 길안면 묵계리	경상북도 안동시 길안면 묵계리	4717039028
경상북도 안동시 길안면 배방리	경상북도 안동시 길안면 배방리	4717039030
경상북도 안동시 길안면 백자리	경상북도 안동시 길안면 백자리	4717039023
경상북도 안동시 길안면 송사리	경상북도 안동시 길안면 송사리	4717039025
경상북도 안동시 길안면 용계리	경상북도 안동시 길안면 용계리	4717039031
경상북도 안동시 길안면 천지리	경상북도 안동시 길안면 천지리	4717039021
경상북도 안동시 길안면 현하리	경상북도 안동시 길안면 현하리	4717039033
경상북도 안동시 남문동	경상북도 안동시 남문동	4717011600
경상북도 안동시 남부동	경상북도 안동시 남부동	4717011500
경상북도 안동시 남선면 구미리	경상북도 안동시 남선면 구미리	4717037023
경상북도 안동시 남선면 도로리	경상북도 안동시 남선면 도로리	4717037025
경상북도 안동시 남선면 신석리	경상북도 안동시 남선면 신석리	4717037022
경상북도 안동시 남선면 신흥리	경상북도 안동시 남선면 신흥리	4717037024
경상북도 안동시 남선면 외하리	경상북도 안동시 남선면 외하리	4717037028
경상북도 안동시 남선면 원림리	경상북도 안동시 남선면 원림리	4717037027
경상북도 안동시 남선면 이천리	경상북도 안동시 남선면 이천리	4717037021
경상북도 안동시 남선면 현내리	경상북도 안동시 남선면 현내리	4717037026
경상북도 안동시 남후면 개곡리	경상북도 안동시 남후면 개곡리	4717036023
경상북도 안동시 남후면 검암리	경상북도 안동시 남후면 검암리	4717036024
경상북도 안동시 남후면 고상리	경상북도 안동시 남후면 고상리	4717036026
경상북도 안동시 남후면 고하리	경상북도 안동시 남후면 고하리	4717036025
경상북도 안동시 남후면 광음리	경상북도 안동시 남후면 광음리	4717036021
경상북도 안동시 남후면 단호리	경상북도 안동시 남후면 단호리	4717036029
경상북도 안동시 남후면 무릉리	경상북도 안동시 남후면 무릉리	4717036022
경상북도 안동시 남후면 상아리	경상북도 안동시 남후면 상아리	4717036027
경상북도 안동시 남후면 하아리	경상북도 안동시 남후면 하아리	4717036028
경상북도 안동시 노하동	경상북도 안동시 노하동	4717013500
경상북도 안동시 녹전면 갈현리	경상북도 안동시 녹전면 갈현리	4717043022
경상북도 안동시 녹전면 구송리	경상북도 안동시 녹전면 구송리	4717043028
경상북도 안동시 녹전면 녹래리	경상북도 안동시 녹전면 녹래리	4717043026
경상북도 안동시 녹전면 매정리	경상북도 안동시 녹전면 매정리	4717043023
경상북도 안동시 녹전면 사신리	경상북도 안동시 녹전면 사신리	4717043029
경상북도 안동시 녹전면 사천리	경상북도 안동시 녹전면 사천리	4717043025
경상북도 안동시 녹전면 서삼리	경상북도 안동시 녹전면 서삼리	4717043030
경상북도 안동시 녹전면 신평리	경상북도 안동시 녹전면 신평리	4717043021
경상북도 안동시 녹전면 원천리	경상북도 안동시 녹전면 원천리	4717043024
경상북도 안동시 녹전면 죽송리	경상북도 안동시 녹전면 죽송리	4717043027
경상북도 안동시 당북동	경상북도 안동시 당북동	4717012100
경상북도 안동시 대석동	경상북도 안동시 대석동	4717011800
경상북도 안동시 도산면 가송리	경상북도 안동시 도산면 가송리	4717042026
경상북도 안동시 도산면 단천리	경상북도 안동시 도산면 단천리	4717042025
경상북도 안동시 도산면 동부리	경상북도 안동시 도산면 동부리	4717042031
경상북도 안동시 도산면 분천리	경상북도 안동시 도산면 분천리	4717042022
경상북도 안동시 도산면 서부리	경상북도 안동시 도산면 서부리	4717042032
경상북도 안동시 도산면 선양리	경상북도 안동시 도산면 선양리	4717042033
경상북도 안동시 도산면 온혜리	경상북도 안동시 도산면 온혜리	4717042028
경상북도 안동시 도산면 운곡리	경상북도 안동시 도산면 운곡리	4717042029
경상북도 안동시 도산면 원천리	경상북도 안동시 도산면 원천리	4717042024
경상북도 안동시 도산면 의일리	경상북도 안동시 도산면 의일리	4717042030
경상북도 안동시 도산면 의촌리	경상북도 안동시 도산면 의촌리	4717042023
경상북도 안동시 도산면 태자리	경상북도 안동시 도산면 태자리	4717042027
경상북도 안동시 도산면 토계리	경상북도 안동시 도산면 토계리	4717042021
경상북도 안동시 동문동	경상북도 안동시 동문동	4717011100
경상북도 안동시 동부동	경상북도 안동시 동부동	4717011200
경상북도 안동시 명륜동	경상북도 안동시 명륜동	4717010400
경상북도 안동시 목성동	경상북도 안동시 목성동	4717012400
경상북도 안동시 법상동	경상북도 안동시 법상동	4717012500
경상북도 안동시 법흥동	경상북도 안동시 법흥동	4717010900
경상북도 안동시 북문동	경상북도 안동시 북문동	4717010300
경상북도 안동시 북후면 대현리	경상북도 안동시 북후면 대현리	4717032032
경상북도 안동시 북후면 도진리	경상북도 안동시 북후면 도진리	4717032025
경상북도 안동시 북후면 도촌리	경상북도 안동시 북후면 도촌리	4717032023
경상북도 안동시 북후면 두산리	경상북도 안동시 북후면 두산리	4717032028
경상북도 안동시 북후면 물한리	경상북도 안동시 북후면 물한리	4717032026
경상북도 안동시 북후면 석탑리	경상북도 안동시 북후면 석탑리	4717032031
경상북도 안동시 북후면 신전리	경상북도 안동시 북후면 신전리	4717032029
경상북도 안동시 북후면 연곡리	경상북도 안동시 북후면 연곡리	4717032027
경상북도 안동시 북후면 오산리	경상북도 안동시 북후면 오산리	4717032024
경상북도 안동시 북후면 옹천리	경상북도 안동시 북후면 옹천리	4717032021
경상북도 안동시 북후면 월전리	경상북도 안동시 북후면 월전리	4717032030
경상북도 안동시 북후면 장기리	경상북도 안동시 북후면 장기리	4717032022
경상북도 안동시 삼산동	경상북도 안동시 삼산동	4717010100
경상북도 안동시 상아동	경상북도 안동시 상아동	4717013100
경상북도 안동시 서부동	경상북도 안동시 서부동	4717010200
경상북도 안동시 서후면 광평리	경상북도 안동시 서후면 광평리	4717033021
경상북도 안동시 서후면 교리	경상북도 안동시 서후면 교리	4717033028
경상북도 안동시 서후면 금계리	경상북도 안동시 서후면 금계리	4717033025
경상북도 안동시 서후면 대두서리	경상북도 안동시 서후면 대두서리	4717033030
경상북도 안동시 서후면 명리	경상북도 안동시 서후면 명리	4717033029
경상북도 안동시 서후면 성곡리	경상북도 안동시 서후면 성곡리	4717033026
경상북도 안동시 서후면 이개리	경상북도 안동시 서후면 이개리	4717033027
경상북도 안동시 서후면 이송천리	경상북도 안동시 서후면 이송천리	4717033024
경상북도 안동시 서후면 재품리	경상북도 안동시 서후면 재품리	4717033032
경상북도 안동시 서후면 저전리	경상북도 안동시 서후면 저전리	4717033022
경상북도 안동시 서후면 태장리	경상북도 안동시 서후면 태장리	4717033023
경상북도 안동시 석동동	경상북도 안동시 석동동	4717013800
경상북도 안동시 성곡동	경상북도 안동시 성곡동	4717013000
경상북도 안동시 송천동	경상북도 안동시 송천동	4717013700
경상북도 안동시 송현동	경상북도 안동시 송현동	4717013600
경상북도 안동시 수상동	경상북도 안동시 수상동	4717014100
경상북도 안동시 수하동	경상북도 안동시 수하동	4717014200
경상북도 안동시 신세동	경상북도 안동시 신세동	4717010800
경상북도 안동시 신안동	경상북도 안동시 신안동	4717010500
경상북도 안동시 안기동	경상북도 안동시 안기동	4717012800
경상북도 안동시 안막동	경상북도 안동시 안막동	4717013200
경상북도 안동시 안흥동	경상북도 안동시 안흥동	4717011700
경상북도 안동시 예안면 계곡리	경상북도 안동시 예안면 계곡리	4717041033
경상북도 안동시 예안면 구룡리	경상북도 안동시 예안면 구룡리	4717041035
경상북도 안동시 예안면 귀단리	경상북도 안동시 예안면 귀단리	4717041023
경상북도 안동시 예안면 기사리	경상북도 안동시 예안면 기사리	4717041030
경상북도 안동시 예안면 도목리	경상북도 안동시 예안면 도목리	4717041031
경상북도 안동시 예안면 도촌리	경상북도 안동시 예안면 도촌리	4717041027
경상북도 안동시 예안면 동천리	경상북도 안동시 예안면 동천리	4717041028
경상북도 안동시 예안면 미질리	경상북도 안동시 예안면 미질리	4717041036
경상북도 안동시 예안면 부포리	경상북도 안동시 예안면 부포리	4717041022
경상북도 안동시 예안면 삼계리	경상북도 안동시 예안면 삼계리	4717041026
경상북도 안동시 예안면 신남리	경상북도 안동시 예안면 신남리	4717041029
경상북도 안동시 예안면 인계리	경상북도 안동시 예안면 인계리	4717041025
경상북도 안동시 예안면 정산리	경상북도 안동시 예안면 정산리	4717041034
경상북도 안동시 예안면 주진리	경상북도 안동시 예안면 주진리	4717041032
경상북도 안동시 예안면 천전리	경상북도 안동시 예안면 천전리	4717041021
경상북도 안동시 예안면 태곡리	경상북도 안동시 예안면 태곡리	4717041024
경상북도 안동시 옥동	경상북도 안동시 옥동	4717013300
경상북도 안동시 옥야동	경상북도 안동시 옥야동	4717011900
경상북도 안동시 옥정동	경상북도 안동시 옥정동	4717010700
경상북도 안동시 와룡면 가구리	경상북도 안동시 와룡면 가구리	4717031022
경상북도 안동시 와룡면 가류리	경상북도 안동시 와룡면 가류리	4717031035
경상북도 안동시 와룡면 가야리	경상북도 안동시 와룡면 가야리	4717031025
경상북도 안동시 와룡면 감애리	경상북도 안동시 와룡면 감애리	4717031032
경상북도 안동시 와룡면 도곡리	경상북도 안동시 와룡면 도곡리	4717031036
경상북도 안동시 와룡면 라소리	경상북도 안동시 와룡면 라소리	4717031034
경상북도 안동시 와룡면 산야리	경상북도 안동시 와룡면 산야리	4717031023
경상북도 안동시 와룡면 서지리	경상북도 안동시 와룡면 서지리	4717031028
경상북도 안동시 와룡면 서현리	경상북도 안동시 와룡면 서현리	4717031033
경상북도 안동시 와룡면 오천리	경상북도 안동시 와룡면 오천리	4717031038
경상북도 안동시 와룡면 이상리	경상북도 안동시 와룡면 이상리	4717031030
경상북도 안동시 와룡면 이하리	경상북도 안동시 와룡면 이하리	4717031029
경상북도 안동시 와룡면 절강리	경상북도 안동시 와룡면 절강리	4717031037
경상북도 안동시 와룡면 주계리	경상북도 안동시 와룡면 주계리	4717031024
경상북도 안동시 와룡면 주하리	경상북도 안동시 와룡면 주하리	4717031031
경상북도 안동시 와룡면 중가구리	경상북도 안동시 와룡면 중가구리	4717031021
경상북도 안동시 와룡면 지내리	경상북도 안동시 와룡면 지내리	4717031026
경상북도 안동시 와룡면 태리	경상북도 안동시 와룡면 태리	4717031027
경상북도 안동시 용상동	경상북도 안동시 용상동	4717011000
경상북도 안동시 운안동	경상북도 안동시 운안동	4717012900
경상북도 안동시 운흥동	경상북도 안동시 운흥동	4717011300
경상북도 안동시 율세동	경상북도 안동시 율세동	4717010600
경상북도 안동시 이천동	경상북도 안동시 이천동	4717013400
경상북도 안동시 일직면 광연리	경상북도 안동시 일직면 광연리	4717035025
경상북도 안동시 일직면 구천리	경상북도 안동시 일직면 구천리	4717035022
경상북도 안동시 일직면 국곡리	경상북도 안동시 일직면 국곡리	4717035029
경상북도 안동시 일직면 귀미리	경상북도 안동시 일직면 귀미리	4717035021
경상북도 안동시 일직면 망호리	경상북도 안동시 일직면 망호리	4717035023
경상북도 안동시 일직면 명진리	경상북도 안동시 일직면 명진리	4717035026
경상북도 안동시 일직면 송리리	경상북도 안동시 일직면 송리리	4717035031
경상북도 안동시 일직면 용각리	경상북도 안동시 일직면 용각리	4717035028
경상북도 안동시 일직면 운산리	경상북도 안동시 일직면 운산리	4717035033
경상북도 안동시 일직면 원리	경상북도 안동시 일직면 원리	4717035024
경상북도 안동시 일직면 원호리	경상북도 안동시 일직면 원호리	4717035032
경상북도 안동시 일직면 조탑리	경상북도 안동시 일직면 조탑리	4717035030
경상북도 안동시 일직면 평팔리	경상북도 안동시 일직면 평팔리	4717035027
경상북도 안동시 임동면 갈전리	경상북도 안동시 임동면 갈전리	4717040024
경상북도 안동시 임동면 고천리	경상북도 안동시 임동면 고천리	4717040023
경상북도 안동시 임동면 대곡리	경상북도 안동시 임동면 대곡리	4717040027
경상북도 안동시 임동면 마령리	경상북도 안동시 임동면 마령리	4717040025
경상북도 안동시 임동면 마리	경상북도 안동시 임동면 마리	4717040029
경상북도 안동시 임동면 망천리	경상북도 안동시 임동면 망천리	4717040032
경상북도 안동시 임동면 박곡리	경상북도 안동시 임동면 박곡리	4717040028
경상북도 안동시 임동면 사월리	경상북도 안동시 임동면 사월리	4717040030
경상북도 안동시 임동면 수곡리	경상북도 안동시 임동면 수곡리	4717040022
경상북도 안동시 임동면 위리	경상북도 안동시 임동면 위리	4717040026
경상북도 안동시 임동면 중평리	경상북도 안동시 임동면 중평리	4717040021
경상북도 안동시 임동면 지리	경상북도 안동시 임동면 지리	4717040031
경상북도 안동시 임하면 고곡리	경상북도 안동시 임하면 고곡리	4717038026
경상북도 안동시 임하면 금소리	경상북도 안동시 임하면 금소리	4717038025
경상북도 안동시 임하면 노산리	경상북도 안동시 임하면 노산리	4717038028
경상북도 안동시 임하면 신덕리	경상북도 안동시 임하면 신덕리	4717038024
경상북도 안동시 임하면 오대리	경상북도 안동시 임하면 오대리	4717038027
경상북도 안동시 임하면 임하리	경상북도 안동시 임하면 임하리	4717038021
경상북도 안동시 임하면 천전리	경상북도 안동시 임하면 천전리	4717038022
경상북도 안동시 임하면 추목리	경상북도 안동시 임하면 추목리	4717038023
경상북도 안동시 정상동	경상북도 안동시 정상동	4717013900
경상북도 안동시 정하동	경상북도 안동시 정하동	4717014000
경상북도 안동시 천리동	경상북도 안동시 천리동	4717011400
경상북도 안동시 태화동	경상북도 안동시 태화동	4717012200
경상북도 안동시 평화동	경상북도 안동시 평화동	4717012700
경상북도 안동시 풍산읍 계평리	경상북도 안동시 풍산읍 계평리	4717025027
경상북도 안동시 풍산읍 괴정리	경상북도 안동시 풍산읍 괴정리	4717025037
경상북도 안동시 풍산읍 노리	경상북도 안동시 풍산읍 노리	4717025030
경상북도 안동시 풍산읍 마애리	경상북도 안동시 풍산읍 마애리	4717025024
경상북도 안동시 풍산읍 막곡리	경상북도 안동시 풍산읍 막곡리	4717025028
경상북도 안동시 풍산읍 만운리	경상북도 안동시 풍산읍 만운리	4717025032
경상북도 안동시 풍산읍 매곡리	경상북도 안동시 풍산읍 매곡리	4717025038
경상북도 안동시 풍산읍 상리리	경상북도 안동시 풍산읍 상리리	4717025022
경상북도 안동시 풍산읍 서미리	경상북도 안동시 풍산읍 서미리	4717025033
경상북도 안동시 풍산읍 소산리	경상북도 안동시 풍산읍 소산리	4717025039
경상북도 안동시 풍산읍 수곡리	경상북도 안동시 풍산읍 수곡리	4717025029
경상북도 안동시 풍산읍 수리	경상북도 안동시 풍산읍 수리	4717025025
경상북도 안동시 풍산읍 신양리	경상북도 안동시 풍산읍 신양리	4717025034
경상북도 안동시 풍산읍 안교리	경상북도 안동시 풍산읍 안교리	4717025021
경상북도 안동시 풍산읍 오미리	경상북도 안동시 풍산읍 오미리	4717025036
경상북도 안동시 풍산읍 죽전리	경상북도 안동시 풍산읍 죽전리	4717025031
경상북도 안동시 풍산읍 하리리	경상북도 안동시 풍산읍 하리리	4717025023
경상북도 안동시 풍산읍 현애리	경상북도 안동시 풍산읍 현애리	4717025035
경상북도 안동시 풍산읍 회곡리	경상북도 안동시 풍산읍 회곡리	4717025026
경상북도 안동시 풍천면	경상북도 안동시 풍천면	4717034000
경상북도 안동시 풍천면 가곡리	경상북도 안동시 풍천면 가곡리	4717034031
경상북도 안동시 풍천면 갈전리	경상북도 안동시 풍천면 갈전리	4717034021
경상북도 안동시 풍천면 광덕리	경상북도 안동시 풍천면 광덕리	4717034024
경상북도 안동시 풍천면 구담리	경상북도 안동시 풍천면 구담리	4717034023
경상북도 안동시 풍천면 구호리	경상북도 안동시 풍천면 구호리	4717034028
경상북도 안동시 풍천면 금계리	경상북도 안동시 풍천면 금계리	4717034027
경상북도 안동시 풍천면 기산리	경상북도 안동시 풍천면 기산리	4717034025
경상북도 안동시 풍천면 도양리	경상북도 안동시 풍천면 도양리	4717034022
경상북도 안동시 풍천면 병산리	경상북도 안동시 풍천면 병산리	4717034032
경상북도 안동시 풍천면 신성리	경상북도 안동시 풍천면 신성리	4717034026
경상북도 안동시 풍천면 어담리	경상북도 안동시 풍천면 어담리	4717034029
경상북도 안동시 풍천면 인금리	경상북도 안동시 풍천면 인금리	4717034030
경상북도 안동시 풍천면 하회리	경상북도 안동시 풍천면 하회리	4717034033
경상북도 안동시 화성동	경상북도 안동시 화성동	4717012300
경상북도 영덕군 강구면 강구리	경상북도 영덕군 강구면 강구리	4777031031
경상북도 영덕군 강구면 금진리	경상북도 영덕군 강구면 금진리	4777031040
경상북도 영덕군 강구면 금호리	경상북도 영덕군 강구면 금호리	4777031038
경상북도 영덕군 강구면 삼사리	경상북도 영덕군 강구면 삼사리	4777031033
경상북도 영덕군 강구면 상직리	경상북도 영덕군 강구면 상직리	4777031035
경상북도 영덕군 강구면 소월리	경상북도 영덕군 강구면 소월리	4777031037
경상북도 영덕군 강구면 오포리	경상북도 영덕군 강구면 오포리	4777031032
경상북도 영덕군 강구면 원직리	경상북도 영덕군 강구면 원직리	4777031041
경상북도 영덕군 강구면 하저리	경상북도 영덕군 강구면 하저리	4777031039
경상북도 영덕군 강구면 화전리	경상북도 영덕군 강구면 화전리	4777031034
경상북도 영덕군 남정면 구계리	경상북도 영덕군 남정면 구계리	4777032048
경상북도 영덕군 남정면 남정리	경상북도 영덕군 남정면 남정리	4777032046
경상북도 영덕군 남정면 남호리	경상북도 영덕군 남정면 남호리	4777032047
경상북도 영덕군 남정면 도천리	경상북도 영덕군 남정면 도천리	4777032043
경상북도 영덕군 남정면 봉전리	경상북도 영덕군 남정면 봉전리	4777032040
경상북도 영덕군 남정면 부경리	경상북도 영덕군 남정면 부경리	4777032037
경상북도 영덕군 남정면 부흥리	경상북도 영덕군 남정면 부흥리	4777032050
경상북도 영덕군 남정면 사암리	경상북도 영덕군 남정면 사암리	4777032042
경상북도 영덕군 남정면 양성리	경상북도 영덕군 남정면 양성리	4777032039
경상북도 영덕군 남정면 우곡리	경상북도 영덕군 남정면 우곡리	4777032044
경상북도 영덕군 남정면 원척리	경상북도 영덕군 남정면 원척리	4777032049
경상북도 영덕군 남정면 장사리	경상북도 영덕군 남정면 장사리	4777032036
경상북도 영덕군 남정면 쟁암리	경상북도 영덕군 남정면 쟁암리	4777032041
경상북도 영덕군 남정면 중화리	경상북도 영덕군 남정면 중화리	4777032045
경상북도 영덕군 남정면 회리	경상북도 영덕군 남정면 회리	4777032038
경상북도 영덕군 달산면 대지리	경상북도 영덕군 달산면 대지리	4777033032
경상북도 영덕군 달산면 덕산리	경상북도 영덕군 달산면 덕산리	4777033040
경상북도 영덕군 달산면 매일리	경상북도 영덕군 달산면 매일리	4777033034
경상북도 영덕군 달산면 봉산리	경상북도 영덕군 달산면 봉산리	4777033041
경상북도 영덕군 달산면 옥계리	경상북도 영덕군 달산면 옥계리	4777033042
경상북도 영덕군 달산면 옥산리	경상북도 영덕군 달산면 옥산리	4777033037
경상북도 영덕군 달산면 용전리	경상북도 영덕군 달산면 용전리	4777033039
경상북도 영덕군 달산면 용평리	경상북도 영덕군 달산면 용평리	4777033033
경상북도 영덕군 달산면 인곡리	경상북도 영덕군 달산면 인곡리	4777033038
경상북도 영덕군 달산면 주응리	경상북도 영덕군 달산면 주응리	4777033036
경상북도 영덕군 달산면 흥기리	경상북도 영덕군 달산면 흥기리	4777033035
경상북도 영덕군 병곡면 각리리	경상북도 영덕군 병곡면 각리리	4777037044
경상북도 영덕군 병곡면 거무역리	경상북도 영덕군 병곡면 거무역리	4777037040
경상북도 영덕군 병곡면 금곡리	경상북도 영덕군 병곡면 금곡리	4777037036
경상북도 영덕군 병곡면 덕천리	경상북도 영덕군 병곡면 덕천리	4777037049
경상북도 영덕군 병곡면 백석리	경상북도 영덕군 병곡면 백석리	4777037037
경상북도 영덕군 병곡면 병곡리	경상북도 영덕군 병곡면 병곡리	4777037038
경상북도 영덕군 병곡면 사천리	경상북도 영덕군 병곡면 사천리	4777037045
경상북도 영덕군 병곡면 삼읍리	경상북도 영덕군 병곡면 삼읍리	4777037035
경상북도 영덕군 병곡면 송천리	경상북도 영덕군 병곡면 송천리	4777037047
경상북도 영덕군 병곡면 신평리	경상북도 영덕군 병곡면 신평리	4777037046
경상북도 영덕군 병곡면 아곡리	경상북도 영덕군 병곡면 아곡리	4777037041
경상북도 영덕군 병곡면 영리	경상북도 영덕군 병곡면 영리	4777037039
경상북도 영덕군 병곡면 원황리	경상북도 영덕군 병곡면 원황리	4777037042
경상북도 영덕군 병곡면 이천리	경상북도 영덕군 병곡면 이천리	4777037043
경상북도 영덕군 영덕읍 구미리	경상북도 영덕군 영덕읍 구미리	4777025021
경상북도 영덕군 영덕읍 남산리	경상북도 영덕군 영덕읍 남산리	4777025026
경상북도 영덕군 영덕읍 남석리	경상북도 영덕군 영덕읍 남석리	4777025023
경상북도 영덕군 영덕읍 노물리	경상북도 영덕군 영덕읍 노물리	4777025032
경상북도 영덕군 영덕읍 대부리	경상북도 영덕군 영덕읍 대부리	4777025035
경상북도 영덕군 영덕읍 대탄리	경상북도 영덕군 영덕읍 대탄리	4777025034
경상북도 영덕군 영덕읍 덕곡리	경상북도 영덕군 영덕읍 덕곡리	4777025024
경상북도 영덕군 영덕읍 매정리	경상북도 영덕군 영덕읍 매정리	4777025030
경상북도 영덕군 영덕읍 삼계리	경상북도 영덕군 영덕읍 삼계리	4777025029
경상북도 영덕군 영덕읍 석리	경상북도 영덕군 영덕읍 석리	4777025031
경상북도 영덕군 영덕읍 오보리	경상북도 영덕군 영덕읍 오보리	4777025033
경상북도 영덕군 영덕읍 우곡리	경상북도 영덕군 영덕읍 우곡리	4777025027
경상북도 영덕군 영덕읍 창포리	경상북도 영덕군 영덕읍 창포리	4777025036
경상북도 영덕군 영덕읍 천전리	경상북도 영덕군 영덕읍 천전리	4777025025
경상북도 영덕군 영덕읍 화개리	경상북도 영덕군 영덕읍 화개리	4777025022
경상북도 영덕군 영덕읍 화수리	경상북도 영덕군 영덕읍 화수리	4777025028
경상북도 영덕군 영덕읍 화천리	경상북도 영덕군 영덕읍 화천리	4777025037
경상북도 영덕군 영해면 괴시리	경상북도 영덕군 영해면 괴시리	4777036031
경상북도 영덕군 영해면 대리	경상북도 영덕군 영해면 대리	4777036038
경상북도 영덕군 영해면 대진리	경상북도 영덕군 영해면 대진리	4777036032
경상북도 영덕군 영해면 묘곡리	경상북도 영덕군 영해면 묘곡리	4777036037
경상북도 영덕군 영해면 벌영리	경상북도 영덕군 영해면 벌영리	4777036035
경상북도 영덕군 영해면 사진리	경상북도 영덕군 영해면 사진리	4777036033
경상북도 영덕군 영해면 성내리	경상북도 영덕군 영해면 성내리	4777036030
경상북도 영덕군 영해면 연평리	경상북도 영덕군 영해면 연평리	4777036034
경상북도 영덕군 영해면 원구리	경상북도 영덕군 영해면 원구리	4777036036
경상북도 영덕군 지품면 기사리	경상북도 영덕군 지품면 기사리	4777034050
경상북도 영덕군 지품면 낙평리	경상북도 영덕군 지품면 낙평리	4777034045
경상북도 영덕군 지품면 눌곡리	경상북도 영덕군 지품면 눌곡리	4777034042
경상북도 영덕군 지품면 도계리	경상북도 영덕군 지품면 도계리	4777034055
경상북도 영덕군 지품면 복곡리	경상북도 영덕군 지품면 복곡리	4777034047
경상북도 영덕군 지품면 삼화리	경상북도 영덕군 지품면 삼화리	4777034039
경상북도 영덕군 지품면 속곡리	경상북도 영덕군 지품면 속곡리	4777034053
경상북도 영덕군 지품면 송천리	경상북도 영덕군 지품면 송천리	4777034044
경상북도 영덕군 지품면 수암리	경상북도 영덕군 지품면 수암리	4777034046
경상북도 영덕군 지품면 신안리	경상북도 영덕군 지품면 신안리	4777034052
경상북도 영덕군 지품면 신애리	경상북도 영덕군 지품면 신애리	4777034057
경상북도 영덕군 지품면 신양리	경상북도 영덕군 지품면 신양리	4777034041
경상북도 영덕군 지품면 오천리	경상북도 영덕군 지품면 오천리	4777034040
경상북도 영덕군 지품면 옥류리	경상북도 영덕군 지품면 옥류리	4777034056
경상북도 영덕군 지품면 용덕리	경상북도 영덕군 지품면 용덕리	4777034043
경상북도 영덕군 지품면 원전리	경상북도 영덕군 지품면 원전리	4777034048
경상북도 영덕군 지품면 율전리	경상북도 영덕군 지품면 율전리	4777034054
경상북도 영덕군 지품면 지품리	경상북도 영덕군 지품면 지품리	4777034049
경상북도 영덕군 지품면 황장리	경상북도 영덕군 지품면 황장리	4777034051
경상북도 영덕군 창수면 가산리	경상북도 영덕군 창수면 가산리	4777038035
경상북도 영덕군 창수면 갈천리	경상북도 영덕군 창수면 갈천리	4777038038
경상북도 영덕군 창수면 미곡리	경상북도 영덕군 창수면 미곡리	4777038040
경상북도 영덕군 창수면 백청리	경상북도 영덕군 창수면 백청리	4777038046
경상북도 영덕군 창수면 보림리	경상북도 영덕군 창수면 보림리	4777038045
경상북도 영덕군 창수면 삼계리	경상북도 영덕군 창수면 삼계리	4777038042
경상북도 영덕군 창수면 수리	경상북도 영덕군 창수면 수리	4777038043
경상북도 영덕군 창수면 신기리	경상북도 영덕군 창수면 신기리	4777038036
경상북도 영덕군 창수면 신리리	경상북도 영덕군 창수면 신리리	4777038037
경상북도 영덕군 창수면 오촌리	경상북도 영덕군 창수면 오촌리	4777038041
경상북도 영덕군 창수면 인량리	경상북도 영덕군 창수면 인량리	4777038034
경상북도 영덕군 창수면 인천리	경상북도 영덕군 창수면 인천리	4777038044
경상북도 영덕군 창수면 창수리	경상북도 영덕군 창수면 창수리	4777038039
경상북도 영덕군 축산면 경정리	경상북도 영덕군 축산면 경정리	4777035033
경상북도 영덕군 축산면 고곡리	경상북도 영덕군 축산면 고곡리	4777035034
경상북도 영덕군 축산면 기암리	경상북도 영덕군 축산면 기암리	4777035041
경상북도 영덕군 축산면 대곡리	경상북도 영덕군 축산면 대곡리	4777035040
경상북도 영덕군 축산면 도곡리	경상북도 영덕군 축산면 도곡리	4777035035
경상북도 영덕군 축산면 부곡리	경상북도 영덕군 축산면 부곡리	4777035037
경상북도 영덕군 축산면 상원리	경상북도 영덕군 축산면 상원리	4777035036
경상북도 영덕군 축산면 조항리	경상북도 영덕군 축산면 조항리	4777035039
경상북도 영덕군 축산면 축산리	경상북도 영덕군 축산면 축산리	4777035032
경상북도 영덕군 축산면 칠성리	경상북도 영덕군 축산면 칠성리	4777035038
경상북도 영양군 석보면 답곡리	경상북도 영양군 석보면 답곡리	4776035043
경상북도 영양군 석보면 삼의리	경상북도 영양군 석보면 삼의리	4776035046
경상북도 영양군 석보면 소계리	경상북도 영양군 석보면 소계리	4776035041
경상북도 영양군 석보면 신평리	경상북도 영양군 석보면 신평리	4776035039
경상북도 영양군 석보면 옥계리	경상북도 영양군 석보면 옥계리	4776035035
경상북도 영양군 석보면 요원리	경상북도 영양군 석보면 요원리	4776035037
경상북도 영양군 석보면 원리리	경상북도 영양군 석보면 원리리	4776035034
경상북도 영양군 석보면 주남리	경상북도 영양군 석보면 주남리	4776035036
경상북도 영양군 석보면 지경리	경상북도 영양군 석보면 지경리	4776035045
경상북도 영양군 석보면 택전리	경상북도 영양군 석보면 택전리	4776035038
경상북도 영양군 석보면 포산리	경상북도 영양군 석보면 포산리	4776035040
경상북도 영양군 석보면 홍계리	경상북도 영양군 석보면 홍계리	4776035044
경상북도 영양군 석보면 화매리	경상북도 영양군 석보면 화매리	4776035042
경상북도 영양군 수비면 계리	경상북도 영양군 수비면 계리	4776034035
경상북도 영양군 수비면 발리리	경상북도 영양군 수비면 발리리	4776034031
경상북도 영양군 수비면 본신리	경상북도 영양군 수비면 본신리	4776034036
경상북도 영양군 수비면 송하리	경상북도 영양군 수비면 송하리	4776034038
경상북도 영양군 수비면 수하리	경상북도 영양군 수비면 수하리	4776034030
경상북도 영양군 수비면 신암리	경상북도 영양군 수비면 신암리	4776034037
경상북도 영양군 수비면 신원리	경상북도 영양군 수비면 신원리	4776034032
경상북도 영양군 수비면 오기리	경상북도 영양군 수비면 오기리	4776034034
경상북도 영양군 수비면 죽파리	경상북도 영양군 수비면 죽파리	4776034033
경상북도 영양군 영양읍 감천리	경상북도 영양군 영양읍 감천리	4776025023
경상북도 영양군 영양읍 기산리	경상북도 영양군 영양읍 기산리	4776025035
경상북도 영양군 영양읍 대천리	경상북도 영양군 영양읍 대천리	4776025032
경상북도 영양군 영양읍 동부리	경상북도 영양군 영양읍 동부리	4776025021
경상북도 영양군 영양읍 무창리	경상북도 영양군 영양읍 무창리	4776025031
경상북도 영양군 영양읍 무학리	경상북도 영양군 영양읍 무학리	4776025030
경상북도 영양군 영양읍 삼지리	경상북도 영양군 영양읍 삼지리	4776025026
경상북도 영양군 영양읍 상원리	경상북도 영양군 영양읍 상원리	4776025029
경상북도 영양군 영양읍 서부리	경상북도 영양군 영양읍 서부리	4776025022
경상북도 영양군 영양읍 양구리	경상북도 영양군 영양읍 양구리	4776025034
경상북도 영양군 영양읍 전곡리	경상북도 영양군 영양읍 전곡리	4776025024
경상북도 영양군 영양읍 하원리	경상북도 영양군 영양읍 하원리	4776025028
경상북도 영양군 영양읍 현리	경상북도 영양군 영양읍 현리	4776025027
경상북도 영양군 영양읍 화천리	경상북도 영양군 영양읍 화천리	4776025033
경상북도 영양군 영양읍 황용리	경상북도 영양군 영양읍 황용리	4776025025
경상북도 영양군 일월면 가곡리	경상북도 영양군 일월면 가곡리	4776033042
경상북도 영양군 일월면 가천리	경상북도 영양군 일월면 가천리	4776033039
경상북도 영양군 일월면 곡강리	경상북도 영양군 일월면 곡강리	4776033033
경상북도 영양군 일월면 도계리	경상북도 영양군 일월면 도계리	4776033037
경상북도 영양군 일월면 도곡리	경상북도 영양군 일월면 도곡리	4776033040
경상북도 영양군 일월면 문암리	경상북도 영양군 일월면 문암리	4776033034
경상북도 영양군 일월면 섬촌리	경상북도 영양군 일월면 섬촌리	4776033038
경상북도 영양군 일월면 오리리	경상북도 영양군 일월면 오리리	4776033035
경상북도 영양군 일월면 용화리	경상북도 영양군 일월면 용화리	4776033036
경상북도 영양군 일월면 주곡리	경상북도 영양군 일월면 주곡리	4776033032
경상북도 영양군 일월면 칠성리	경상북도 영양군 일월면 칠성리	4776033041
경상북도 영양군 입암면 교리	경상북도 영양군 입암면 교리	4776031037
경상북도 영양군 입암면 금학리	경상북도 영양군 입암면 금학리	4776031041
경상북도 영양군 입암면 노달리	경상북도 영양군 입암면 노달리	4776031043
경상북도 영양군 입암면 대천리	경상북도 영양군 입암면 대천리	4776031040
경상북도 영양군 입암면 방전리	경상북도 영양군 입암면 방전리	4776031044
경상북도 영양군 입암면 병옥리	경상북도 영양군 입암면 병옥리	4776031045
경상북도 영양군 입암면 산해리	경상북도 영양군 입암면 산해리	4776031042
경상북도 영양군 입암면 삼산리	경상북도 영양군 입암면 삼산리	4776031038
경상북도 영양군 입암면 신구리	경상북도 영양군 입암면 신구리	4776031034
경상북도 영양군 입암면 신사리	경상북도 영양군 입암면 신사리	4776031039
경상북도 영양군 입암면 양항리	경상북도 영양군 입암면 양항리	4776031035
경상북도 영양군 입암면 연당리	경상북도 영양군 입암면 연당리	4776031036
경상북도 영양군 입암면 흥구리	경상북도 영양군 입암면 흥구리	4776031046
경상북도 영양군 청기면 구매리	경상북도 영양군 청기면 구매리	4776032038
경상북도 영양군 청기면 기포리	경상북도 영양군 청기면 기포리	4776032046
경상북도 영양군 청기면 당리	경상북도 영양군 청기면 당리	4776032044
경상북도 영양군 청기면 무진리	경상북도 영양군 청기면 무진리	4776032042
경상북도 영양군 청기면 사리	경상북도 영양군 청기면 사리	4776032036
경상북도 영양군 청기면 산운리	경상북도 영양군 청기면 산운리	4776032040
경상북도 영양군 청기면 상청리	경상북도 영양군 청기면 상청리	4776032045
경상북도 영양군 청기면 저리	경상북도 영양군 청기면 저리	4776032039
경상북도 영양군 청기면 정족리	경상북도 영양군 청기면 정족리	4776032034
경상북도 영양군 청기면 청기리	경상북도 영양군 청기면 청기리	4776032037
경상북도 영양군 청기면 토곡리	경상북도 영양군 청기면 토곡리	4776032035
경상북도 영양군 청기면 토구리	경상북도 영양군 청기면 토구리	4776032041
경상북도 영양군 청기면 행화리	경상북도 영양군 청기면 행화리	4776032043
경상북도 영주시 가흥동	경상북도 영주시 가흥동	4721010500
경상북도 영주시 고현동	경상북도 영주시 고현동	4721010700
경상북도 영주시 단산면 구구리	경상북도 영주시 단산면 구구리	4721038023
경상북도 영주시 단산면 단곡리	경상북도 영주시 단산면 단곡리	4721038026
경상북도 영주시 단산면 동원리	경상북도 영주시 단산면 동원리	4721038021
경상북도 영주시 단산면 마락리	경상북도 영주시 단산면 마락리	4721038028
경상북도 영주시 단산면 병산리	경상북도 영주시 단산면 병산리	4721038024
경상북도 영주시 단산면 사천리	경상북도 영주시 단산면 사천리	4721038022
경상북도 영주시 단산면 옥대리	경상북도 영주시 단산면 옥대리	4721038025
경상북도 영주시 단산면 좌석리	경상북도 영주시 단산면 좌석리	4721038027
경상북도 영주시 문수면 권선리	경상북도 영주시 문수면 권선리	4721033024
경상북도 영주시 문수면 대양리	경상북도 영주시 문수면 대양리	4721033030
경상북도 영주시 문수면 만방리	경상북도 영주시 문수면 만방리	4721033022
경상북도 영주시 문수면 수도리	경상북도 영주시 문수면 수도리	4721033029
경상북도 영주시 문수면 승문리	경상북도 영주시 문수면 승문리	4721033021
경상북도 영주시 문수면 월호리	경상북도 영주시 문수면 월호리	4721033025
경상북도 영주시 문수면 적동리	경상북도 영주시 문수면 적동리	4721033023
경상북도 영주시 문수면 조제리	경상북도 영주시 문수면 조제리	4721033028
경상북도 영주시 문수면 탄산리	경상북도 영주시 문수면 탄산리	4721033027
경상북도 영주시 문정동	경상북도 영주시 문정동	4721010600
경상북도 영주시 봉현면 노좌리	경상북도 영주시 봉현면 노좌리	4721036026
경상북도 영주시 봉현면 대촌리	경상북도 영주시 봉현면 대촌리	4721036023
경상북도 영주시 봉현면 두산리	경상북도 영주시 봉현면 두산리	4721036021
경상북도 영주시 봉현면 오현리	경상북도 영주시 봉현면 오현리	4721036022
경상북도 영주시 봉현면 유전리	경상북도 영주시 봉현면 유전리	4721036025
경상북도 영주시 봉현면 하촌리	경상북도 영주시 봉현면 하촌리	4721036027
경상북도 영주시 봉현면 한천리	경상북도 영주시 봉현면 한천리	4721036024
경상북도 영주시 부석면 감곡리	경상북도 영주시 부석면 감곡리	4721039029
경상북도 영주시 부석면 남대리	경상북도 영주시 부석면 남대리	4721039021
경상북도 영주시 부석면 노곡리	경상북도 영주시 부석면 노곡리	4721039025
경상북도 영주시 부석면 보계리	경상북도 영주시 부석면 보계리	4721039030
경상북도 영주시 부석면 북지리	경상북도 영주시 부석면 북지리	4721039022
경상북도 영주시 부석면 상석리	경상북도 영주시 부석면 상석리	4721039028
경상북도 영주시 부석면 소천리	경상북도 영주시 부석면 소천리	4721039024
경상북도 영주시 부석면 용암리	경상북도 영주시 부석면 용암리	4721039026
경상북도 영주시 부석면 우곡리	경상북도 영주시 부석면 우곡리	4721039027
경상북도 영주시 부석면 임곡리	경상북도 영주시 부석면 임곡리	4721039023
경상북도 영주시 상망동	경상북도 영주시 상망동	4721010200
경상북도 영주시 상줄동	경상북도 영주시 상줄동	4721010900
경상북도 영주시 순흥면 내죽리	경상북도 영주시 순흥면 내죽리	4721037025
경상북도 영주시 순흥면 덕현리	경상북도 영주시 순흥면 덕현리	4721037028
경상북도 영주시 순흥면 배점리	경상북도 영주시 순흥면 배점리	4721037027
경상북도 영주시 순흥면 석교리	경상북도 영주시 순흥면 석교리	4721037023
경상북도 영주시 순흥면 읍내리	경상북도 영주시 순흥면 읍내리	4721037024
경상북도 영주시 순흥면 지동리	경상북도 영주시 순흥면 지동리	4721037022
경상북도 영주시 순흥면 청구리	경상북도 영주시 순흥면 청구리	4721037026
경상북도 영주시 순흥면 태장리	경상북도 영주시 순흥면 태장리	4721037021
경상북도 영주시 아지동	경상북도 영주시 아지동	4721011300
경상북도 영주시 안정면 내줄리	경상북도 영주시 안정면 내줄리	4721035027
경상북도 영주시 안정면 단촌리	경상북도 영주시 안정면 단촌리	4721035031
경상북도 영주시 안정면 대평리	경상북도 영주시 안정면 대평리	4721035032
경상북도 영주시 안정면 동촌리	경상북도 영주시 안정면 동촌리	4721035034
경상북도 영주시 안정면 묵리	경상북도 영주시 안정면 묵리	4721035026
경상북도 영주시 안정면 봉암리	경상북도 영주시 안정면 봉암리	4721035023
경상북도 영주시 안정면 생현리	경상북도 영주시 안정면 생현리	4721035022
경상북도 영주시 안정면 신전리	경상북도 영주시 안정면 신전리	4721035021
경상북도 영주시 안정면 안심리	경상북도 영주시 안정면 안심리	4721035029
경상북도 영주시 안정면 여륵리	경상북도 영주시 안정면 여륵리	4721035025
경상북도 영주시 안정면 오계리	경상북도 영주시 안정면 오계리	4721035033
경상북도 영주시 안정면 옹암리	경상북도 영주시 안정면 옹암리	4721035030
경상북도 영주시 안정면 용산리	경상북도 영주시 안정면 용산리	4721035024
경상북도 영주시 안정면 일원리	경상북도 영주시 안정면 일원리	4721035028
경상북도 영주시 영주동	경상북도 영주시 영주동	4721010100
경상북도 영주시 이산면 내림리	경상북도 영주시 이산면 내림리	4721031028
경상북도 영주시 이산면 두월리	경상북도 영주시 이산면 두월리	4721031029
경상북도 영주시 이산면 석포리	경상북도 영주시 이산면 석포리	4721031024
경상북도 영주시 이산면 신암리	경상북도 영주시 이산면 신암리	4721031022
경상북도 영주시 이산면 신천리	경상북도 영주시 이산면 신천리	4721031026
경상북도 영주시 이산면 용상리	경상북도 영주시 이산면 용상리	4721031025
경상북도 영주시 이산면 운문리	경상북도 영주시 이산면 운문리	4721031027
경상북도 영주시 이산면 원리	경상북도 영주시 이산면 원리	4721031021
경상북도 영주시 이산면 지동리	경상북도 영주시 이산면 지동리	4721031023
경상북도 영주시 장수면 갈산리	경상북도 영주시 장수면 갈산리	4721034023
경상북도 영주시 장수면 두전리	경상북도 영주시 장수면 두전리	4721034022
경상북도 영주시 장수면 반구리	경상북도 영주시 장수면 반구리	4721034021
경상북도 영주시 장수면 성곡리	경상북도 영주시 장수면 성곡리	4721034024
경상북도 영주시 장수면 소룡리	경상북도 영주시 장수면 소룡리	4721034026
경상북도 영주시 장수면 파지리	경상북도 영주시 장수면 파지리	4721034028
경상북도 영주시 장수면 호문리	경상북도 영주시 장수면 호문리	4721034027
경상북도 영주시 장수면 화기리	경상북도 영주시 장수면 화기리	4721034025
경상북도 영주시 적서동	경상북도 영주시 적서동	4721011200
경상북도 영주시 조암동	경상북도 영주시 조암동	4721011100
경상북도 영주시 조와동	경상북도 영주시 조와동	4721011000
경상북도 영주시 창진동	경상북도 영주시 창진동	4721010800
경상북도 영주시 평은면 강동리	경상북도 영주시 평은면 강동리	4721032021
경상북도 영주시 평은면 금광리	경상북도 영주시 평은면 금광리	4721032025
경상북도 영주시 평은면 오운리	경상북도 영주시 평은면 오운리	4721032023
경상북도 영주시 평은면 용혈리	경상북도 영주시 평은면 용혈리	4721032026
경상북도 영주시 평은면 지곡리	경상북도 영주시 평은면 지곡리	4721032022
경상북도 영주시 평은면 천본리	경상북도 영주시 평은면 천본리	4721032024
경상북도 영주시 평은면 평은리	경상북도 영주시 평은면 평은리	4721032027
경상북도 영주시 풍기읍 교촌리	경상북도 영주시 풍기읍 교촌리	4721025028
경상북도 영주시 풍기읍 금계리	경상북도 영주시 풍기읍 금계리	4721025027
경상북도 영주시 풍기읍 동부리	경상북도 영주시 풍기읍 동부리	4721025022
경상북도 영주시 풍기읍 미곡리	경상북도 영주시 풍기읍 미곡리	4721025024
경상북도 영주시 풍기읍 백리	경상북도 영주시 풍기읍 백리	4721025030
경상북도 영주시 풍기읍 백신리	경상북도 영주시 풍기읍 백신리	4721025031
경상북도 영주시 풍기읍 산법리	경상북도 영주시 풍기읍 산법리	4721025023
경상북도 영주시 풍기읍 삼가리	경상북도 영주시 풍기읍 삼가리	4721025025
경상북도 영주시 풍기읍 서부리	경상북도 영주시 풍기읍 서부리	4721025029
경상북도 영주시 풍기읍 성내리	경상북도 영주시 풍기읍 성내리	4721025021
경상북도 영주시 풍기읍 수철리	경상북도 영주시 풍기읍 수철리	4721025033
경상북도 영주시 풍기읍 욱금리	경상북도 영주시 풍기읍 욱금리	4721025026
경상북도 영주시 풍기읍 전구리	경상북도 영주시 풍기읍 전구리	4721025034
경상북도 영주시 풍기읍 창락리	경상북도 영주시 풍기읍 창락리	4721025032
경상북도 영주시 하망동	경상북도 영주시 하망동	4721010300
경상북도 영주시 휴천동	경상북도 영주시 휴천동	4721010400
경상북도 영천시 고경면 가수리	경상북도 영천시 고경면 가수리	4723038040
경상북도 영천시 고경면 고도리	경상북도 영천시 고경면 고도리	4723038027
경상북도 영천시 고경면 논실리	경상북도 영천시 고경면 논실리	4723038051
경상북도 영천시 고경면 단포리	경상북도 영천시 고경면 단포리	4723038021
경상북도 영천시 고경면 대성리	경상북도 영천시 고경면 대성리	4723038025
경상북도 영천시 고경면 대의리	경상북도 영천시 고경면 대의리	4723038024
경상북도 영천시 고경면 덕암리	경상북도 영천시 고경면 덕암리	4723038045
경상북도 영천시 고경면 덕정리	경상북도 영천시 고경면 덕정리	4723038049
경상북도 영천시 고경면 도암리	경상북도 영천시 고경면 도암리	4723038030
경상북도 영천시 고경면 동도리	경상북도 영천시 고경면 동도리	4723038035
경상북도 영천시 고경면 부리	경상북도 영천시 고경면 부리	4723038028
경상북도 영천시 고경면 삼귀리	경상북도 영천시 고경면 삼귀리	4723038037
경상북도 영천시 고경면 삼산리	경상북도 영천시 고경면 삼산리	4723038042
경상북도 영천시 고경면 삼포리	경상북도 영천시 고경면 삼포리	4723038043
경상북도 영천시 고경면 상덕리	경상북도 영천시 고경면 상덕리	4723038039
경상북도 영천시 고경면 상리리	경상북도 영천시 고경면 상리리	4723038031
경상북도 영천시 고경면 석계리	경상북도 영천시 고경면 석계리	4723038041
경상북도 영천시 고경면 오룡리	경상북도 영천시 고경면 오룡리	4723038044
경상북도 영천시 고경면 오류리	경상북도 영천시 고경면 오류리	4723038026
경상북도 영천시 고경면 용전리	경상북도 영천시 고경면 용전리	4723038029
경상북도 영천시 고경면 전사리	경상북도 영천시 고경면 전사리	4723038034
경상북도 영천시 고경면 차당리	경상북도 영천시 고경면 차당리	4723038036
경상북도 영천시 고경면 창상리	경상북도 영천시 고경면 창상리	4723038023
경상북도 영천시 고경면 창하리	경상북도 영천시 고경면 창하리	4723038022
경상북도 영천시 고경면 청정리	경상북도 영천시 고경면 청정리	4723038046
경상북도 영천시 고경면 초일리	경상북도 영천시 고경면 초일리	4723038038
경상북도 영천시 고경면 칠전리	경상북도 영천시 고경면 칠전리	4723038048
경상북도 영천시 고경면 파계리	경상북도 영천시 고경면 파계리	4723038047
경상북도 영천시 고경면 학리	경상북도 영천시 고경면 학리	4723038032
경상북도 영천시 고경면 해선리	경상북도 영천시 고경면 해선리	4723038033
경상북도 영천시 과전동	경상북도 영천시 과전동	4723010800
경상북도 영천시 괴연동	경상북도 영천시 괴연동	4723011900
경상북도 영천시 교촌동	경상북도 영천시 교촌동	4723010700
경상북도 영천시 금노동	경상북도 영천시 금노동	4723011200
경상북도 영천시 금호읍 관정리	경상북도 영천시 금호읍 관정리	4723025030
경상북도 영천시 금호읍 교대리	경상북도 영천시 금호읍 교대리	4723025021
경상북도 영천시 금호읍 구암리	경상북도 영천시 금호읍 구암리	4723025031
경상북도 영천시 금호읍 남성리	경상북도 영천시 금호읍 남성리	4723025039
경상북도 영천시 금호읍 냉천리	경상북도 영천시 금호읍 냉천리	4723025027
경상북도 영천시 금호읍 대곡리	경상북도 영천시 금호읍 대곡리	4723025033
경상북도 영천시 금호읍 대미리	경상북도 영천시 금호읍 대미리	4723025024
경상북도 영천시 금호읍 덕성리	경상북도 영천시 금호읍 덕성리	4723025022
경상북도 영천시 금호읍 봉죽리	경상북도 영천시 금호읍 봉죽리	4723025029
경상북도 영천시 금호읍 삼호리	경상북도 영천시 금호읍 삼호리	4723025040
경상북도 영천시 금호읍 석섬리	경상북도 영천시 금호읍 석섬리	4723025025
경상북도 영천시 금호읍 성천리	경상북도 영천시 금호읍 성천리	4723025023
경상북도 영천시 금호읍 신대리	경상북도 영천시 금호읍 신대리	4723025038
경상북도 영천시 금호읍 신월리	경상북도 영천시 금호읍 신월리	4723025028
경상북도 영천시 금호읍 약남리	경상북도 영천시 금호읍 약남리	4723025032
경상북도 영천시 금호읍 어은리	경상북도 영천시 금호읍 어은리	4723025035
경상북도 영천시 금호읍 오계리	경상북도 영천시 금호읍 오계리	4723025036
경상북도 영천시 금호읍 원기리	경상북도 영천시 금호읍 원기리	4723025037
경상북도 영천시 금호읍 원제리	경상북도 영천시 금호읍 원제리	4723025026
경상북도 영천시 금호읍 호남리	경상북도 영천시 금호읍 호남리	4723025034
경상북도 영천시 금호읍 황정리	경상북도 영천시 금호읍 황정리	4723025041
경상북도 영천시 녹전동	경상북도 영천시 녹전동	4723012100
경상북도 영천시 대전동	경상북도 영천시 대전동	4723012000
경상북도 영천시 대창면 강회리	경상북도 영천시 대창면 강회리	4723040033
경상북도 영천시 대창면 구지리	경상북도 영천시 대창면 구지리	4723040030
경상북도 영천시 대창면 대재리	경상북도 영천시 대창면 대재리	4723040029
경상북도 영천시 대창면 대창리	경상북도 영천시 대창면 대창리	4723040032
경상북도 영천시 대창면 병암리	경상북도 영천시 대창면 병암리	4723040034
경상북도 영천시 대창면 사리리	경상북도 영천시 대창면 사리리	4723040031
경상북도 영천시 대창면 신광리	경상북도 영천시 대창면 신광리	4723040027
경상북도 영천시 대창면 어방리	경상북도 영천시 대창면 어방리	4723040024
경상북도 영천시 대창면 오길리	경상북도 영천시 대창면 오길리	4723040025
경상북도 영천시 대창면 용전리	경상북도 영천시 대창면 용전리	4723040023
경상북도 영천시 대창면 용호리	경상북도 영천시 대창면 용호리	4723040026
경상북도 영천시 대창면 운천리	경상북도 영천시 대창면 운천리	4723040022
경상북도 영천시 대창면 조곡리	경상북도 영천시 대창면 조곡리	4723040028
경상북도 영천시 대창면 직천리	경상북도 영천시 대창면 직천리	4723040021
경상북도 영천시 도남동	경상북도 영천시 도남동	4723012600
경상북도 영천시 도동	경상북도 영천시 도동	4723011100
경상북도 영천시 도림동	경상북도 영천시 도림동	4723012200
경상북도 영천시 망정동	경상북도 영천시 망정동	4723010200
경상북도 영천시 매산동	경상북도 영천시 매산동	4723012700
경상북도 영천시 문내동	경상북도 영천시 문내동	4723010400
경상북도 영천시 문외동	경상북도 영천시 문외동	4723010500
경상북도 영천시 범어동	경상북도 영천시 범어동	4723011400
경상북도 영천시 본촌동	경상북도 영천시 본촌동	4723011700
경상북도 영천시 봉동	경상북도 영천시 봉동	4723011600
경상북도 영천시 북안면 고지리	경상북도 영천시 북안면 고지리	4723039033
경상북도 영천시 북안면 관리	경상북도 영천시 북안면 관리	4723039038
경상북도 영천시 북안면 내포리	경상북도 영천시 북안면 내포리	4723039040
경상북도 영천시 북안면 당리	경상북도 영천시 북안면 당리	4723039022
경상북도 영천시 북안면 도유리	경상북도 영천시 북안면 도유리	4723039024
경상북도 영천시 북안면 도천리	경상북도 영천시 북안면 도천리	4723039030
경상북도 영천시 북안면 명주리	경상북도 영천시 북안면 명주리	4723039025
경상북도 영천시 북안면 반계리	경상북도 영천시 북안면 반계리	4723039035
경상북도 영천시 북안면 반정리	경상북도 영천시 북안면 반정리	4723039041
경상북도 영천시 북안면 북리	경상북도 영천시 북안면 북리	4723039023
경상북도 영천시 북안면 상리	경상북도 영천시 북안면 상리	4723039021
경상북도 영천시 북안면 서당리	경상북도 영천시 북안면 서당리	4723039032
경상북도 영천시 북안면 송포리	경상북도 영천시 북안면 송포리	4723039042
경상북도 영천시 북안면 신대리	경상북도 영천시 북안면 신대리	4723039027
경상북도 영천시 북안면 신리리	경상북도 영천시 북안면 신리리	4723039028
경상북도 영천시 북안면 신촌리	경상북도 영천시 북안면 신촌리	4723039037
경상북도 영천시 북안면 옥천리	경상북도 영천시 북안면 옥천리	4723039031
경상북도 영천시 북안면 용계리	경상북도 영천시 북안면 용계리	4723039026
경상북도 영천시 북안면 원당리	경상북도 영천시 북안면 원당리	4723039039
경상북도 영천시 북안면 유상리	경상북도 영천시 북안면 유상리	4723039044
경상북도 영천시 북안면 유하리	경상북도 영천시 북안면 유하리	4723039043
경상북도 영천시 북안면 임포리	경상북도 영천시 북안면 임포리	4723039034
경상북도 영천시 북안면 자포리	경상북도 영천시 북안면 자포리	4723039036
경상북도 영천시 북안면 효리	경상북도 영천시 북안면 효리	4723039029
경상북도 영천시 서산동	경상북도 영천시 서산동	4723013000
경상북도 영천시 성내동	경상북도 영천시 성내동	4723010900
경상북도 영천시 신기동	경상북도 영천시 신기동	4723012900
경상북도 영천시 신녕면 가천리	경상북도 영천시 신녕면 가천리	4723032031
경상북도 영천시 신녕면 매양리	경상북도 영천시 신녕면 매양리	4723032026
경상북도 영천시 신녕면 부산리	경상북도 영천시 신녕면 부산리	4723032022
경상북도 영천시 신녕면 신덕리	경상북도 영천시 신녕면 신덕리	4723032029
경상북도 영천시 신녕면 연정리	경상북도 영천시 신녕면 연정리	4723032030
경상북도 영천시 신녕면 완전리	경상북도 영천시 신녕면 완전리	4723032028
경상북도 영천시 신녕면 왕산리	경상북도 영천시 신녕면 왕산리	4723032025
경상북도 영천시 신녕면 치산리	경상북도 영천시 신녕면 치산리	4723032021
경상북도 영천시 신녕면 화남리	경상북도 영천시 신녕면 화남리	4723032024
경상북도 영천시 신녕면 화서리	경상북도 영천시 신녕면 화서리	4723032023
경상북도 영천시 신녕면 화성리	경상북도 영천시 신녕면 화성리	4723032027
경상북도 영천시 쌍계동	경상북도 영천시 쌍계동	4723012500
경상북도 영천시 야사동	경상북도 영천시 야사동	4723010300
경상북도 영천시 언하동	경상북도 영천시 언하동	4723012800
경상북도 영천시 오미동	경상북도 영천시 오미동	4723012300
경상북도 영천시 오수동	경상북도 영천시 오수동	4723012400
경상북도 영천시 완산동	경상북도 영천시 완산동	4723011300
경상북도 영천시 임고면 고천리	경상북도 영천시 임고면 고천리	4723037032
경상북도 영천시 임고면 금대리	경상북도 영천시 임고면 금대리	4723037028
경상북도 영천시 임고면 덕연리	경상북도 영천시 임고면 덕연리	4723037023
경상북도 영천시 임고면 매호리	경상북도 영천시 임고면 매호리	4723037033
경상북도 영천시 임고면 사리	경상북도 영천시 임고면 사리	4723037029
경상북도 영천시 임고면 삼매리	경상북도 영천시 임고면 삼매리	4723037024
경상북도 영천시 임고면 선원리	경상북도 영천시 임고면 선원리	4723037022
경상북도 영천시 임고면 수성리	경상북도 영천시 임고면 수성리	4723037030
경상북도 영천시 임고면 양평리	경상북도 영천시 임고면 양평리	4723037034
경상북도 영천시 임고면 양항리	경상북도 영천시 임고면 양항리	4723037021
경상북도 영천시 임고면 우항리	경상북도 영천시 임고면 우항리	4723037031
경상북도 영천시 임고면 평천리	경상북도 영천시 임고면 평천리	4723037025
경상북도 영천시 임고면 황강리	경상북도 영천시 임고면 황강리	4723037026
경상북도 영천시 임고면 효리	경상북도 영천시 임고면 효리	4723037027
경상북도 영천시 자양면 노항리	경상북도 영천시 자양면 노항리	4723036027
경상북도 영천시 자양면 도일리	경상북도 영천시 자양면 도일리	4723036022
경상북도 영천시 자양면 보현리	경상북도 영천시 자양면 보현리	4723036021
경상북도 영천시 자양면 삼귀리	경상북도 영천시 자양면 삼귀리	4723036024
경상북도 영천시 자양면 성곡리	경상북도 영천시 자양면 성곡리	4723036028
경상북도 영천시 자양면 신방리	경상북도 영천시 자양면 신방리	4723036026
경상북도 영천시 자양면 용산리	경상북도 영천시 자양면 용산리	4723036025
경상북도 영천시 자양면 용화리	경상북도 영천시 자양면 용화리	4723036029
경상북도 영천시 자양면 충효리	경상북도 영천시 자양면 충효리	4723036023
경상북도 영천시 작산동	경상북도 영천시 작산동	4723011500
경상북도 영천시 조교동	경상북도 영천시 조교동	4723010100
경상북도 영천시 창구동	경상북도 영천시 창구동	4723010600
경상북도 영천시 채신동	경상북도 영천시 채신동	4723011800
경상북도 영천시 청통면 계지리	경상북도 영천시 청통면 계지리	4723031033
경상북도 영천시 청통면 계포리	경상북도 영천시 청통면 계포리	4723031032
경상북도 영천시 청통면 대평리	경상북도 영천시 청통면 대평리	4723031025
경상북도 영천시 청통면 보성리	경상북도 영천시 청통면 보성리	4723031023
경상북도 영천시 청통면 송천리	경상북도 영천시 청통면 송천리	4723031027
경상북도 영천시 청통면 신덕리	경상북도 영천시 청통면 신덕리	4723031024
경상북도 영천시 청통면 신원리	경상북도 영천시 청통면 신원리	4723031034
경상북도 영천시 청통면 신학리	경상북도 영천시 청통면 신학리	4723031029
경상북도 영천시 청통면 애련리	경상북도 영천시 청통면 애련리	4723031031
경상북도 영천시 청통면 용천리	경상북도 영천시 청통면 용천리	4723031035
경상북도 영천시 청통면 우천리	경상북도 영천시 청통면 우천리	4723031022
경상북도 영천시 청통면 원촌리	경상북도 영천시 청통면 원촌리	4723031028
경상북도 영천시 청통면 죽정리	경상북도 영천시 청통면 죽정리	4723031026
경상북도 영천시 청통면 치일리	경상북도 영천시 청통면 치일리	4723031030
경상북도 영천시 청통면 호당리	경상북도 영천시 청통면 호당리	4723031021
경상북도 영천시 화남면 구전리	경상북도 영천시 화남면 구전리	4723035031
경상북도 영천시 화남면 귀호리	경상북도 영천시 화남면 귀호리	4723035028
경상북도 영천시 화남면 금호리	경상북도 영천시 화남면 금호리	4723035021
경상북도 영천시 화남면 대천리	경상북도 영천시 화남면 대천리	4723035025
경상북도 영천시 화남면 사천리	경상북도 영천시 화남면 사천리	4723035024
경상북도 영천시 화남면 삼창리	경상북도 영천시 화남면 삼창리	4723035027
경상북도 영천시 화남면 선천리	경상북도 영천시 화남면 선천리	4723035026
경상북도 영천시 화남면 신호리	경상북도 영천시 화남면 신호리	4723035023
경상북도 영천시 화남면 안천리	경상북도 영천시 화남면 안천리	4723035029
경상북도 영천시 화남면 온천리	경상북도 영천시 화남면 온천리	4723035030
경상북도 영천시 화남면 용계리	경상북도 영천시 화남면 용계리	4723035032
경상북도 영천시 화남면 월곡리	경상북도 영천시 화남면 월곡리	4723035033
경상북도 영천시 화남면 죽곡리	경상북도 영천시 화남면 죽곡리	4723035022
경상북도 영천시 화룡동	경상북도 영천시 화룡동	4723011000
경상북도 영천시 화북면 공덕리	경상북도 영천시 화북면 공덕리	4723034031
경상북도 영천시 화북면 법화리	경상북도 영천시 화북면 법화리	4723034025
경상북도 영천시 화북면 상송리	경상북도 영천시 화북면 상송리	4723034027
경상북도 영천시 화북면 오동리	경상북도 영천시 화북면 오동리	4723034034
경상북도 영천시 화북면 오산리	경상북도 영천시 화북면 오산리	4723034032
경상북도 영천시 화북면 옥계리	경상북도 영천시 화북면 옥계리	4723034022
경상북도 영천시 화북면 용소리	경상북도 영천시 화북면 용소리	4723034024
경상북도 영천시 화북면 입석리	경상북도 영천시 화북면 입석리	4723034023
경상북도 영천시 화북면 자천리	경상북도 영천시 화북면 자천리	4723034021
경상북도 영천시 화북면 정각리	경상북도 영천시 화북면 정각리	4723034029
경상북도 영천시 화북면 죽전리	경상북도 영천시 화북면 죽전리	4723034028
경상북도 영천시 화북면 하송리	경상북도 영천시 화북면 하송리	4723034026
경상북도 영천시 화북면 횡계리	경상북도 영천시 화북면 횡계리	4723034030
경상북도 영천시 화산면 가상리	경상북도 영천시 화산면 가상리	4723033027
경상북도 영천시 화산면 당곡리	경상북도 영천시 화산면 당곡리	4723033032
경상북도 영천시 화산면 당지리	경상북도 영천시 화산면 당지리	4723033025
경상북도 영천시 화산면 대기리	경상북도 영천시 화산면 대기리	4723033028
경상북도 영천시 화산면 대안리	경상북도 영천시 화산면 대안리	4723033023
경상북도 영천시 화산면 덕암리	경상북도 영천시 화산면 덕암리	4723033022
경상북도 영천시 화산면 부계리	경상북도 영천시 화산면 부계리	4723033034
경상북도 영천시 화산면 삼부리	경상북도 영천시 화산면 삼부리	4723033030
경상북도 영천시 화산면 석촌리	경상북도 영천시 화산면 석촌리	4723033031
경상북도 영천시 화산면 암기리	경상북도 영천시 화산면 암기리	4723033029
경상북도 영천시 화산면 연계리	경상북도 영천시 화산면 연계리	4723033021
경상북도 영천시 화산면 용평리	경상북도 영천시 화산면 용평리	4723033035
경상북도 영천시 화산면 유성리	경상북도 영천시 화산면 유성리	4723033033
경상북도 영천시 화산면 화산리	경상북도 영천시 화산면 화산리	4723033026
경상북도 영천시 화산면 효정리	경상북도 영천시 화산면 효정리	4723033024
경상북도 예천군 감천면 관현리	경상북도 예천군 감천면 관현리	4790034038
경상북도 예천군 감천면 대맥리	경상북도 예천군 감천면 대맥리	4790034048
경상북도 예천군 감천면 덕율리	경상북도 예천군 감천면 덕율리	4790034037
경상북도 예천군 감천면 돈산리	경상북도 예천군 감천면 돈산리	4790034045
경상북도 예천군 감천면 마촌리	경상북도 예천군 감천면 마촌리	4790034050
경상북도 예천군 감천면 미석리	경상북도 예천군 감천면 미석리	4790034047
경상북도 예천군 감천면 벌방리	경상북도 예천군 감천면 벌방리	4790034041
경상북도 예천군 감천면 수한리	경상북도 예천군 감천면 수한리	4790034042
경상북도 예천군 감천면 유리	경상북도 예천군 감천면 유리	4790034046
경상북도 예천군 감천면 장산리	경상북도 예천군 감천면 장산리	4790034049
경상북도 예천군 감천면 증거리	경상북도 예천군 감천면 증거리	4790034044
경상북도 예천군 감천면 진평리	경상북도 예천군 감천면 진평리	4790034040
경상북도 예천군 감천면 천향리	경상북도 예천군 감천면 천향리	4790034039
경상북도 예천군 감천면 포리	경상북도 예천군 감천면 포리	4790034036
경상북도 예천군 감천면 현내리	경상북도 예천군 감천면 현내리	4790034043
경상북도 예천군 개포면 가곡리	경상북도 예천군 개포면 가곡리	4790039027
경상북도 예천군 개포면 갈마리	경상북도 예천군 개포면 갈마리	4790039031
경상북도 예천군 개포면 경진리	경상북도 예천군 개포면 경진리	4790039022
경상북도 예천군 개포면 금리	경상북도 예천군 개포면 금리	4790039021
경상북도 예천군 개포면 동송리	경상북도 예천군 개포면 동송리	4790039023
경상북도 예천군 개포면 신음리	경상북도 예천군 개포면 신음리	4790039026
경상북도 예천군 개포면 우감리	경상북도 예천군 개포면 우감리	4790039025
경상북도 예천군 개포면 이사리	경상북도 예천군 개포면 이사리	4790039024
경상북도 예천군 개포면 입암리	경상북도 예천군 개포면 입암리	4790039030
경상북도 예천군 개포면 장송리	경상북도 예천군 개포면 장송리	4790039029
경상북도 예천군 개포면 풍정리	경상북도 예천군 개포면 풍정리	4790039032
경상북도 예천군 개포면 황산리	경상북도 예천군 개포면 황산리	4790039028
경상북도 예천군 보문면 간방리	경상북도 예천군 보문면 간방리	4790035037
경상북도 예천군 보문면 기곡리	경상북도 예천군 보문면 기곡리	4790035040
경상북도 예천군 보문면 독양리	경상북도 예천군 보문면 독양리	4790035038
경상북도 예천군 보문면 미호리	경상북도 예천군 보문면 미호리	4790035034
경상북도 예천군 보문면 산성리	경상북도 예천군 보문면 산성리	4790035042
경상북도 예천군 보문면 수계리	경상북도 예천군 보문면 수계리	4790035044
경상북도 예천군 보문면 승본리	경상북도 예천군 보문면 승본리	4790035036
경상북도 예천군 보문면 신월리	경상북도 예천군 보문면 신월리	4790035035
경상북도 예천군 보문면 오신리	경상북도 예천군 보문면 오신리	4790035043
경상북도 예천군 보문면 오암리	경상북도 예천군 보문면 오암리	4790035046
경상북도 예천군 보문면 옥천리	경상북도 예천군 보문면 옥천리	4790035039
경상북도 예천군 보문면 우래리	경상북도 예천군 보문면 우래리	4790035041
경상북도 예천군 보문면 작곡리	경상북도 예천군 보문면 작곡리	4790035045
경상북도 예천군 예천읍 갈구리	경상북도 예천군 예천읍 갈구리	4790025035
경상북도 예천군 예천읍 고평리	경상북도 예천군 예천읍 고평리	4790025038
경상북도 예천군 예천읍 남본리	경상북도 예천군 예천읍 남본리	4790025025
경상북도 예천군 예천읍 노상리	경상북도 예천군 예천읍 노상리	4790025022
경상북도 예천군 예천읍 노하리	경상북도 예천군 예천읍 노하리	4790025021
경상북도 예천군 예천읍 대심리	경상북도 예천군 예천읍 대심리	4790025027
경상북도 예천군 예천읍 동본리	경상북도 예천군 예천읍 동본리	4790025024
경상북도 예천군 예천읍 백전리	경상북도 예천군 예천읍 백전리	4790025023
경상북도 예천군 예천읍 상동리	경상북도 예천군 예천읍 상동리	4790025039
경상북도 예천군 예천읍 생천리	경상북도 예천군 예천읍 생천리	4790025036
경상북도 예천군 예천읍 서본리	경상북도 예천군 예천읍 서본리	4790025026
경상북도 예천군 예천읍 석정리	경상북도 예천군 예천읍 석정리	4790025028
경상북도 예천군 예천읍 왕신리	경상북도 예천군 예천읍 왕신리	4790025031
경상북도 예천군 예천읍 용산리	경상북도 예천군 예천읍 용산리	4790025037
경상북도 예천군 예천읍 우계리	경상북도 예천군 예천읍 우계리	4790025034
경상북도 예천군 예천읍 지내리	경상북도 예천군 예천읍 지내리	4790025029
경상북도 예천군 예천읍 청복리	경상북도 예천군 예천읍 청복리	4790025032
경상북도 예천군 예천읍 통명리	경상북도 예천군 예천읍 통명리	4790025033
경상북도 예천군 용궁면 가야리	경상북도 예천군 용궁면 가야리	4790038023
경상북도 예천군 용궁면 금남리	경상북도 예천군 용궁면 금남리	4790038022
경상북도 예천군 용궁면 대은리	경상북도 예천군 용궁면 대은리	4790038026
경상북도 예천군 용궁면 덕계리	경상북도 예천군 용궁면 덕계리	4790038031
경상북도 예천군 용궁면 무이리	경상북도 예천군 용궁면 무이리	4790038024
경상북도 예천군 용궁면 무지리	경상북도 예천군 용궁면 무지리	4790038027
경상북도 예천군 용궁면 산택리	경상북도 예천군 용궁면 산택리	4790038028
경상북도 예천군 용궁면 송암리	경상북도 예천군 용궁면 송암리	4790038030
경상북도 예천군 용궁면 월오리	경상북도 예천군 용궁면 월오리	4790038029
경상북도 예천군 용궁면 읍부리	경상북도 예천군 용궁면 읍부리	4790038021
경상북도 예천군 용궁면 향석리	경상북도 예천군 용궁면 향석리	4790038025
경상북도 예천군 용문면 구계리	경상북도 예천군 용문면 구계리	4790031045
경상북도 예천군 용문면 내지리	경상북도 예천군 용문면 내지리	4790031050
경상북도 예천군 용문면 노사리	경상북도 예천군 용문면 노사리	4790031044
경상북도 예천군 용문면 능천리	경상북도 예천군 용문면 능천리	4790031053
경상북도 예천군 용문면 대제리	경상북도 예천군 용문면 대제리	4790031055
경상북도 예천군 용문면 덕신리	경상북도 예천군 용문면 덕신리	4790031042
경상북도 예천군 용문면 두천리	경상북도 예천군 용문면 두천리	4790031048
경상북도 예천군 용문면 방송리	경상북도 예천군 용문면 방송리	4790031043
경상북도 예천군 용문면 사부리	경상북도 예천군 용문면 사부리	4790031049
경상북도 예천군 용문면 상금곡리	경상북도 예천군 용문면 상금곡리	4790031039
경상북도 예천군 용문면 선리	경상북도 예천군 용문면 선리	4790031052
경상북도 예천군 용문면 성현리	경상북도 예천군 용문면 성현리	4790031041
경상북도 예천군 용문면 원류리	경상북도 예천군 용문면 원류리	4790031051
경상북도 예천군 용문면 제곡리	경상북도 예천군 용문면 제곡리	4790031054
경상북도 예천군 용문면 죽림리	경상북도 예천군 용문면 죽림리	4790031046
경상북도 예천군 용문면 직리	경상북도 예천군 용문면 직리	4790031047
경상북도 예천군 용문면 하금곡리	경상북도 예천군 용문면 하금곡리	4790031040
경상북도 예천군 용문면 하학리	경상북도 예천군 용문면 하학리	4790031056
경상북도 예천군 유천면 가리	경상북도 예천군 유천면 가리	4790037060
경상북도 예천군 유천면 고림리	경상북도 예천군 유천면 고림리	4790037053
경상북도 예천군 유천면 고산리	경상북도 예천군 유천면 고산리	4790037042
경상북도 예천군 유천면 광전리	경상북도 예천군 유천면 광전리	4790037044
경상북도 예천군 유천면 마천리	경상북도 예천군 유천면 마천리	4790037050
경상북도 예천군 유천면 매산리	경상북도 예천군 유천면 매산리	4790037059
경상북도 예천군 유천면 사곡리	경상북도 예천군 유천면 사곡리	4790037052
경상북도 예천군 유천면 성평리	경상북도 예천군 유천면 성평리	4790037043
경상북도 예천군 유천면 손기리	경상북도 예천군 유천면 손기리	4790037045
경상북도 예천군 유천면 송전리	경상북도 예천군 유천면 송전리	4790037047
경상북도 예천군 유천면 송지리	경상북도 예천군 유천면 송지리	4790037054
경상북도 예천군 유천면 수심리	경상북도 예천군 유천면 수심리	4790037046
경상북도 예천군 유천면 연천리	경상북도 예천군 유천면 연천리	4790037056
경상북도 예천군 유천면 용암리	경상북도 예천군 유천면 용암리	4790037057
경상북도 예천군 유천면 율현리	경상북도 예천군 유천면 율현리	4790037055
경상북도 예천군 유천면 죽안리	경상북도 예천군 유천면 죽안리	4790037049
경상북도 예천군 유천면 중평리	경상북도 예천군 유천면 중평리	4790037048
경상북도 예천군 유천면 초적리	경상북도 예천군 유천면 초적리	4790037058
경상북도 예천군 유천면 화전리	경상북도 예천군 유천면 화전리	4790037051
경상북도 예천군 유천면 화지리	경상북도 예천군 유천면 화지리	4790037041
경상북도 예천군 은풍면 금곡리	경상북도 예천군 은풍면 금곡리	4790043026
경상북도 예천군 은풍면 동사리	경상북도 예천군 은풍면 동사리	4790043023
경상북도 예천군 은풍면 부초리	경상북도 예천군 은풍면 부초리	4790043029
경상북도 예천군 은풍면 송월리	경상북도 예천군 은풍면 송월리	4790043025
경상북도 예천군 은풍면 시항리	경상북도 예천군 은풍면 시항리	4790043030
경상북도 예천군 은풍면 오류리	경상북도 예천군 은풍면 오류리	4790043027
경상북도 예천군 은풍면 우곡리	경상북도 예천군 은풍면 우곡리	4790043021
경상북도 예천군 은풍면 율곡리	경상북도 예천군 은풍면 율곡리	4790043028
경상북도 예천군 은풍면 은산리	경상북도 예천군 은풍면 은산리	4790043024
경상북도 예천군 은풍면 탑리	경상북도 예천군 은풍면 탑리	4790043022
경상북도 예천군 지보면 대죽리	경상북도 예천군 지보면 대죽리	4790040026
경상북도 예천군 지보면 도장리	경상북도 예천군 지보면 도장리	4790040034
경상북도 예천군 지보면 도화리	경상북도 예천군 지보면 도화리	4790040024
경상북도 예천군 지보면 마산리	경상북도 예천군 지보면 마산리	4790040035
경상북도 예천군 지보면 마전리	경상북도 예천군 지보면 마전리	4790040022
경상북도 예천군 지보면 만화리	경상북도 예천군 지보면 만화리	4790040032
경상북도 예천군 지보면 매창리	경상북도 예천군 지보면 매창리	4790040033
경상북도 예천군 지보면 상월리	경상북도 예천군 지보면 상월리	4790040031
경상북도 예천군 지보면 소화리	경상북도 예천군 지보면 소화리	4790040021
경상북도 예천군 지보면 송평리	경상북도 예천군 지보면 송평리	4790040029
경상북도 예천군 지보면 수월리	경상북도 예천군 지보면 수월리	4790040030
경상북도 예천군 지보면 신풍리	경상북도 예천군 지보면 신풍리	4790040025
경상북도 예천군 지보면 암천리	경상북도 예천군 지보면 암천리	4790040027
경상북도 예천군 지보면 어신리	경상북도 예천군 지보면 어신리	4790040028
경상북도 예천군 지보면 지보리	경상북도 예천군 지보면 지보리	4790040023
경상북도 예천군 풍양면 고산리	경상북도 예천군 풍양면 고산리	4790041038
경상북도 예천군 풍양면 공덕리	경상북도 예천군 풍양면 공덕리	4790041039
경상북도 예천군 풍양면 괴당리	경상북도 예천군 풍양면 괴당리	4790041037
경상북도 예천군 풍양면 낙상리	경상북도 예천군 풍양면 낙상리	4790041040
경상북도 예천군 풍양면 삼강리	경상북도 예천군 풍양면 삼강리	4790041027
경상북도 예천군 풍양면 오지리	경상북도 예천군 풍양면 오지리	4790041028
경상북도 예천군 풍양면 와룡리	경상북도 예천군 풍양면 와룡리	4790041041
경상북도 예천군 풍양면 우망리	경상북도 예천군 풍양면 우망리	4790041021
경상북도 예천군 풍양면 청곡리	경상북도 예천군 풍양면 청곡리	4790041022
경상북도 예천군 풍양면 청운리	경상북도 예천군 풍양면 청운리	4790041025
경상북도 예천군 풍양면 풍신리	경상북도 예천군 풍양면 풍신리	4790041036
경상북도 예천군 풍양면 하풍리	경상북도 예천군 풍양면 하풍리	4790041026
경상북도 예천군 풍양면 효갈리	경상북도 예천군 풍양면 효갈리	4790041042
경상북도 예천군 풍양면 흔효리	경상북도 예천군 풍양면 흔효리	4790041023
경상북도 예천군 풍양면 흥천리	경상북도 예천군 풍양면 흥천리	4790041024
경상북도 예천군 호명면 금능리	경상북도 예천군 호명면 금능리	4790036040
경상북도 예천군 호명면 내신리	경상북도 예천군 호명면 내신리	4790036051
경상북도 예천군 호명면 담암리	경상북도 예천군 호명면 담암리	4790036052
경상북도 예천군 호명면 백송리	경상북도 예천군 호명면 백송리	4790036045
경상북도 예천군 호명면 본리	경상북도 예천군 호명면 본리	4790036042
경상북도 예천군 호명면 본포리	경상북도 예천군 호명면 본포리	4790036037
경상북도 예천군 호명면 산합리	경상북도 예천군 호명면 산합리	4790036046
경상북도 예천군 호명면 송곡리	경상북도 예천군 호명면 송곡리	4790036039
경상북도 예천군 호명면 오천리	경상북도 예천군 호명면 오천리	4790036044
경상북도 예천군 호명면 원곡리	경상북도 예천군 호명면 원곡리	4790036038
경상북도 예천군 호명면 월포리	경상북도 예천군 호명면 월포리	4790036049
경상북도 예천군 호명면 종산리	경상북도 예천군 호명면 종산리	4790036050
경상북도 예천군 호명면 직산리	경상북도 예천군 호명면 직산리	4790036047
경상북도 예천군 호명면 한어리	경상북도 예천군 호명면 한어리	4790036041
경상북도 예천군 호명면 형호리	경상북도 예천군 호명면 형호리	4790036043
경상북도 예천군 호명면 황지리	경상북도 예천군 호명면 황지리	4790036048
경상북도 예천군 효자면 고항리	경상북도 예천군 효자면 고항리	4790042028
경상북도 예천군 효자면 도촌리	경상북도 예천군 효자면 도촌리	4790042021
경상북도 예천군 효자면 두성리	경상북도 예천군 효자면 두성리	4790042025
경상북도 예천군 효자면 명봉리	경상북도 예천군 효자면 명봉리	4790042023
경상북도 예천군 효자면 백석리	경상북도 예천군 효자면 백석리	4790042026
경상북도 예천군 효자면 보곡리	경상북도 예천군 효자면 보곡리	4790042030
경상북도 예천군 효자면 사곡리	경상북도 예천군 효자면 사곡리	4790042022
경상북도 예천군 효자면 석묘리	경상북도 예천군 효자면 석묘리	4790042029
경상북도 예천군 효자면 용두리	경상북도 예천군 효자면 용두리	4790042024
경상북도 예천군 효자면 초항리	경상북도 예천군 효자면 초항리	4790042027
경상북도 울릉군 북면 나리	경상북도 울릉군 북면 나리	4794032025
경상북도 울릉군 북면 천부리	경상북도 울릉군 북면 천부리	4794032024
경상북도 울릉군 북면 현포리	경상북도 울릉군 북면 현포리	4794032026
경상북도 울릉군 서면 남서리	경상북도 울릉군 서면 남서리	4794031025
경상북도 울릉군 서면 남양리	경상북도 울릉군 서면 남양리	4794031024
경상북도 울릉군 서면 태하리	경상북도 울릉군 서면 태하리	4794031026
경상북도 울릉군 울릉읍 도동리	경상북도 울릉군 울릉읍 도동리	4794025024
경상북도 울릉군 울릉읍 사동리	경상북도 울릉군 울릉읍 사동리	4794025026
경상북도 울릉군 울릉읍 저동리	경상북도 울릉군 울릉읍 저동리	4794025025
경상북도 울진군 근남면 구산리	경상북도 울진군 근남면 구산리	4793033025
경상북도 울진군 근남면 노음리	경상북도 울진군 근남면 노음리	4793033021
경상북도 울진군 근남면 산포리	경상북도 울진군 근남면 산포리	4793033027
경상북도 울진군 근남면 수곡리	경상북도 울진군 근남면 수곡리	4793033024
경상북도 울진군 근남면 수산리	경상북도 울진군 근남면 수산리	4793033022
경상북도 울진군 근남면 진복리	경상북도 울진군 근남면 진복리	4793033026
경상북도 울진군 근남면 행곡리	경상북도 울진군 근남면 행곡리	4793033023
경상북도 울진군 금강송면 광회리	경상북도 울진군 금강송면 광회리	4793039027
경상북도 울진군 금강송면 삼근리	경상북도 울진군 금강송면 삼근리	4793039021
경상북도 울진군 금강송면 소광리	경상북도 울진군 금강송면 소광리	4793039025
경상북도 울진군 금강송면 쌍전리	경상북도 울진군 금강송면 쌍전리	4793039024
경상북도 울진군 금강송면 왕피리	경상북도 울진군 금강송면 왕피리	4793039023
경상북도 울진군 금강송면 전곡리	경상북도 울진군 금강송면 전곡리	4793039026
경상북도 울진군 금강송면 하원리	경상북도 울진군 금강송면 하원리	4793039022
경상북도 울진군 기성면 구산리	경상북도 울진군 기성면 구산리	4793035031
경상북도 울진군 기성면 기성리	경상북도 울진군 기성면 기성리	4793035022
경상북도 울진군 기성면 다천리	경상북도 울진군 기성면 다천리	4793035028
경상북도 울진군 기성면 망양리	경상북도 울진군 기성면 망양리	4793035024
경상북도 울진군 기성면 방율리	경상북도 울진군 기성면 방율리	4793035026
경상북도 울진군 기성면 봉산리	경상북도 울진군 기성면 봉산리	4793035032
경상북도 울진군 기성면 사동리	경상북도 울진군 기성면 사동리	4793035023
경상북도 울진군 기성면 삼산리	경상북도 울진군 기성면 삼산리	4793035025
경상북도 울진군 기성면 이평리	경상북도 울진군 기성면 이평리	4793035027
경상북도 울진군 기성면 정명리	경상북도 울진군 기성면 정명리	4793035029
경상북도 울진군 기성면 척산리	경상북도 울진군 기성면 척산리	4793035021
경상북도 울진군 기성면 황보리	경상북도 울진군 기성면 황보리	4793035030
경상북도 울진군 매화면 갈면리	경상북도 울진군 매화면 갈면리	4793040027
경상북도 울진군 매화면 금매리	경상북도 울진군 매화면 금매리	4793040022
경상북도 울진군 매화면 기양리	경상북도 울진군 매화면 기양리	4793040026
경상북도 울진군 매화면 길곡리	경상북도 울진군 매화면 길곡리	4793040028
경상북도 울진군 매화면 덕신리	경상북도 울진군 매화면 덕신리	4793040024
경상북도 울진군 매화면 매화리	경상북도 울진군 매화면 매화리	4793040021
경상북도 울진군 매화면 신흥리	경상북도 울진군 매화면 신흥리	4793040025
경상북도 울진군 매화면 오산리	경상북도 울진군 매화면 오산리	4793040023
경상북도 울진군 북면 검성리	경상북도 울진군 북면 검성리	4793031023
경상북도 울진군 북면 고목리	경상북도 울진군 북면 고목리	4793031031
경상북도 울진군 북면 나곡리	경상북도 울진군 북면 나곡리	4793031022
경상북도 울진군 북면 덕구리	경상북도 울진군 북면 덕구리	4793031025
경상북도 울진군 북면 덕천리	경상북도 울진군 북면 덕천리	4793031033
경상북도 울진군 북면 두천리	경상북도 울진군 북면 두천리	4793031027
경상북도 울진군 북면 부구리	경상북도 울진군 북면 부구리	4793031021
경상북도 울진군 북면 사계리	경상북도 울진군 북면 사계리	4793031029
경상북도 울진군 북면 상당리	경상북도 울진군 북면 상당리	4793031026
경상북도 울진군 북면 소곡리	경상북도 울진군 북면 소곡리	4793031030
경상북도 울진군 북면 신화리	경상북도 울진군 북면 신화리	4793031032
경상북도 울진군 북면 주인리	경상북도 울진군 북면 주인리	4793031024
경상북도 울진군 북면 하당리	경상북도 울진군 북면 하당리	4793031028
경상북도 울진군 온정면 광품리	경상북도 울진군 온정면 광품리	4793036027
경상북도 울진군 온정면 금천리	경상북도 울진군 온정면 금천리	4793036026
경상북도 울진군 온정면 덕산리	경상북도 울진군 온정면 덕산리	4793036024
경상북도 울진군 온정면 덕인리	경상북도 울진군 온정면 덕인리	4793036025
경상북도 울진군 온정면 선구리	경상북도 울진군 온정면 선구리	4793036028
경상북도 울진군 온정면 소태리	경상북도 울진군 온정면 소태리	4793036021
경상북도 울진군 온정면 온정리	경상북도 울진군 온정면 온정리	4793036022
경상북도 울진군 온정면 외선미리	경상북도 울진군 온정면 외선미리	4793036029
경상북도 울진군 온정면 조금리	경상북도 울진군 온정면 조금리	4793036023
경상북도 울진군 울진읍 고성리	경상북도 울진군 울진읍 고성리	4793025026
경상북도 울진군 울진읍 대흥리	경상북도 울진군 울진읍 대흥리	4793025029
경상북도 울진군 울진읍 명도리	경상북도 울진군 울진읍 명도리	4793025025
경상북도 울진군 울진읍 신림리	경상북도 울진군 울진읍 신림리	4793025028
경상북도 울진군 울진읍 연지리	경상북도 울진군 울진읍 연지리	4793025023
경상북도 울진군 울진읍 온양리	경상북도 울진군 울진읍 온양리	4793025024
경상북도 울진군 울진읍 읍남리	경상북도 울진군 울진읍 읍남리	4793025022
경상북도 울진군 울진읍 읍내리	경상북도 울진군 울진읍 읍내리	4793025021
경상북도 울진군 울진읍 정림리	경상북도 울진군 울진읍 정림리	4793025027
경상북도 울진군 울진읍 호월리	경상북도 울진군 울진읍 호월리	4793025030
경상북도 울진군 죽변면 봉평리	경상북도 울진군 죽변면 봉평리	4793037024
경상북도 울진군 죽변면 죽변리	경상북도 울진군 죽변면 죽변리	4793037021
경상북도 울진군 죽변면 화성리	경상북도 울진군 죽변면 화성리	4793037023
경상북도 울진군 죽변면 후정리	경상북도 울진군 죽변면 후정리	4793037022
경상북도 울진군 평해읍 거일리	경상북도 울진군 평해읍 거일리	4793025327
경상북도 울진군 평해읍 삼달리	경상북도 울진군 평해읍 삼달리	4793025323
경상북도 울진군 평해읍 오곡리	경상북도 울진군 평해읍 오곡리	4793025324
경상북도 울진군 평해읍 월송리	경상북도 울진군 평해읍 월송리	4793025325
경상북도 울진군 평해읍 직산리	경상북도 울진군 평해읍 직산리	4793025326
경상북도 울진군 평해읍 평해리	경상북도 울진군 평해읍 평해리	4793025321
경상북도 울진군 평해읍 학곡리	경상북도 울진군 평해읍 학곡리	4793025322
경상북도 울진군 후포면 금음리	경상북도 울진군 후포면 금음리	4793038023
경상북도 울진군 후포면 삼율리	경상북도 울진군 후포면 삼율리	4793038022
경상북도 울진군 후포면 후포리	경상북도 울진군 후포면 후포리	4793038021
경상북도 의성군 가음면 가산리	경상북도 의성군 가음면 가산리	4773036031
경상북도 의성군 가음면 귀천리	경상북도 의성군 가음면 귀천리	4773036032
경상북도 의성군 가음면 순호리	경상북도 의성군 가음면 순호리	4773036033
경상북도 의성군 가음면 양지리	경상북도 의성군 가음면 양지리	4773036030
경상북도 의성군 가음면 이리	경상북도 의성군 가음면 이리	4773036029
경상북도 의성군 가음면 장리	경상북도 의성군 가음면 장리	4773036028
경상북도 의성군 가음면 현리리	경상북도 의성군 가음면 현리리	4773036034
경상북도 의성군 구천면 내산리	경상북도 의성군 구천면 내산리	4773040037
경상북도 의성군 구천면 모흥리	경상북도 의성군 구천면 모흥리	4773040032
경상북도 의성군 구천면 미천리	경상북도 의성군 구천면 미천리	4773040039
경상북도 의성군 구천면 소호리	경상북도 의성군 구천면 소호리	4773040035
경상북도 의성군 구천면 용사리	경상북도 의성군 구천면 용사리	4773040036
경상북도 의성군 구천면 위성리	경상북도 의성군 구천면 위성리	4773040031
경상북도 의성군 구천면 유산리	경상북도 의성군 구천면 유산리	4773040038
경상북도 의성군 구천면 장국리	경상북도 의성군 구천면 장국리	4773040034
경상북도 의성군 구천면 조성리	경상북도 의성군 구천면 조성리	4773040033
경상북도 의성군 구천면 청산리	경상북도 의성군 구천면 청산리	4773040040
경상북도 의성군 금성면 개일리	경상북도 의성군 금성면 개일리	4773037047
경상북도 의성군 금성면 구련리	경상북도 의성군 금성면 구련리	4773037044
경상북도 의성군 금성면 대리리	경상북도 의성군 금성면 대리리	4773037037
경상북도 의성군 금성면 도경리	경상북도 의성군 금성면 도경리	4773037046
경상북도 의성군 금성면 만천리	경상북도 의성군 금성면 만천리	4773037041
경상북도 의성군 금성면 명덕리	경상북도 의성군 금성면 명덕리	4773037045
경상북도 의성군 금성면 산운리	경상북도 의성군 금성면 산운리	4773037049
경상북도 의성군 금성면 수정리	경상북도 의성군 금성면 수정리	4773037050
경상북도 의성군 금성면 운곡리	경상북도 의성군 금성면 운곡리	4773037040
경상북도 의성군 금성면 제오리	경상북도 의성군 금성면 제오리	4773037039
경상북도 의성군 금성면 청로리	경상북도 의성군 금성면 청로리	4773037048
경상북도 의성군 금성면 초전리	경상북도 의성군 금성면 초전리	4773037043
경상북도 의성군 금성면 탑리리	경상북도 의성군 금성면 탑리리	4773037036
경상북도 의성군 금성면 하리	경상북도 의성군 금성면 하리	4773037042
경상북도 의성군 금성면 학미리	경상북도 의성군 금성면 학미리	4773037038
경상북도 의성군 다인면 가원리	경상북도 의성군 다인면 가원리	4773044038
경상북도 의성군 다인면 달제리	경상북도 의성군 다인면 달제리	4773044047
경상북도 의성군 다인면 덕미리	경상북도 의성군 다인면 덕미리	4773044043
경상북도 의성군 다인면 덕지리	경상북도 의성군 다인면 덕지리	4773044042
경상북도 의성군 다인면 도암리	경상북도 의성군 다인면 도암리	4773044040
경상북도 의성군 다인면 봉정리	경상북도 의성군 다인면 봉정리	4773044046
경상북도 의성군 다인면 산내리	경상북도 의성군 다인면 산내리	4773044037
경상북도 의성군 다인면 삼분리	경상북도 의성군 다인면 삼분리	4773044048
경상북도 의성군 다인면 서릉리	경상북도 의성군 다인면 서릉리	4773044036
경상북도 의성군 다인면 송호리	경상북도 의성군 다인면 송호리	4773044039
경상북도 의성군 다인면 신락리	경상북도 의성군 다인면 신락리	4773044050
경상북도 의성군 다인면 양서리	경상북도 의성군 다인면 양서리	4773044044
경상북도 의성군 다인면 외정리	경상북도 의성군 다인면 외정리	4773044049
경상북도 의성군 다인면 용곡리	경상북도 의성군 다인면 용곡리	4773044045
경상북도 의성군 다인면 용무리	경상북도 의성군 다인면 용무리	4773044051
경상북도 의성군 다인면 평림리	경상북도 의성군 다인면 평림리	4773044041
경상북도 의성군 단밀면 낙정리	경상북도 의성군 단밀면 낙정리	4773041036
경상북도 의성군 단밀면 생송리	경상북도 의성군 단밀면 생송리	4773041035
경상북도 의성군 단밀면 서제리	경상북도 의성군 단밀면 서제리	4773041033
경상북도 의성군 단밀면 속암리	경상북도 의성군 단밀면 속암리	4773041029
경상북도 의성군 단밀면 용곡리	경상북도 의성군 단밀면 용곡리	4773041030
경상북도 의성군 단밀면 위중리	경상북도 의성군 단밀면 위중리	4773041031
경상북도 의성군 단밀면 주선리	경상북도 의성군 단밀면 주선리	4773041032
경상북도 의성군 단밀면 팔등리	경상북도 의성군 단밀면 팔등리	4773041034
경상북도 의성군 단북면 노연리	경상북도 의성군 단북면 노연리	4773042029
경상북도 의성군 단북면 성암리	경상북도 의성군 단북면 성암리	4773042033
경상북도 의성군 단북면 신하리	경상북도 의성군 단북면 신하리	4773042034
경상북도 의성군 단북면 연제리	경상북도 의성군 단북면 연제리	4773042031
경상북도 의성군 단북면 이연리	경상북도 의성군 단북면 이연리	4773042028
경상북도 의성군 단북면 정안리	경상북도 의성군 단북면 정안리	4773042030
경상북도 의성군 단북면 효제리	경상북도 의성군 단북면 효제리	4773042032
경상북도 의성군 단촌면 관덕리	경상북도 의성군 단촌면 관덕리	4773031033
경상북도 의성군 단촌면 구계리	경상북도 의성군 단촌면 구계리	4773031035
경상북도 의성군 단촌면 방하리	경상북도 의성군 단촌면 방하리	4773031036
경상북도 의성군 단촌면 병방리	경상북도 의성군 단촌면 병방리	4773031034
경상북도 의성군 단촌면 상화리	경상북도 의성군 단촌면 상화리	4773031032
경상북도 의성군 단촌면 세촌리	경상북도 의성군 단촌면 세촌리	4773031030
경상북도 의성군 단촌면 장림리	경상북도 의성군 단촌면 장림리	4773031037
경상북도 의성군 단촌면 하화리	경상북도 의성군 단촌면 하화리	4773031031
경상북도 의성군 단촌면 후평리	경상북도 의성군 단촌면 후평리	4773031038
경상북도 의성군 봉양면 구미리	경상북도 의성군 봉양면 구미리	4773038042
경상북도 의성군 봉양면 구산리	경상북도 의성군 봉양면 구산리	4773038037
경상북도 의성군 봉양면 길천리	경상북도 의성군 봉양면 길천리	4773038043
경상북도 의성군 봉양면 도원리	경상북도 의성군 봉양면 도원리	4773038039
경상북도 의성군 봉양면 문흥리	경상북도 의성군 봉양면 문흥리	4773038044
경상북도 의성군 봉양면 분토리	경상북도 의성군 봉양면 분토리	4773038045
경상북도 의성군 봉양면 사부리	경상북도 의성군 봉양면 사부리	4773038041
경상북도 의성군 봉양면 삼산리	경상북도 의성군 봉양면 삼산리	4773038034
경상북도 의성군 봉양면 신평리	경상북도 의성군 봉양면 신평리	4773038038
경상북도 의성군 봉양면 안평리	경상북도 의성군 봉양면 안평리	4773038046
경상북도 의성군 봉양면 장대리	경상북도 의성군 봉양면 장대리	4773038035
경상북도 의성군 봉양면 풍리리	경상북도 의성군 봉양면 풍리리	4773038036
경상북도 의성군 봉양면 화전리	경상북도 의성군 봉양면 화전리	4773038040
경상북도 의성군 비안면 도암리	경상북도 의성군 비안면 도암리	4773039047
경상북도 의성군 비안면 동부리	경상북도 의성군 비안면 동부리	4773039035
경상북도 의성군 비안면 산제리	경상북도 의성군 비안면 산제리	4773039044
경상북도 의성군 비안면 서부리	경상북도 의성군 비안면 서부리	4773039036
경상북도 의성군 비안면 쌍계리	경상북도 의성군 비안면 쌍계리	4773039046
경상북도 의성군 비안면 옥연리	경상북도 의성군 비안면 옥연리	4773039037
경상북도 의성군 비안면 외곡리	경상북도 의성군 비안면 외곡리	4773039041
경상북도 의성군 비안면 용남리	경상북도 의성군 비안면 용남리	4773039039
경상북도 의성군 비안면 용천리	경상북도 의성군 비안면 용천리	4773039038
경상북도 의성군 비안면 이두리	경상북도 의성군 비안면 이두리	4773039040
경상북도 의성군 비안면 자락리	경상북도 의성군 비안면 자락리	4773039042
경상북도 의성군 비안면 장춘리	경상북도 의성군 비안면 장춘리	4773039048
경상북도 의성군 비안면 현산리	경상북도 의성군 비안면 현산리	4773039043
경상북도 의성군 비안면 화신리	경상북도 의성군 비안면 화신리	4773039045
경상북도 의성군 사곡면 공정리	경상북도 의성군 사곡면 공정리	4773034036
경상북도 의성군 사곡면 매곡리	경상북도 의성군 사곡면 매곡리	4773034035
경상북도 의성군 사곡면 신감리	경상북도 의성군 사곡면 신감리	4773034034
경상북도 의성군 사곡면 신리리	경상북도 의성군 사곡면 신리리	4773034038
경상북도 의성군 사곡면 양지리	경상북도 의성군 사곡면 양지리	4773034031
경상북도 의성군 사곡면 오상리	경상북도 의성군 사곡면 오상리	4773034033
경상북도 의성군 사곡면 음지리	경상북도 의성군 사곡면 음지리	4773034032
경상북도 의성군 사곡면 작승리	경상북도 의성군 사곡면 작승리	4773034039
경상북도 의성군 사곡면 토현리	경상북도 의성군 사곡면 토현리	4773034040
경상북도 의성군 사곡면 화전리	경상북도 의성군 사곡면 화전리	4773034037
경상북도 의성군 신평면 검곡리	경상북도 의성군 신평면 검곡리	4773045038
경상북도 의성군 신평면 교안리	경상북도 의성군 신평면 교안리	4773045037
경상북도 의성군 신평면 덕봉리	경상북도 의성군 신평면 덕봉리	4773045034
경상북도 의성군 신평면 용봉리	경상북도 의성군 신평면 용봉리	4773045033
경상북도 의성군 신평면 중율리	경상북도 의성군 신평면 중율리	4773045035
경상북도 의성군 신평면 청운리	경상북도 의성군 신평면 청운리	4773045036
경상북도 의성군 안계면 교촌리	경상북도 의성군 안계면 교촌리	4773043033
경상북도 의성군 안계면 도덕리	경상북도 의성군 안계면 도덕리	4773043036
경상북도 의성군 안계면 봉양리	경상북도 의성군 안계면 봉양리	4773043035
경상북도 의성군 안계면 시안리	경상북도 의성군 안계면 시안리	4773043038
경상북도 의성군 안계면 안정리	경상북도 의성군 안계면 안정리	4773043034
경상북도 의성군 안계면 양곡리	경상북도 의성군 안계면 양곡리	4773043037
경상북도 의성군 안계면 용기리	경상북도 의성군 안계면 용기리	4773043030
경상북도 의성군 안계면 위양리	경상북도 의성군 안계면 위양리	4773043032
경상북도 의성군 안계면 토매리	경상북도 의성군 안계면 토매리	4773043031
경상북도 의성군 안사면 만리리	경상북도 의성군 안사면 만리리	4773047023
경상북도 의성군 안사면 신수리	경상북도 의성군 안사면 신수리	4773047024
경상북도 의성군 안사면 쌍호리	경상북도 의성군 안사면 쌍호리	4773047026
경상북도 의성군 안사면 안사리	경상북도 의성군 안사면 안사리	4773047022
경상북도 의성군 안사면 월소리	경상북도 의성군 안사면 월소리	4773047025
경상북도 의성군 안사면 중하리	경상북도 의성군 안사면 중하리	4773047021
경상북도 의성군 안평면 괴산리	경상북도 의성군 안평면 괴산리	4773046035
경상북도 의성군 안평면 금곡리	경상북도 의성군 안평면 금곡리	4773046044
경상북도 의성군 안평면 기도리	경상북도 의성군 안평면 기도리	4773046043
경상북도 의성군 안평면 대사리	경상북도 의성군 안평면 대사리	4773046040
경상북도 의성군 안평면 도옥리	경상북도 의성군 안평면 도옥리	4773046041
경상북도 의성군 안평면 마전리	경상북도 의성군 안평면 마전리	4773046042
경상북도 의성군 안평면 박곡리	경상북도 의성군 안평면 박곡리	4773046036
경상북도 의성군 안평면 삼춘리	경상북도 의성군 안평면 삼춘리	4773046046
경상북도 의성군 안평면 석탑리	경상북도 의성군 안평면 석탑리	4773046037
경상북도 의성군 안평면 신안리	경상북도 의성군 안평면 신안리	4773046039
경상북도 의성군 안평면 신월리	경상북도 의성군 안평면 신월리	4773046038
경상북도 의성군 안평면 창길리	경상북도 의성군 안평면 창길리	4773046034
경상북도 의성군 안평면 하령리	경상북도 의성군 안평면 하령리	4773046045
경상북도 의성군 옥산면 감계리	경상북도 의성군 옥산면 감계리	4773033033
경상북도 의성군 옥산면 구성리	경상북도 의성군 옥산면 구성리	4773033031
경상북도 의성군 옥산면 금봉리	경상북도 의성군 옥산면 금봉리	4773033036
경상북도 의성군 옥산면 금학리	경상북도 의성군 옥산면 금학리	4773033040
경상북도 의성군 옥산면 신계리	경상북도 의성군 옥산면 신계리	4773033039
경상북도 의성군 옥산면 실업리	경상북도 의성군 옥산면 실업리	4773033034
경상북도 의성군 옥산면 오류리	경상북도 의성군 옥산면 오류리	4773033035
경상북도 의성군 옥산면 입암리	경상북도 의성군 옥산면 입암리	4773033038
경상북도 의성군 옥산면 전흥리	경상북도 의성군 옥산면 전흥리	4773033037
경상북도 의성군 옥산면 정자리	경상북도 의성군 옥산면 정자리	4773033032
경상북도 의성군 의성읍 도동리	경상북도 의성군 의성읍 도동리	4773025024
경상북도 의성군 의성읍 도서리	경상북도 의성군 의성읍 도서리	4773025025
경상북도 의성군 의성읍 비봉리	경상북도 의성군 의성읍 비봉리	4773025028
경상북도 의성군 의성읍 상리리	경상북도 의성군 의성읍 상리리	4773025023
경상북도 의성군 의성읍 업리	경상북도 의성군 의성읍 업리	4773025033
경상북도 의성군 의성읍 오로리	경상북도 의성군 의성읍 오로리	4773025027
경상북도 의성군 의성읍 용연리	경상북도 의성군 의성읍 용연리	4773025030
경상북도 의성군 의성읍 원당리	경상북도 의성군 의성읍 원당리	4773025031
경상북도 의성군 의성읍 중리리	경상북도 의성군 의성읍 중리리	4773025022
경상북도 의성군 의성읍 철파리	경상북도 의성군 의성읍 철파리	4773025032
경상북도 의성군 의성읍 치선리	경상북도 의성군 의성읍 치선리	4773025026
경상북도 의성군 의성읍 팔성리	경상북도 의성군 의성읍 팔성리	4773025029
경상북도 의성군 의성읍 후죽리	경상북도 의성군 의성읍 후죽리	4773025021
경상북도 의성군 점곡면 구암리	경상북도 의성군 점곡면 구암리	4773032031
경상북도 의성군 점곡면 동변리	경상북도 의성군 점곡면 동변리	4773032033
경상북도 의성군 점곡면 명고리	경상북도 의성군 점곡면 명고리	4773032032
경상북도 의성군 점곡면 사촌리	경상북도 의성군 점곡면 사촌리	4773032034
경상북도 의성군 점곡면 서변리	경상북도 의성군 점곡면 서변리	4773032029
경상북도 의성군 점곡면 송내리	경상북도 의성군 점곡면 송내리	4773032035
경상북도 의성군 점곡면 윤암리	경상북도 의성군 점곡면 윤암리	4773032036
경상북도 의성군 점곡면 황룡리	경상북도 의성군 점곡면 황룡리	4773032030
경상북도 의성군 춘산면 금오리	경상북도 의성군 춘산면 금오리	4773035030
경상북도 의성군 춘산면 금천리	경상북도 의성군 춘산면 금천리	4773035033
경상북도 의성군 춘산면 대사리	경상북도 의성군 춘산면 대사리	4773035032
경상북도 의성군 춘산면 빙계리	경상북도 의성군 춘산면 빙계리	4773035034
경상북도 의성군 춘산면 사미리	경상북도 의성군 춘산면 사미리	4773035035
경상북도 의성군 춘산면 신흥리	경상북도 의성군 춘산면 신흥리	4773035031
경상북도 의성군 춘산면 옥정리	경상북도 의성군 춘산면 옥정리	4773035029
경상북도 의성군 춘산면 효선리	경상북도 의성군 춘산면 효선리	4773035036
경상북도 청도군 각남면 구곡리	경상북도 청도군 각남면 구곡리	4782031034
경상북도 청도군 각남면 녹명리	경상북도 청도군 각남면 녹명리	4782031037
경상북도 청도군 각남면 사리	경상북도 청도군 각남면 사리	4782031038
경상북도 청도군 각남면 신당리	경상북도 청도군 각남면 신당리	4782031036
경상북도 청도군 각남면 예리리	경상북도 청도군 각남면 예리리	4782031035
경상북도 청도군 각남면 옥산리	경상북도 청도군 각남면 옥산리	4782031040
경상북도 청도군 각남면 일곡리	경상북도 청도군 각남면 일곡리	4782031033
경상북도 청도군 각남면 칠성리	경상북도 청도군 각남면 칠성리	4782031031
경상북도 청도군 각남면 함박리	경상북도 청도군 각남면 함박리	4782031039
경상북도 청도군 각남면 화리	경상북도 청도군 각남면 화리	4782031032
경상북도 청도군 각북면 금천리	경상북도 청도군 각북면 금천리	4782033035
경상북도 청도군 각북면 남산리	경상북도 청도군 각북면 남산리	4782033032
경상북도 청도군 각북면 덕촌리	경상북도 청도군 각북면 덕촌리	4782033033
경상북도 청도군 각북면 명대리	경상북도 청도군 각북면 명대리	4782033029
경상북도 청도군 각북면 삼평리	경상북도 청도군 각북면 삼평리	4782033031
경상북도 청도군 각북면 오산리	경상북도 청도군 각북면 오산리	4782033036
경상북도 청도군 각북면 우산리	경상북도 청도군 각북면 우산리	4782033030
경상북도 청도군 각북면 지슬리	경상북도 청도군 각북면 지슬리	4782033034
경상북도 청도군 금천면 갈지리	경상북도 청도군 금천면 갈지리	4782036034
경상북도 청도군 금천면 김전리	경상북도 청도군 금천면 김전리	4782036033
경상북도 청도군 금천면 동곡리	경상북도 청도군 금천면 동곡리	4782036031
경상북도 청도군 금천면 박곡리	경상북도 청도군 금천면 박곡리	4782036039
경상북도 청도군 금천면 방지리	경상북도 청도군 금천면 방지리	4782036036
경상북도 청도군 금천면 사전리	경상북도 청도군 금천면 사전리	4782036032
경상북도 청도군 금천면 소천리	경상북도 청도군 금천면 소천리	4782036035
경상북도 청도군 금천면 신지리	경상북도 청도군 금천면 신지리	4782036038
경상북도 청도군 금천면 오봉리	경상북도 청도군 금천면 오봉리	4782036040
경상북도 청도군 금천면 임당리	경상북도 청도군 금천면 임당리	4782036037
경상북도 청도군 매전면 관하리	경상북도 청도군 매전면 관하리	4782037057
경상북도 청도군 매전면 구촌리	경상북도 청도군 매전면 구촌리	4782037054
경상북도 청도군 매전면 금곡리	경상북도 청도군 매전면 금곡리	4782037043
경상북도 청도군 매전면 금천리	경상북도 청도군 매전면 금천리	4782037058
경상북도 청도군 매전면 남양리	경상북도 청도군 매전면 남양리	4782037041
경상북도 청도군 매전면 내리	경상북도 청도군 매전면 내리	4782037051
경상북도 청도군 매전면 당호리	경상북도 청도군 매전면 당호리	4782037042
경상북도 청도군 매전면 덕산리	경상북도 청도군 매전면 덕산리	4782037059
경상북도 청도군 매전면 동산리	경상북도 청도군 매전면 동산리	4782037044
경상북도 청도군 매전면 두곡리	경상북도 청도군 매전면 두곡리	4782037060
경상북도 청도군 매전면 북지리	경상북도 청도군 매전면 북지리	4782037045
경상북도 청도군 매전면 상평리	경상북도 청도군 매전면 상평리	4782037056
경상북도 청도군 매전면 송원리	경상북도 청도군 매전면 송원리	4782037053
경상북도 청도군 매전면 예전리	경상북도 청도군 매전면 예전리	4782037050
경상북도 청도군 매전면 온막리	경상북도 청도군 매전면 온막리	4782037047
경상북도 청도군 매전면 용산리	경상북도 청도군 매전면 용산리	4782037046
경상북도 청도군 매전면 장연리	경상북도 청도군 매전면 장연리	4782037049
경상북도 청도군 매전면 지전리	경상북도 청도군 매전면 지전리	4782037052
경상북도 청도군 매전면 하평리	경상북도 청도군 매전면 하평리	4782037055
경상북도 청도군 매전면 호화리	경상북도 청도군 매전면 호화리	4782037048
경상북도 청도군 운문면 공암리	경상북도 청도군 운문면 공암리	4782035038
경상북도 청도군 운문면 대천리	경상북도 청도군 운문면 대천리	4782035032
경상북도 청도군 운문면 마일리	경상북도 청도군 운문면 마일리	4782035042
경상북도 청도군 운문면 방음리	경상북도 청도군 운문면 방음리	4782035034
경상북도 청도군 운문면 방지리	경상북도 청도군 운문면 방지리	4782035043
경상북도 청도군 운문면 봉하리	경상북도 청도군 운문면 봉하리	4782035040
경상북도 청도군 운문면 서지리	경상북도 청도군 운문면 서지리	4782035037
경상북도 청도군 운문면 순지리	경상북도 청도군 운문면 순지리	4782035033
경상북도 청도군 운문면 신원리	경상북도 청도군 운문면 신원리	4782035036
경상북도 청도군 운문면 오진리	경상북도 청도군 운문면 오진리	4782035035
경상북도 청도군 운문면 정상리	경상북도 청도군 운문면 정상리	4782035041
경상북도 청도군 운문면 지촌리	경상북도 청도군 운문면 지촌리	4782035039
경상북도 청도군 이서면 가금리	경상북도 청도군 이서면 가금리	4782034040
경상북도 청도군 이서면 각계리	경상북도 청도군 이서면 각계리	4782034043
경상북도 청도군 이서면 고철리	경상북도 청도군 이서면 고철리	4782034049
경상북도 청도군 이서면 구라리	경상북도 청도군 이서면 구라리	4782034041
경상북도 청도군 이서면 금촌리	경상북도 청도군 이서면 금촌리	4782034046
경상북도 청도군 이서면 대곡리	경상북도 청도군 이서면 대곡리	4782034053
경상북도 청도군 이서면 대전리	경상북도 청도군 이서면 대전리	4782034039
경상북도 청도군 이서면 문수리	경상북도 청도군 이서면 문수리	4782034048
경상북도 청도군 이서면 서원리	경상북도 청도군 이서면 서원리	4782034042
경상북도 청도군 이서면 수야리	경상북도 청도군 이서면 수야리	4782034045
경상북도 청도군 이서면 신촌리	경상북도 청도군 이서면 신촌리	4782034051
경상북도 청도군 이서면 양원리	경상북도 청도군 이서면 양원리	4782034050
경상북도 청도군 이서면 칠곡리	경상북도 청도군 이서면 칠곡리	4782034052
경상북도 청도군 이서면 칠엽리	경상북도 청도군 이서면 칠엽리	4782034038
경상북도 청도군 이서면 팔조리	경상북도 청도군 이서면 팔조리	4782034054
경상북도 청도군 이서면 학산리	경상북도 청도군 이서면 학산리	4782034044
경상북도 청도군 이서면 흥선리	경상북도 청도군 이서면 흥선리	4782034055
경상북도 청도군 청도읍 거연리	경상북도 청도군 청도읍 거연리	4782025333
경상북도 청도군 청도읍 고수리	경상북도 청도군 청도읍 고수리	4782025321
경상북도 청도군 청도읍 구미리	경상북도 청도군 청도읍 구미리	4782025330
경상북도 청도군 청도읍 내리	경상북도 청도군 청도읍 내리	4782025325
경상북도 청도군 청도읍 내호리	경상북도 청도군 청도읍 내호리	4782025340
경상북도 청도군 청도읍 덕암리	경상북도 청도군 청도읍 덕암리	4782025324
경상북도 청도군 청도읍 무등리	경상북도 청도군 청도읍 무등리	4782025323
경상북도 청도군 청도읍 부야리	경상북도 청도군 청도읍 부야리	4782025328
경상북도 청도군 청도읍 사촌리	경상북도 청도군 청도읍 사촌리	4782025341
경상북도 청도군 청도읍 상리	경상북도 청도군 청도읍 상리	4782025335
경상북도 청도군 청도읍 송읍리	경상북도 청도군 청도읍 송읍리	4782025322
경상북도 청도군 청도읍 신도리	경상북도 청도군 청도읍 신도리	4782025334
경상북도 청도군 청도읍 안인리	경상북도 청도군 청도읍 안인리	4782025326
경상북도 청도군 청도읍 운산리	경상북도 청도군 청도읍 운산리	4782025327
경상북도 청도군 청도읍 원리	경상북도 청도군 청도읍 원리	4782025332
경상북도 청도군 청도읍 원정리	경상북도 청도군 청도읍 원정리	4782025329
경상북도 청도군 청도읍 월곡리	경상북도 청도군 청도읍 월곡리	4782025331
경상북도 청도군 청도읍 유호리	경상북도 청도군 청도읍 유호리	4782025339
경상북도 청도군 청도읍 음지리	경상북도 청도군 청도읍 음지리	4782025337
경상북도 청도군 청도읍 초현리	경상북도 청도군 청도읍 초현리	4782025338
경상북도 청도군 청도읍 평양리	경상북도 청도군 청도읍 평양리	4782025336
경상북도 청도군 풍각면 금곡리	경상북도 청도군 풍각면 금곡리	4782032039
경상북도 청도군 풍각면 덕양리	경상북도 청도군 풍각면 덕양리	4782032044
경상북도 청도군 풍각면 봉기리	경상북도 청도군 풍각면 봉기리	4782032034
경상북도 청도군 풍각면 성곡리	경상북도 청도군 풍각면 성곡리	4782032036
경상북도 청도군 풍각면 송서리	경상북도 청도군 풍각면 송서리	4782032033
경상북도 청도군 풍각면 수월리	경상북도 청도군 풍각면 수월리	4782032037
경상북도 청도군 풍각면 안산리	경상북도 청도군 풍각면 안산리	4782032040
경상북도 청도군 풍각면 월봉리	경상북도 청도군 풍각면 월봉리	4782032042
경상북도 청도군 풍각면 차산리	경상북도 청도군 풍각면 차산리	4782032043
경상북도 청도군 풍각면 현리리	경상북도 청도군 풍각면 현리리	4782032035
경상북도 청도군 풍각면 화산리	경상북도 청도군 풍각면 화산리	4782032038
경상북도 청도군 풍각면 흑석리	경상북도 청도군 풍각면 흑석리	4782032041
경상북도 청도군 화양읍 고평리	경상북도 청도군 화양읍 고평리	4782025030
경상북도 청도군 화양읍 교촌리	경상북도 청도군 화양읍 교촌리	4782025024
경상북도 청도군 화양읍 눌미리	경상북도 청도군 화양읍 눌미리	4782025029
경상북도 청도군 화양읍 다로리	경상북도 청도군 화양읍 다로리	4782025034
경상북도 청도군 화양읍 동상리	경상북도 청도군 화양읍 동상리	4782025021
경상북도 청도군 화양읍 동천리	경상북도 청도군 화양읍 동천리	4782025025
경상북도 청도군 화양읍 범곡리	경상북도 청도군 화양읍 범곡리	4782025027
경상북도 청도군 화양읍 삼신리	경상북도 청도군 화양읍 삼신리	4782025033
경상북도 청도군 화양읍 서상리	경상북도 청도군 화양읍 서상리	4782025022
경상북도 청도군 화양읍 소라리	경상북도 청도군 화양읍 소라리	4782025031
경상북도 청도군 화양읍 송금리	경상북도 청도군 화양읍 송금리	4782025035
경상북도 청도군 화양읍 송북리	경상북도 청도군 화양읍 송북리	4782025028
경상북도 청도군 화양읍 신봉리	경상북도 청도군 화양읍 신봉리	4782025023
경상북도 청도군 화양읍 유등리	경상북도 청도군 화양읍 유등리	4782025036
경상북도 청도군 화양읍 진라리	경상북도 청도군 화양읍 진라리	4782025032
경상북도 청도군 화양읍 토평리	경상북도 청도군 화양읍 토평리	4782025037
경상북도 청도군 화양읍 합천리	경상북도 청도군 화양읍 합천리	4782025026
경상북도 청송군 부남면 감연리	경상북도 청송군 부남면 감연리	4775032030
경상북도 청송군 부남면 구천리	경상북도 청송군 부남면 구천리	4775032034
경상북도 청송군 부남면 대전리	경상북도 청송군 부남면 대전리	4775032031
경상북도 청송군 부남면 양숙리	경상북도 청송군 부남면 양숙리	4775032038
경상북도 청송군 부남면 이현리	경상북도 청송군 부남면 이현리	4775032036
경상북도 청송군 부남면 중기리	경상북도 청송군 부남면 중기리	4775032037
경상북도 청송군 부남면 하속리	경상북도 청송군 부남면 하속리	4775032033
경상북도 청송군 부남면 홍원리	경상북도 청송군 부남면 홍원리	4775032032
경상북도 청송군 부남면 화장리	경상북도 청송군 부남면 화장리	4775032035
경상북도 청송군 안덕면 감은리	경상북도 청송군 안덕면 감은리	4775035034
경상북도 청송군 안덕면 고와리	경상북도 청송군 안덕면 고와리	4775035041
경상북도 청송군 안덕면 근곡리	경상북도 청송군 안덕면 근곡리	4775035038
경상북도 청송군 안덕면 노래리	경상북도 청송군 안덕면 노래리	4775035039
경상북도 청송군 안덕면 덕성리	경상북도 청송군 안덕면 덕성리	4775035043
경상북도 청송군 안덕면 명당리	경상북도 청송군 안덕면 명당리	4775035033
경상북도 청송군 안덕면 문거리	경상북도 청송군 안덕면 문거리	4775035036
경상북도 청송군 안덕면 복리	경상북도 청송군 안덕면 복리	4775035042
경상북도 청송군 안덕면 성재리	경상북도 청송군 안덕면 성재리	4775035044
경상북도 청송군 안덕면 신성리	경상북도 청송군 안덕면 신성리	4775035037
경상북도 청송군 안덕면 장전리	경상북도 청송군 안덕면 장전리	4775035035
경상북도 청송군 안덕면 지소리	경상북도 청송군 안덕면 지소리	4775035040
경상북도 청송군 주왕산면 내룡리	경상북도 청송군 주왕산면 내룡리	4775031528
경상북도 청송군 주왕산면 라리	경상북도 청송군 주왕산면 라리	4775031529
경상북도 청송군 주왕산면 부일리	경상북도 청송군 주왕산면 부일리	4775031525
경상북도 청송군 주왕산면 상의리	경상북도 청송군 주왕산면 상의리	4775031524
경상북도 청송군 주왕산면 상평리	경상북도 청송군 주왕산면 상평리	4775031521
경상북도 청송군 주왕산면 신점리	경상북도 청송군 주왕산면 신점리	4775031526
경상북도 청송군 주왕산면 주산지리	경상북도 청송군 주왕산면 주산지리	4775031527
경상북도 청송군 주왕산면 지리	경상북도 청송군 주왕산면 지리	4775031522
경상북도 청송군 주왕산면 하의리	경상북도 청송군 주왕산면 하의리	4775031523
경상북도 청송군 주왕산면 항리	경상북도 청송군 주왕산면 항리	4775031530
경상북도 청송군 진보면 각산리	경상북도 청송군 진보면 각산리	4775037045
경상북도 청송군 진보면 고현리	경상북도 청송군 진보면 고현리	4775037048
경상북도 청송군 진보면 광덕리	경상북도 청송군 진보면 광덕리	4775037044
경상북도 청송군 진보면 괴정리	경상북도 청송군 진보면 괴정리	4775037050
경상북도 청송군 진보면 기곡리	경상북도 청송군 진보면 기곡리	4775037040
경상북도 청송군 진보면 부곡리	경상북도 청송군 진보면 부곡리	4775037042
경상북도 청송군 진보면 세장리	경상북도 청송군 진보면 세장리	4775037043
경상북도 청송군 진보면 시량리	경상북도 청송군 진보면 시량리	4775037047
경상북도 청송군 진보면 신촌리	경상북도 청송군 진보면 신촌리	4775037049
경상북도 청송군 진보면 월전리	경상북도 청송군 진보면 월전리	4775037046
경상북도 청송군 진보면 이촌리	경상북도 청송군 진보면 이촌리	4775037037
경상북도 청송군 진보면 진안리	경상북도 청송군 진보면 진안리	4775037036
경상북도 청송군 진보면 추현리	경상북도 청송군 진보면 추현리	4775037041
경상북도 청송군 진보면 합강리	경상북도 청송군 진보면 합강리	4775037039
경상북도 청송군 진보면 후평리	경상북도 청송군 진보면 후평리	4775037038
경상북도 청송군 청송읍 거대리	경상북도 청송군 청송읍 거대리	4775025027
경상북도 청송군 청송읍 교리	경상북도 청송군 청송읍 교리	4775025026
경상북도 청송군 청송읍 금곡리	경상북도 청송군 청송읍 금곡리	4775025023
경상북도 청송군 청송읍 덕리	경상북도 청송군 청송읍 덕리	4775025022
경상북도 청송군 청송읍 부곡리	경상북도 청송군 청송읍 부곡리	4775025029
경상북도 청송군 청송읍 송생리	경상북도 청송군 청송읍 송생리	4775025025
경상북도 청송군 청송읍 월막리	경상북도 청송군 청송읍 월막리	4775025021
경상북도 청송군 청송읍 월외리	경상북도 청송군 청송읍 월외리	4775025028
경상북도 청송군 청송읍 청운리	경상북도 청송군 청송읍 청운리	4775025024
경상북도 청송군 파천면 관리	경상북도 청송군 파천면 관리	4775036032
경상북도 청송군 파천면 덕천리	경상북도 청송군 파천면 덕천리	4775036034
경상북도 청송군 파천면 병부리	경상북도 청송군 파천면 병부리	4775036037
경상북도 청송군 파천면 송강리	경상북도 청송군 파천면 송강리	4775036040
경상북도 청송군 파천면 신기리	경상북도 청송군 파천면 신기리	4775036041
경상북도 청송군 파천면 신흥리	경상북도 청송군 파천면 신흥리	4775036035
경상북도 청송군 파천면 어천리	경상북도 청송군 파천면 어천리	4775036039
경상북도 청송군 파천면 옹점리	경상북도 청송군 파천면 옹점리	4775036042
경상북도 청송군 파천면 중평리	경상북도 청송군 파천면 중평리	4775036033
경상북도 청송군 파천면 지경리	경상북도 청송군 파천면 지경리	4775036036
경상북도 청송군 파천면 황목리	경상북도 청송군 파천면 황목리	4775036038
경상북도 청송군 현동면 개일리	경상북도 청송군 현동면 개일리	4775033032
경상북도 청송군 현동면 거성리	경상북도 청송군 현동면 거성리	4775033029
경상북도 청송군 현동면 눌인리	경상북도 청송군 현동면 눌인리	4775033030
경상북도 청송군 현동면 도평리	경상북도 청송군 현동면 도평리	4775033028
경상북도 청송군 현동면 월매리	경상북도 청송군 현동면 월매리	4775033031
경상북도 청송군 현동면 인지리	경상북도 청송군 현동면 인지리	4775033034
경상북도 청송군 현동면 창양리	경상북도 청송군 현동면 창양리	4775033033
경상북도 청송군 현서면 갈천리	경상북도 청송군 현서면 갈천리	4775034037
경상북도 청송군 현서면 구산리	경상북도 청송군 현서면 구산리	4775034043
경상북도 청송군 현서면 덕계리	경상북도 청송군 현서면 덕계리	4775034045
경상북도 청송군 현서면 도리	경상북도 청송군 현서면 도리	4775034040
경상북도 청송군 현서면 두현리	경상북도 청송군 현서면 두현리	4775034046
경상북도 청송군 현서면 모계리	경상북도 청송군 현서면 모계리	4775034041
경상북도 청송군 현서면 무계리	경상북도 청송군 현서면 무계리	4775034036
경상북도 청송군 현서면 백자리	경상북도 청송군 현서면 백자리	4775034034
경상북도 청송군 현서면 사촌리	경상북도 청송군 현서면 사촌리	4775034038
경상북도 청송군 현서면 수락리	경상북도 청송군 현서면 수락리	4775034035
경상북도 청송군 현서면 월정리	경상북도 청송군 현서면 월정리	4775034039
경상북도 청송군 현서면 천천리	경상북도 청송군 현서면 천천리	4775034042
경상북도 청송군 현서면 화목리	경상북도 청송군 현서면 화목리	4775034044
경상북도 칠곡군 가산면 가산리	경상북도 칠곡군 가산면 가산리	4785033036
경상북도 칠곡군 가산면 금화리	경상북도 칠곡군 가산면 금화리	4785033035
경상북도 칠곡군 가산면 다부리	경상북도 칠곡군 가산면 다부리	4785033034
경상북도 칠곡군 가산면 석우리	경상북도 칠곡군 가산면 석우리	4785033046
경상북도 칠곡군 가산면 송학리	경상북도 칠곡군 가산면 송학리	4785033047
경상북도 칠곡군 가산면 심곡리	경상북도 칠곡군 가산면 심곡리	4785033041
경상북도 칠곡군 가산면 용수리	경상북도 칠곡군 가산면 용수리	4785033038
경상북도 칠곡군 가산면 응추리	경상북도 칠곡군 가산면 응추리	4785033037
경상북도 칠곡군 가산면 천평리	경상북도 칠곡군 가산면 천평리	4785033039
경상북도 칠곡군 가산면 학산리	경상북도 칠곡군 가산면 학산리	4785033045
경상북도 칠곡군 가산면 학상리	경상북도 칠곡군 가산면 학상리	4785033044
경상북도 칠곡군 가산면 학하리	경상북도 칠곡군 가산면 학하리	4785033043
경상북도 칠곡군 기산면 각산리	경상북도 칠곡군 기산면 각산리	4785037033
경상북도 칠곡군 기산면 노석리	경상북도 칠곡군 기산면 노석리	4785037034
경상북도 칠곡군 기산면 봉산리	경상북도 칠곡군 기산면 봉산리	4785037032
경상북도 칠곡군 기산면 영리	경상북도 칠곡군 기산면 영리	4785037030
경상북도 칠곡군 기산면 죽전리	경상북도 칠곡군 기산면 죽전리	4785037028
경상북도 칠곡군 기산면 평복리	경상북도 칠곡군 기산면 평복리	4785037029
경상북도 칠곡군 기산면 행정리	경상북도 칠곡군 기산면 행정리	4785037031
경상북도 칠곡군 동명면 가천리	경상북도 칠곡군 동명면 가천리	4785032032
경상북도 칠곡군 동명면 구덕리	경상북도 칠곡군 동명면 구덕리	4785032037
경상북도 칠곡군 동명면 금암리	경상북도 칠곡군 동명면 금암리	4785032030
경상북도 칠곡군 동명면 기성리	경상북도 칠곡군 동명면 기성리	4785032036
경상북도 칠곡군 동명면 남원리	경상북도 칠곡군 동명면 남원리	4785032034
경상북도 칠곡군 동명면 득명리	경상북도 칠곡군 동명면 득명리	4785032035
경상북도 칠곡군 동명면 봉암리	경상북도 칠곡군 동명면 봉암리	4785032038
경상북도 칠곡군 동명면 송산리	경상북도 칠곡군 동명면 송산리	4785032031
경상북도 칠곡군 동명면 학명리	경상북도 칠곡군 동명면 학명리	4785032033
경상북도 칠곡군 북삼읍 보손리	경상북도 칠곡군 북삼읍 보손리	4785025323
경상북도 칠곡군 북삼읍 숭오리	경상북도 칠곡군 북삼읍 숭오리	4785025324
경상북도 칠곡군 북삼읍 어로리	경상북도 칠곡군 북삼읍 어로리	4785025322
경상북도 칠곡군 북삼읍 오평리	경상북도 칠곡군 북삼읍 오평리	4785025326
경상북도 칠곡군 북삼읍 율리	경상북도 칠곡군 북삼읍 율리	4785025321
경상북도 칠곡군 북삼읍 인평리	경상북도 칠곡군 북삼읍 인평리	4785025325
경상북도 칠곡군 석적읍 남율리	경상북도 칠곡군 석적읍 남율리	4785025623
경상북도 칠곡군 석적읍 도개리	경상북도 칠곡군 석적읍 도개리	4785025628
경상북도 칠곡군 석적읍 망정리	경상북도 칠곡군 석적읍 망정리	4785025627
경상북도 칠곡군 석적읍 반계리	경상북도 칠곡군 석적읍 반계리	4785025626
경상북도 칠곡군 석적읍 성곡리	경상북도 칠곡군 석적읍 성곡리	4785025621
경상북도 칠곡군 석적읍 중리	경상북도 칠곡군 석적읍 중리	4785025622
경상북도 칠곡군 석적읍 중지리	경상북도 칠곡군 석적읍 중지리	4785025625
경상북도 칠곡군 석적읍 포남리	경상북도 칠곡군 석적읍 포남리	4785025624
경상북도 칠곡군 약목면 관호리	경상북도 칠곡군 약목면 관호리	4785036034
경상북도 칠곡군 약목면 교리	경상북도 칠곡군 약목면 교리	4785036031
경상북도 칠곡군 약목면 남계리	경상북도 칠곡군 약목면 남계리	4785036030
경상북도 칠곡군 약목면 덕산리	경상북도 칠곡군 약목면 덕산리	4785036032
경상북도 칠곡군 약목면 동안리	경상북도 칠곡군 약목면 동안리	4785036029
경상북도 칠곡군 약목면 무림리	경상북도 칠곡군 약목면 무림리	4785036033
경상북도 칠곡군 약목면 복성리	경상북도 칠곡군 약목면 복성리	4785036028
경상북도 칠곡군 왜관읍 금남리	경상북도 칠곡군 왜관읍 금남리	4785025028
경상북도 칠곡군 왜관읍 금산리	경상북도 칠곡군 왜관읍 금산리	4785025026
경상북도 칠곡군 왜관읍 낙산리	경상북도 칠곡군 왜관읍 낙산리	4785025027
경상북도 칠곡군 왜관읍 매원리	경상북도 칠곡군 왜관읍 매원리	4785025023
경상북도 칠곡군 왜관읍 봉계리	경상북도 칠곡군 왜관읍 봉계리	4785025024
경상북도 칠곡군 왜관읍 삼청리	경상북도 칠곡군 왜관읍 삼청리	4785025025
경상북도 칠곡군 왜관읍 석전리	경상북도 칠곡군 왜관읍 석전리	4785025022
경상북도 칠곡군 왜관읍 아곡리	경상북도 칠곡군 왜관읍 아곡리	4785025029
경상북도 칠곡군 왜관읍 왜관리	경상북도 칠곡군 왜관읍 왜관리	4785025021
경상북도 칠곡군 지천면 금호리	경상북도 칠곡군 지천면 금호리	4785031038
경상북도 칠곡군 지천면 낙산리	경상북도 칠곡군 지천면 낙산리	4785031049
경상북도 칠곡군 지천면 달서리	경상북도 칠곡군 지천면 달서리	4785031040
경상북도 칠곡군 지천면 덕산리	경상북도 칠곡군 지천면 덕산리	4785031044
경상북도 칠곡군 지천면 백운리	경상북도 칠곡군 지천면 백운리	4785031041
경상북도 칠곡군 지천면 송정리	경상북도 칠곡군 지천면 송정리	4785031037
경상북도 칠곡군 지천면 신리	경상북도 칠곡군 지천면 신리	4785031036
경상북도 칠곡군 지천면 심천리	경상북도 칠곡군 지천면 심천리	4785031043
경상북도 칠곡군 지천면 연호리	경상북도 칠곡군 지천면 연호리	4785031048
경상북도 칠곡군 지천면 연화리	경상북도 칠곡군 지천면 연화리	4785031039
경상북도 칠곡군 지천면 영오리	경상북도 칠곡군 지천면 영오리	4785031045
경상북도 칠곡군 지천면 오산리	경상북도 칠곡군 지천면 오산리	4785031046
경상북도 칠곡군 지천면 용산리	경상북도 칠곡군 지천면 용산리	4785031047
경상북도 칠곡군 지천면 창평리	경상북도 칠곡군 지천면 창평리	4785031042
경상북도 칠곡군 지천면 황학리	경상북도 칠곡군 지천면 황학리	4785031050
경상북도 포항남구 괴동동	경상북도 포항시 남구 괴동동	4711110900
경상북도 포항남구 구룡포읍 구룡포리	경상북도 포항시 남구 구룡포읍 구룡포리	4711125021
경상북도 포항남구 구룡포읍 구평리	경상북도 포항시 남구 구룡포읍 구평리	4711125025
경상북도 포항남구 구룡포읍 눌태리	경상북도 포항시 남구 구룡포읍 눌태리	4711125030
경상북도 포항남구 구룡포읍 병포리	경상북도 포항시 남구 구룡포읍 병포리	4711125028
경상북도 포항남구 구룡포읍 삼정리	경상북도 포항시 남구 구룡포읍 삼정리	4711125022
경상북도 포항남구 구룡포읍 석병리	경상북도 포항시 남구 구룡포읍 석병리	4711125023
경상북도 포항남구 구룡포읍 성동리	경상북도 포항시 남구 구룡포읍 성동리	4711125024
경상북도 포항남구 구룡포읍 장길리	경상북도 포항시 남구 구룡포읍 장길리	4711125026
경상북도 포항남구 구룡포읍 하정리	경상북도 포항시 남구 구룡포읍 하정리	4711125027
경상북도 포항남구 구룡포읍 후동리	경상북도 포항시 남구 구룡포읍 후동리	4711125029
경상북도 포항남구 대도동	경상북도 포항시 남구 대도동	4711110200
경상북도 포항남구 대송면 공수리	경상북도 포항시 남구 대송면 공수리	4711131021
경상북도 포항남구 대송면 남성리	경상북도 포항시 남구 대송면 남성리	4711131029
경상북도 포항남구 대송면 대각리	경상북도 포항시 남구 대송면 대각리	4711131025
경상북도 포항남구 대송면 산여리	경상북도 포항시 남구 대송면 산여리	4711131024
경상북도 포항남구 대송면 송동리	경상북도 포항시 남구 대송면 송동리	4711131026
경상북도 포항남구 대송면 옥명리	경상북도 포항시 남구 대송면 옥명리	4711131028
경상북도 포항남구 대송면 장동리	경상북도 포항시 남구 대송면 장동리	4711131022
경상북도 포항남구 대송면 제내리	경상북도 포항시 남구 대송면 제내리	4711131027
경상북도 포항남구 대송면 홍계리	경상북도 포항시 남구 대송면 홍계리	4711131023
경상북도 포항남구 대잠동	경상북도 포항시 남구 대잠동	4711111600
경상북도 포항남구 동촌동	경상북도 포항시 남구 동촌동	4711111000
경상북도 포항남구 동해면	경상북도 포항시 남구 동해면	4711132000
경상북도 포항남구 동해면 공당리	경상북도 포항시 남구 동해면 공당리	4711132034
경상북도 포항남구 동해면 금광리	경상북도 포항시 남구 동해면 금광리	4711132023
경상북도 포항남구 동해면 도구리	경상북도 포항시 남구 동해면 도구리	4711132021
경상북도 포항남구 동해면 마산리	경상북도 포항시 남구 동해면 마산리	4711132028
경상북도 포항남구 동해면 발산리	경상북도 포항시 남구 동해면 발산리	4711132031
경상북도 포항남구 동해면 상정리	경상북도 포항시 남구 동해면 상정리	4711132032
경상북도 포항남구 동해면 석리	경상북도 포항시 남구 동해면 석리	4711132025
경상북도 포항남구 동해면 신정리	경상북도 포항시 남구 동해면 신정리	4711132024
경상북도 포항남구 동해면 약전리	경상북도 포항시 남구 동해면 약전리	4711132022
경상북도 포항남구 동해면 임곡리	경상북도 포항시 남구 동해면 임곡리	4711132026
경상북도 포항남구 동해면 입암리	경상북도 포항시 남구 동해면 입암리	4711132027
경상북도 포항남구 동해면 중산리	경상북도 포항시 남구 동해면 중산리	4711132033
경상북도 포항남구 동해면 중흥리	경상북도 포항시 남구 동해면 중흥리	4711132030
경상북도 포항남구 동해면 흥환리	경상북도 포항시 남구 동해면 흥환리	4711132029
경상북도 포항남구 상도동	경상북도 포항시 남구 상도동	4711110100
경상북도 포항남구 송도동	경상북도 포항시 남구 송도동	4711110400
경상북도 포항남구 송정동	경상북도 포항시 남구 송정동	4711110700
경상북도 포항남구 연일읍 괴정리	경상북도 포항시 남구 연일읍 괴정리	4711125322
경상북도 포항남구 연일읍 달전리	경상북도 포항시 남구 연일읍 달전리	4711125328
경상북도 포항남구 연일읍 동문리	경상북도 포항시 남구 연일읍 동문리	4711125323
경상북도 포항남구 연일읍 생지리	경상북도 포항시 남구 연일읍 생지리	4711125321
경상북도 포항남구 연일읍 오천리	경상북도 포항시 남구 연일읍 오천리	4711125324
경상북도 포항남구 연일읍 우복리	경상북도 포항시 남구 연일읍 우복리	4711125333
경상북도 포항남구 연일읍 유강리	경상북도 포항시 남구 연일읍 유강리	4711125325
경상북도 포항남구 연일읍 인주리	경상북도 포항시 남구 연일읍 인주리	4711125332
경상북도 포항남구 연일읍 자명리	경상북도 포항시 남구 연일읍 자명리	4711125326
경상북도 포항남구 연일읍 중단리	경상북도 포항시 남구 연일읍 중단리	4711125330
경상북도 포항남구 연일읍 중명리	경상북도 포항시 남구 연일읍 중명리	4711125329
경상북도 포항남구 연일읍 택전리	경상북도 포항시 남구 연일읍 택전리	4711125331
경상북도 포항남구 연일읍 학전리	경상북도 포항시 남구 연일읍 학전리	4711125327
경상북도 포항남구 오천읍 갈평리	경상북도 포항시 남구 오천읍 갈평리	4711125625
경상북도 포항남구 오천읍 광명리	경상북도 포항시 남구 오천읍 광명리	4711125628
경상북도 포항남구 오천읍 구정리	경상북도 포항시 남구 오천읍 구정리	4711125631
경상북도 포항남구 오천읍 문덕리	경상북도 포항시 남구 오천읍 문덕리	4711125622
경상북도 포항남구 오천읍 문충리	경상북도 포항시 남구 오천읍 문충리	4711125626
경상북도 포항남구 오천읍 세계리	경상북도 포항시 남구 오천읍 세계리	4711125629
경상북도 포항남구 오천읍 용덕리	경상북도 포항시 남구 오천읍 용덕리	4711125630
경상북도 포항남구 오천읍 용산리	경상북도 포항시 남구 오천읍 용산리	4711125627
경상북도 포항남구 오천읍 원리	경상북도 포항시 남구 오천읍 원리	4711125621
경상북도 포항남구 오천읍 진전리	경상북도 포항시 남구 오천읍 진전리	4711125624
경상북도 포항남구 오천읍 항사리	경상북도 포항시 남구 오천읍 항사리	4711125623
경상북도 포항남구 이동	경상북도 포항시 남구 이동	4711111700
경상북도 포항남구 인덕동	경상북도 포항시 남구 인덕동	4711111200
경상북도 포항남구 일월동	경상북도 포항시 남구 일월동	4711110600
경상북도 포항남구 장기면 계원리	경상북도 포항시 남구 장기면 계원리	4711133027
경상북도 포항남구 장기면 금곡리	경상북도 포항시 남구 장기면 금곡리	4711133023
경상북도 포항남구 장기면 금오리	경상북도 포항시 남구 장기면 금오리	4711133034
경상북도 포항남구 장기면 대곡리	경상북도 포항시 남구 장기면 대곡리	4711133041
경상북도 포항남구 장기면 대진리	경상북도 포항시 남구 장기면 대진리	4711133035
경상북도 포항남구 장기면 두원리	경상북도 포항시 남구 장기면 두원리	4711133028
경상북도 포항남구 장기면 마현리	경상북도 포항시 남구 장기면 마현리	4711133022
경상북도 포항남구 장기면 모포리	경상북도 포항시 남구 장기면 모포리	4711133036
경상북도 포항남구 장기면 방산리	경상북도 포항시 남구 장기면 방산리	4711133031
경상북도 포항남구 장기면 산서리	경상북도 포항시 남구 장기면 산서리	4711133032
경상북도 포항남구 장기면 서촌리	경상북도 포항시 남구 장기면 서촌리	4711133033
경상북도 포항남구 장기면 수성리	경상북도 포항시 남구 장기면 수성리	4711133029
경상북도 포항남구 장기면 신계리	경상북도 포항시 남구 장기면 신계리	4711133039
경상북도 포항남구 장기면 신창리	경상북도 포항시 남구 장기면 신창리	4711133025
경상북도 포항남구 장기면 양포리	경상북도 포항시 남구 장기면 양포리	4711133026
경상북도 포항남구 장기면 영암리	경상북도 포항시 남구 장기면 영암리	4711133024
경상북도 포항남구 장기면 읍내리	경상북도 포항시 남구 장기면 읍내리	4711133021
경상북도 포항남구 장기면 임중리	경상북도 포항시 남구 장기면 임중리	4711133030
경상북도 포항남구 장기면 정천리	경상북도 포항시 남구 장기면 정천리	4711133043
경상북도 포항남구 장기면 죽정리	경상북도 포항시 남구 장기면 죽정리	4711133042
경상북도 포항남구 장기면 창지리	경상북도 포항시 남구 장기면 창지리	4711133040
경상북도 포항남구 장기면 학계리	경상북도 포항시 남구 장기면 학계리	4711133037
경상북도 포항남구 장기면 학곡리	경상북도 포항시 남구 장기면 학곡리	4711133038
경상북도 포항남구 장흥동	경상북도 포항시 남구 장흥동	4711111100
경상북도 포항남구 지곡동	경상북도 포항시 남구 지곡동	4711111500
경상북도 포항남구 청림동	경상북도 포항시 남구 청림동	4711110500
경상북도 포항남구 해도동	경상북도 포항시 남구 해도동	4711110300
경상북도 포항남구 호동	경상북도 포항시 남구 호동	4711111300
경상북도 포항남구 호미곶면 강사리	경상북도 포항시 남구 호미곶면 강사리	4711135021
경상북도 포항남구 호미곶면 구만리	경상북도 포항시 남구 호미곶면 구만리	4711135023
경상북도 포항남구 호미곶면 대동배리	경상북도 포항시 남구 호미곶면 대동배리	4711135024
경상북도 포항남구 호미곶면 대보리	경상북도 포항시 남구 호미곶면 대보리	4711135022
경상북도 포항남구 효자동	경상북도 포항시 남구 효자동	4711111400
경상북도 포항북구 기계면 가안리	경상북도 포항시 북구 기계면 가안리	4711334035
경상북도 포항북구 기계면 계전리	경상북도 포항시 북구 기계면 계전리	4711334031
경상북도 포항북구 기계면 고지리	경상북도 포항시 북구 기계면 고지리	4711334024
경상북도 포항북구 기계면 구지리	경상북도 포항시 북구 기계면 구지리	4711334034
경상북도 포항북구 기계면 남계리	경상북도 포항시 북구 기계면 남계리	4711334036
경상북도 포항북구 기계면 내단리	경상북도 포항시 북구 기계면 내단리	4711334028
경상북도 포항북구 기계면 문성리	경상북도 포항시 북구 기계면 문성리	4711334025
경상북도 포항북구 기계면 미현리	경상북도 포항시 북구 기계면 미현리	4711334032
경상북도 포항북구 기계면 봉계리	경상북도 포항시 북구 기계면 봉계리	4711334023
경상북도 포항북구 기계면 성계리	경상북도 포항시 북구 기계면 성계리	4711334027
경상북도 포항북구 기계면 인비리	경상북도 포항시 북구 기계면 인비리	4711334033
경상북도 포항북구 기계면 지가리	경상북도 포항시 북구 기계면 지가리	4711334022
경상북도 포항북구 기계면 학야리	경상북도 포항시 북구 기계면 학야리	4711334026
경상북도 포항북구 기계면 현내리	경상북도 포항시 북구 기계면 현내리	4711334021
경상북도 포항북구 기계면 화대리	경상북도 포항시 북구 기계면 화대리	4711334029
경상북도 포항북구 기계면 화봉리	경상북도 포항시 북구 기계면 화봉리	4711334030
경상북도 포항북구 기북면 관천리	경상북도 포항시 북구 기북면 관천리	4711336021
경상북도 포항북구 기북면 대곡리	경상북도 포항시 북구 기북면 대곡리	4711336022
경상북도 포항북구 기북면 성법리	경상북도 포항시 북구 기북면 성법리	4711336027
경상북도 포항북구 기북면 오덕리	경상북도 포항시 북구 기북면 오덕리	4711336025
경상북도 포항북구 기북면 용기리	경상북도 포항시 북구 기북면 용기리	4711336024
경상북도 포항북구 기북면 율산리	경상북도 포항시 북구 기북면 율산리	4711336023
경상북도 포항북구 기북면 탑정리	경상북도 포항시 북구 기북면 탑정리	4711336026
경상북도 포항북구 남빈동	경상북도 포항시 북구 남빈동	4711310300
경상북도 포항북구 대신동	경상북도 포항시 북구 대신동	4711310900
경상북도 포항북구 대흥동	경상북도 포항시 북구 대흥동	4711310100
경상북도 포항북구 덕산동	경상북도 포항시 북구 덕산동	4711310700
경상북도 포항북구 덕수동	경상북도 포항시 북구 덕수동	4711310800
경상북도 포항북구 동빈1가	경상북도 포항시 북구 동빈1가	4711311000
경상북도 포항북구 동빈2가	경상북도 포항시 북구 동빈2가	4711311100
경상북도 포항북구 두호동	경상북도 포항시 북구 두호동	4711312000
경상북도 포항북구 득량동	경상북도 포항시 북구 득량동	4711311400
경상북도 포항북구 상원동	경상북도 포항시 북구 상원동	4711310400
경상북도 포항북구 송라면 광천리	경상북도 포항시 북구 송라면 광천리	4711333024
경상북도 포항북구 송라면 대전리	경상북도 포항시 북구 송라면 대전리	4711333028
경상북도 포항북구 송라면 방석리	경상북도 포항시 북구 송라면 방석리	4711333026
경상북도 포항북구 송라면 상송리	경상북도 포항시 북구 송라면 상송리	4711333021
경상북도 포항북구 송라면 조사리	경상북도 포항시 북구 송라면 조사리	4711333025
경상북도 포항북구 송라면 중산리	경상북도 포항시 북구 송라면 중산리	4711333023
경상북도 포항북구 송라면 지경리	경상북도 포항시 북구 송라면 지경리	4711333029
경상북도 포항북구 송라면 하송리	경상북도 포항시 북구 송라면 하송리	4711333022
경상북도 포항북구 송라면 화진리	경상북도 포항시 북구 송라면 화진리	4711333027
경상북도 포항북구 신광면 기일리	경상북도 포항시 북구 신광면 기일리	4711331031
경상북도 포항북구 신광면 냉수리	경상북도 포항시 북구 신광면 냉수리	4711331021
경상북도 포항북구 신광면 마북리	경상북도 포항시 북구 신광면 마북리	4711331032
경상북도 포항북구 신광면 만석리	경상북도 포항시 북구 신광면 만석리	4711331029
경상북도 포항북구 신광면 반곡리	경상북도 포항시 북구 신광면 반곡리	4711331030
경상북도 포항북구 신광면 사정리	경상북도 포항시 북구 신광면 사정리	4711331027
경상북도 포항북구 신광면 상읍리	경상북도 포항시 북구 신광면 상읍리	4711331025
경상북도 포항북구 신광면 안덕리	경상북도 포항시 북구 신광면 안덕리	4711331028
경상북도 포항북구 신광면 우각리	경상북도 포항시 북구 신광면 우각리	4711331023
경상북도 포항북구 신광면 죽성리	경상북도 포항시 북구 신광면 죽성리	4711331024
경상북도 포항북구 신광면 토성리	경상북도 포항시 북구 신광면 토성리	4711331026
경상북도 포항북구 신광면 호리	경상북도 포항시 북구 신광면 호리	4711331033
경상북도 포항북구 신광면 흥곡리	경상북도 포항시 북구 신광면 흥곡리	4711331022
경상북도 포항북구 신흥동	경상북도 포항시 북구 신흥동	4711310200
경상북도 포항북구 양덕동	경상북도 포항시 북구 양덕동	4711312200
경상북도 포항북구 여남동	경상북도 포항시 북구 여남동	4711312400
경상북도 포항북구 여천동	경상북도 포항시 북구 여천동	4711310500
경상북도 포항북구 용흥동	경상북도 포항시 북구 용흥동	4711311700
경상북도 포항북구 우현동	경상북도 포항시 북구 우현동	4711311800
경상북도 포항북구 장성동	경상북도 포항시 북구 장성동	4711312100
경상북도 포항북구 죽도동	경상북도 포항시 북구 죽도동	4711311600
경상북도 포항북구 죽장면 가사리	경상북도 포항시 북구 죽장면 가사리	4711335021
경상북도 포항북구 죽장면 감곡리	경상북도 포항시 북구 죽장면 감곡리	4711335028
경상북도 포항북구 죽장면 두마리	경상북도 포항시 북구 죽장면 두마리	4711335037
경상북도 포항북구 죽장면 매현리	경상북도 포항시 북구 죽장면 매현리	4711335022
경상북도 포항북구 죽장면 방흥리	경상북도 포항시 북구 죽장면 방흥리	4711335034
경상북도 포항북구 죽장면 봉계리	경상북도 포항시 북구 죽장면 봉계리	4711335036
경상북도 포항북구 죽장면 상사리	경상북도 포항시 북구 죽장면 상사리	4711335029
경상북도 포항북구 죽장면 상옥리	경상북도 포항시 북구 죽장면 상옥리	4711335038
경상북도 포항북구 죽장면 석계리	경상북도 포항시 북구 죽장면 석계리	4711335031
경상북도 포항북구 죽장면 월평리	경상북도 포항시 북구 죽장면 월평리	4711335033
경상북도 포항북구 죽장면 일광리	경상북도 포항시 북구 죽장면 일광리	4711335025
경상북도 포항북구 죽장면 입암리	경상북도 포항시 북구 죽장면 입암리	4711335024
경상북도 포항북구 죽장면 정자리	경상북도 포항시 북구 죽장면 정자리	4711335027
경상북도 포항북구 죽장면 지동리	경상북도 포항시 북구 죽장면 지동리	4711335026
경상북도 포항북구 죽장면 침곡리	경상북도 포항시 북구 죽장면 침곡리	4711335023
경상북도 포항북구 죽장면 하사리	경상북도 포항시 북구 죽장면 하사리	4711335030
경상북도 포항북구 죽장면 하옥리	경상북도 포항시 북구 죽장면 하옥리	4711335039
경상북도 포항북구 죽장면 합덕리	경상북도 포항시 북구 죽장면 합덕리	4711335032
경상북도 포항북구 죽장면 현내리	경상북도 포항시 북구 죽장면 현내리	4711335035
경상북도 포항북구 중앙동	경상북도 포항시 북구 중앙동	4711310600
경상북도 포항북구 창포동	경상북도 포항시 북구 창포동	4711311900
경상북도 포항북구 청하면 고현리	경상북도 포항시 북구 청하면 고현리	4711332032
경상북도 포항북구 청하면 덕성리	경상북도 포항시 북구 청하면 덕성리	4711332021
경상북도 포항북구 청하면 덕천리	경상북도 포항시 북구 청하면 덕천리	4711332022
경상북도 포항북구 청하면 명안리	경상북도 포항시 북구 청하면 명안리	4711332036
경상북도 포항북구 청하면 미남리	경상북도 포항시 북구 청하면 미남리	4711332023
경상북도 포항북구 청하면 방어리	경상북도 포항시 북구 청하면 방어리	4711332027
경상북도 포항북구 청하면 상대리	경상북도 포항시 북구 청하면 상대리	4711332034
경상북도 포항북구 청하면 서정리	경상북도 포항시 북구 청하면 서정리	4711332035
경상북도 포항북구 청하면 소동리	경상북도 포항시 북구 청하면 소동리	4711332031
경상북도 포항북구 청하면 신흥리	경상북도 포항시 북구 청하면 신흥리	4711332030
경상북도 포항북구 청하면 용두리	경상북도 포항시 북구 청하면 용두리	4711332025
경상북도 포항북구 청하면 월포리	경상북도 포항시 북구 청하면 월포리	4711332026
경상북도 포항북구 청하면 유계리	경상북도 포항시 북구 청하면 유계리	4711332037
경상북도 포항북구 청하면 이가리	경상북도 포항시 북구 청하면 이가리	4711332028
경상북도 포항북구 청하면 청계리	경상북도 포항시 북구 청하면 청계리	4711332038
경상북도 포항북구 청하면 청진리	경상북도 포항시 북구 청하면 청진리	4711332029
경상북도 포항북구 청하면 필화리	경상북도 포항시 북구 청하면 필화리	4711332024
경상북도 포항북구 청하면 하대리	경상북도 포항시 북구 청하면 하대리	4711332033
경상북도 포항북구 학산동	경상북도 포항시 북구 학산동	4711311200
경상북도 포항북구 학잠동	경상북도 포항시 북구 학잠동	4711311500
경상북도 포항북구 항구동	경상북도 포항시 북구 항구동	4711311300
경상북도 포항북구 환호동	경상북도 포항시 북구 환호동	4711312300
경상북도 포항북구 흥해읍 곡강리	경상북도 포항시 북구 흥해읍 곡강리	4711325032
경상북도 포항북구 흥해읍 금장리	경상북도 포항시 북구 흥해읍 금장리	4711325042
경상북도 포항북구 흥해읍 남성리	경상북도 포항시 북구 흥해읍 남성리	4711325027
경상북도 포항북구 흥해읍 남송리	경상북도 포항시 북구 흥해읍 남송리	4711325031
경상북도 포항북구 흥해읍 대련리	경상북도 포항시 북구 흥해읍 대련리	4711325050
경상북도 포항북구 흥해읍 덕성리	경상북도 포항시 북구 흥해읍 덕성리	4711325038
경상북도 포항북구 흥해읍 덕장리	경상북도 포항시 북구 흥해읍 덕장리	4711325039
경상북도 포항북구 흥해읍 마산리	경상북도 포항시 북구 흥해읍 마산리	4711325023
경상북도 포항북구 흥해읍 망천리	경상북도 포항시 북구 흥해읍 망천리	4711325030
경상북도 포항북구 흥해읍 매산리	경상북도 포항시 북구 흥해읍 매산리	4711325021
경상북도 포항북구 흥해읍 북송리	경상북도 포항시 북구 흥해읍 북송리	4711325022
경상북도 포항북구 흥해읍 성곡리	경상북도 포항시 북구 흥해읍 성곡리	4711325048
경상북도 포항북구 흥해읍 성내리	경상북도 포항시 북구 흥해읍 성내리	4711325028
경상북도 포항북구 흥해읍 약성리	경상북도 포항시 북구 흥해읍 약성리	4711325025
경상북도 포항북구 흥해읍 양백리	경상북도 포항시 북구 흥해읍 양백리	4711325037
경상북도 포항북구 흥해읍 오도리	경상북도 포항시 북구 흥해읍 오도리	4711325045
경상북도 포항북구 흥해읍 옥성리	경상북도 포항시 북구 흥해읍 옥성리	4711325024
경상북도 포항북구 흥해읍 용곡리	경상북도 포항시 북구 흥해읍 용곡리	4711325036
경상북도 포항북구 흥해읍 용전리	경상북도 포항시 북구 흥해읍 용전리	4711325040
경상북도 포항북구 흥해읍 용천리	경상북도 포항시 북구 흥해읍 용천리	4711325041
경상북도 포항북구 흥해읍 용한리	경상북도 포항시 북구 흥해읍 용한리	4711325033
경상북도 포항북구 흥해읍 우목리	경상북도 포항시 북구 흥해읍 우목리	4711325034
경상북도 포항북구 흥해읍 이인리	경상북도 포항시 북구 흥해읍 이인리	4711325049
경상북도 포항북구 흥해읍 죽천리	경상북도 포항시 북구 흥해읍 죽천리	4711325035
경상북도 포항북구 흥해읍 중성리	경상북도 포항시 북구 흥해읍 중성리	4711325029
경상북도 포항북구 흥해읍 초곡리	경상북도 포항시 북구 흥해읍 초곡리	4711325046
경상북도 포항북구 흥해읍 칠포리	경상북도 포항시 북구 흥해읍 칠포리	4711325044
경상북도 포항북구 흥해읍 학성리	경상북도 포항시 북구 흥해읍 학성리	4711325026
경상북도 포항북구 흥해읍 학천리	경상북도 포항시 북구 흥해읍 학천리	4711325047
경상북도 포항북구 흥해읍 흥안리	경상북도 포항시 북구 흥해읍 흥안리	4711325043
광주광역시 광산구 고룡동	광주광역시 광산구 고룡동	2920013100
광주광역시 광산구 광산동	광주광역시 광산구 광산동	2920013500
광주광역시 광산구 남산동	광주광역시 광산구 남산동	2920016700
광주광역시 광산구 내산동	광주광역시 광산구 내산동	2920016200
광주광역시 광산구 대산동	광주광역시 광산구 대산동	2920016300
광주광역시 광산구 덕림동	광주광역시 광산구 덕림동	2920017600
광주광역시 광산구 도덕동	광주광역시 광산구 도덕동	2920015600
광주광역시 광산구 도산동	광주광역시 광산구 도산동	2920010200
광주광역시 광산구 도천동	광주광역시 광산구 도천동	2920011300
광주광역시 광산구 도호동	광주광역시 광산구 도호동	2920010300
광주광역시 광산구 동림동	광주광역시 광산구 동림동	2920017800
광주광역시 광산구 동산동	광주광역시 광산구 동산동	2920015400
광주광역시 광산구 동호동	광주광역시 광산구 동호동	2920017500
광주광역시 광산구 두정동	광주광역시 광산구 두정동	2920013300
광주광역시 광산구 등임동	광주광역시 광산구 등임동	2920012900
광주광역시 광산구 명도동	광주광역시 광산구 명도동	2920017400
광주광역시 광산구 명화동	광주광역시 광산구 명화동	2920015300
광주광역시 광산구 박호동	광주광역시 광산구 박호동	2920011100
광주광역시 광산구 복룡동	광주광역시 광산구 복룡동	2920014300
광주광역시 광산구 본덕동	광주광역시 광산구 본덕동	2920014000
광주광역시 광산구 북산동	광주광역시 광산구 북산동	2920017300
광주광역시 광산구 비아동	광주광역시 광산구 비아동	2920011200
광주광역시 광산구 사호동	광주광역시 광산구 사호동	2920013700
광주광역시 광산구 산막동	광주광역시 광산구 산막동	2920013000
광주광역시 광산구 산수동	광주광역시 광산구 산수동	2920016900
광주광역시 광산구 산월동	광주광역시 광산구 산월동	2920011700
광주광역시 광산구 산정동	광주광역시 광산구 산정동	2920012700
광주광역시 광산구 삼거동	광주광역시 광산구 삼거동	2920016000
광주광역시 광산구 삼도동	광주광역시 광산구 삼도동	2920016600
광주광역시 광산구 서봉동	광주광역시 광산구 서봉동	2920010500
광주광역시 광산구 선동	광주광역시 광산구 선동	2920017000
광주광역시 광산구 선암동	광주광역시 광산구 선암동	2920010700
광주광역시 광산구 소촌동	광주광역시 광산구 소촌동	2920010800
광주광역시 광산구 송대동	광주광역시 광산구 송대동	2920014400
광주광역시 광산구 송산동	광주광역시 광산구 송산동	2920015700
광주광역시 광산구 송정동	광주광역시 광산구 송정동	2920010100
광주광역시 광산구 송촌동	광주광역시 광산구 송촌동	2920014800
광주광역시 광산구 송치동	광주광역시 광산구 송치동	2920016800
광주광역시 광산구 송학동	광주광역시 광산구 송학동	2920016400
광주광역시 광산구 수완동	광주광역시 광산구 수완동	2920011400
광주광역시 광산구 신가동	광주광역시 광산구 신가동	2920011900
광주광역시 광산구 신동	광주광역시 광산구 신동	2920016500
광주광역시 광산구 신룡동	광주광역시 광산구 신룡동	2920013200
광주광역시 광산구 신창동	광주광역시 광산구 신창동	2920011800
광주광역시 광산구 신촌동	광주광역시 광산구 신촌동	2920010400
광주광역시 광산구 쌍암동	광주광역시 광산구 쌍암동	2920011600
광주광역시 광산구 안청동	광주광역시 광산구 안청동	2920012100
광주광역시 광산구 양동	광주광역시 광산구 양동	2920016100
광주광역시 광산구 양산동	광주광역시 광산구 양산동	2920017700
광주광역시 광산구 연산동	광주광역시 광산구 연산동	2920015500
광주광역시 광산구 오산동	광주광역시 광산구 오산동	2920013600
광주광역시 광산구 오선동	광주광역시 광산구 오선동	2920020200
광주광역시 광산구 오운동	광주광역시 광산구 오운동	2920015900
광주광역시 광산구 옥동	광주광역시 광산구 옥동	2920014500
광주광역시 광산구 왕동	광주광역시 광산구 왕동	2920017200
광주광역시 광산구 요기동	광주광역시 광산구 요기동	2920014200
광주광역시 광산구 용곡동	광주광역시 광산구 용곡동	2920015100
광주광역시 광산구 용동	광주광역시 광산구 용동	2920015000
광주광역시 광산구 용봉동	광주광역시 광산구 용봉동	2920014100
광주광역시 광산구 우산동	광주광역시 광산구 우산동	2920010900
광주광역시 광산구 운남동	광주광역시 광산구 운남동	2920012000
광주광역시 광산구 운수동	광주광역시 광산구 운수동	2920010600
광주광역시 광산구 월계동	광주광역시 광산구 월계동	2920011500
광주광역시 광산구 월곡동	광주광역시 광산구 월곡동	2920012800
광주광역시 광산구 월전동	광주광역시 광산구 월전동	2920014600
광주광역시 광산구 유계동	광주광역시 광산구 유계동	2920013900
광주광역시 광산구 임곡동	광주광역시 광산구 임곡동	2920013400
광주광역시 광산구 장덕동	광주광역시 광산구 장덕동	2920012300
광주광역시 광산구 장록동	광주광역시 광산구 장록동	2920014700
광주광역시 광산구 장수동	광주광역시 광산구 장수동	2920012600
광주광역시 광산구 지산동	광주광역시 광산구 지산동	2920017100
광주광역시 광산구 지정동	광주광역시 광산구 지정동	2920015200
광주광역시 광산구 지죽동	광주광역시 광산구 지죽동	2920014900
광주광역시 광산구 지평동	광주광역시 광산구 지평동	2920015800
광주광역시 광산구 진곡동	광주광역시 광산구 진곡동	2920012200
광주광역시 광산구 하남동	광주광역시 광산구 하남동	2920012500
광주광역시 광산구 하산동	광주광역시 광산구 하산동	2920013800
광주광역시 광산구 황룡동	광주광역시 광산구 황룡동	2920011000
광주광역시 광산구 흑석동	광주광역시 광산구 흑석동	2920012400
광주광역시 남구 구동	광주광역시 남구 구동	2915510200
광주광역시 남구 구소동	광주광역시 남구 구소동	2915511600
광주광역시 남구 노대동	광주광역시 남구 노대동	2915510700
광주광역시 남구 대지동	광주광역시 남구 대지동	2915512800
광주광역시 남구 덕남동	광주광역시 남구 덕남동	2915510900
광주광역시 남구 도금동	광주광역시 남구 도금동	2915511800
광주광역시 남구 방림동	광주광역시 남구 방림동	2915511400
광주광역시 남구 백운동	광주광역시 남구 백운동	2915510500
광주광역시 남구 봉선동	광주광역시 남구 봉선동	2915511500
광주광역시 남구 사동	광주광역시 남구 사동	2915510100
광주광역시 남구 서동	광주광역시 남구 서동	2915510300
광주광역시 남구 석정동	광주광역시 남구 석정동	2915512400
광주광역시 남구 송하동	광주광역시 남구 송하동	2915511200
광주광역시 남구 승촌동	광주광역시 남구 승촌동	2915511900
광주광역시 남구 신장동	광주광역시 남구 신장동	2915512500
광주광역시 남구 압촌동	광주광역시 남구 압촌동	2915512100
광주광역시 남구 양과동	광주광역시 남구 양과동	2915512600
광주광역시 남구 양림동	광주광역시 남구 양림동	2915511300
광주광역시 남구 양촌동	광주광역시 남구 양촌동	2915511700
광주광역시 남구 원산동	광주광역시 남구 원산동	2915512900
광주광역시 남구 월산동	광주광역시 남구 월산동	2915510400
광주광역시 남구 월성동	광주광역시 남구 월성동	2915513000
광주광역시 남구 이장동	광주광역시 남구 이장동	2915512700
광주광역시 남구 임암동	광주광역시 남구 임암동	2915511100
광주광역시 남구 주월동	광주광역시 남구 주월동	2915510600
광주광역시 남구 지석동	광주광역시 남구 지석동	2915512000
광주광역시 남구 진월동	광주광역시 남구 진월동	2915510800
광주광역시 남구 칠석동	광주광역시 남구 칠석동	2915512300
광주광역시 남구 행암동	광주광역시 남구 행암동	2915511000
광주광역시 남구 화장동	광주광역시 남구 화장동	2915512200
광주광역시 동구 계림동	광주광역시 동구 계림동	2911010900
광주광역시 동구 광산동	광주광역시 동구 광산동	2911011300
광주광역시 동구 궁동	광주광역시 동구 궁동	2911010600
광주광역시 동구 금남로1가	광주광역시 동구 금남로1가	2911013100
광주광역시 동구 금남로2가	광주광역시 동구 금남로2가	2911013200
광주광역시 동구 금남로3가	광주광역시 동구 금남로3가	2911013300
광주광역시 동구 금남로4가	광주광역시 동구 금남로4가	2911013400
광주광역시 동구 금남로5가	광주광역시 동구 금남로5가	2911010200
광주광역시 동구 금동	광주광역시 동구 금동	2911011400
광주광역시 동구 남동	광주광역시 동구 남동	2911011200
광주광역시 동구 내남동	광주광역시 동구 내남동	2911012500
광주광역시 동구 대의동	광주광역시 동구 대의동	2911010500
광주광역시 동구 대인동	광주광역시 동구 대인동	2911010100
광주광역시 동구 동명동	광주광역시 동구 동명동	2911010800
광주광역시 동구 불로동	광주광역시 동구 불로동	2911011600
광주광역시 동구 산수동	광주광역시 동구 산수동	2911011000
광주광역시 동구 서석동	광주광역시 동구 서석동	2911011800
광주광역시 동구 선교동	광주광역시 동구 선교동	2911012400
광주광역시 동구 소태동	광주광역시 동구 소태동	2911011900
광주광역시 동구 수기동	광주광역시 동구 수기동	2911010400
광주광역시 동구 용산동	광주광역시 동구 용산동	2911012600
광주광역시 동구 용연동	광주광역시 동구 용연동	2911012000
광주광역시 동구 운림동	광주광역시 동구 운림동	2911012100
광주광역시 동구 월남동	광주광역시 동구 월남동	2911012300
광주광역시 동구 장동	광주광역시 동구 장동	2911010700
광주광역시 동구 지산동	광주광역시 동구 지산동	2911011100
광주광역시 동구 충장로1가	광주광역시 동구 충장로1가	2911012700
광주광역시 동구 충장로2가	광주광역시 동구 충장로2가	2911012800
광주광역시 동구 충장로3가	광주광역시 동구 충장로3가	2911012900
광주광역시 동구 충장로4가	광주광역시 동구 충장로4가	2911013000
광주광역시 동구 충장로5가	광주광역시 동구 충장로5가	2911010300
광주광역시 동구 학동	광주광역시 동구 학동	2911012200
광주광역시 동구 호남동	광주광역시 동구 호남동	2911011500
광주광역시 동구 황금동	광주광역시 동구 황금동	2911011700
광주광역시 북구 각화동	광주광역시 북구 각화동	2917011300
광주광역시 북구 금곡동	광주광역시 북구 금곡동	2917012000
광주광역시 북구 누문동	광주광역시 북구 누문동	2917010300
광주광역시 북구 대촌동	광주광역시 북구 대촌동	2917014000
광주광역시 북구 덕의동	광주광역시 북구 덕의동	2917011900
광주광역시 북구 동림동	광주광역시 북구 동림동	2917010800
광주광역시 북구 두암동	광주광역시 북구 두암동	2917011400
광주광역시 북구 망월동	광주광역시 북구 망월동	2917012100
광주광역시 북구 매곡동	광주광역시 북구 매곡동	2917011700
광주광역시 북구 문흥동	광주광역시 북구 문흥동	2917011200
광주광역시 북구 본촌동	광주광역시 북구 본촌동	2917012600
광주광역시 북구 북동	광주광역시 북구 북동	2917010400
광주광역시 북구 삼각동	광주광역시 북구 삼각동	2917011600
광주광역시 북구 생용동	광주광역시 북구 생용동	2917013800
광주광역시 북구 수곡동	광주광역시 북구 수곡동	2917013400
광주광역시 북구 신안동	광주광역시 북구 신안동	2917010600
광주광역시 북구 신용동	광주광역시 북구 신용동	2917013000
광주광역시 북구 양산동	광주광역시 북구 양산동	2917012800
광주광역시 북구 연제동	광주광역시 북구 연제동	2917012900
광주광역시 북구 오룡동	광주광역시 북구 오룡동	2917014100
광주광역시 북구 오치동	광주광역시 북구 오치동	2917011500
광주광역시 북구 용강동	광주광역시 북구 용강동	2917013700
광주광역시 북구 용두동	광주광역시 북구 용두동	2917013100
광주광역시 북구 용봉동	광주광역시 북구 용봉동	2917010700
광주광역시 북구 용전동	광주광역시 북구 용전동	2917013600
광주광역시 북구 우산동	광주광역시 북구 우산동	2917011000
광주광역시 북구 운암동	광주광역시 북구 운암동	2917010900
광주광역시 북구 운정동	광주광역시 북구 운정동	2917012500
광주광역시 북구 월출동	광주광역시 북구 월출동	2917013900
광주광역시 북구 유동	광주광역시 북구 유동	2917010200
광주광역시 북구 일곡동	광주광역시 북구 일곡동	2917012700
광주광역시 북구 임동	광주광역시 북구 임동	2917010500
광주광역시 북구 장등동	광주광역시 북구 장등동	2917012400
광주광역시 북구 중흥동	광주광역시 북구 중흥동	2917010100
광주광역시 북구 지야동	광주광역시 북구 지야동	2917013200
광주광역시 북구 청풍동	광주광역시 북구 청풍동	2917012200
광주광역시 북구 충효동	광주광역시 북구 충효동	2917011800
광주광역시 북구 태령동	광주광역시 북구 태령동	2917013300
광주광역시 북구 풍향동	광주광역시 북구 풍향동	2917011100
광주광역시 북구 화암동	광주광역시 북구 화암동	2917012300
광주광역시 북구 효령동	광주광역시 북구 효령동	2917013500
광주광역시 서구 광천동	광주광역시 서구 광천동	2914011500
광주광역시 서구 금호동	광주광역시 서구 금호동	2914013000
광주광역시 서구 내방동	광주광역시 서구 내방동	2914012100
광주광역시 서구 농성동	광주광역시 서구 농성동	2914010600
광주광역시 서구 덕흥동	광주광역시 서구 덕흥동	2914011700
광주광역시 서구 동천동	광주광역시 서구 동천동	2914013300
광주광역시 서구 마륵동	광주광역시 서구 마륵동	2914013100
광주광역시 서구 매월동	광주광역시 서구 매월동	2914013200
광주광역시 서구 벽진동	광주광역시 서구 벽진동	2914012900
광주광역시 서구 서창동	광주광역시 서구 서창동	2914012500
광주광역시 서구 세하동	광주광역시 서구 세하동	2914012600
광주광역시 서구 쌍촌동	광주광역시 서구 쌍촌동	2914011800
광주광역시 서구 양동	광주광역시 서구 양동	2914010400
광주광역시 서구 용두동	광주광역시 서구 용두동	2914012700
광주광역시 서구 유촌동	광주광역시 서구 유촌동	2914011600
광주광역시 서구 치평동	광주광역시 서구 치평동	2914012000
광주광역시 서구 풍암동	광주광역시 서구 풍암동	2914012800
광주광역시 서구 화정동	광주광역시 서구 화정동	2914011900
남도 양산시 물금읍 가촌리	경상남도 양산시 물금읍 가촌리	4833025323
대구광역시 남구 대명동	대구광역시 남구 대명동	2720010300
대구광역시 남구 봉덕동	대구광역시 남구 봉덕동	2720010200
대구광역시 남구 이천동	대구광역시 남구 이천동	2720010100
대구광역시 달서구 갈산동	대구광역시 달서구 갈산동	2729010600
대구광역시 달서구 감삼동	대구광역시 달서구 감삼동	2729011300
대구광역시 달서구 대곡동	대구광역시 달서구 대곡동	2729012300
대구광역시 달서구 대천동	대구광역시 달서구 대천동	2729011900
대구광역시 달서구 도원동	대구광역시 달서구 도원동	2729011600
대구광역시 달서구 두류동	대구광역시 달서구 두류동	2729010200
대구광역시 달서구 본동	대구광역시 달서구 본동	2729012400
대구광역시 달서구 본리동	대구광역시 달서구 본리동	2729011400
대구광역시 달서구 상인동	대구광역시 달서구 상인동	2729011500
대구광역시 달서구 성당동	대구광역시 달서구 성당동	2729010100
대구광역시 달서구 송현동	대구광역시 달서구 송현동	2729012200
대구광역시 달서구 신당동	대구광역시 달서구 신당동	2729010700
대구광역시 달서구 용산동	대구광역시 달서구 용산동	2729011100
대구광역시 달서구 월성동	대구광역시 달서구 월성동	2729012000
대구광역시 달서구 월암동	대구광역시 달서구 월암동	2729012100
대구광역시 달서구 유천동	대구광역시 달서구 유천동	2729011800
대구광역시 달서구 이곡동	대구광역시 달서구 이곡동	2729010800
대구광역시 달서구 장기동	대구광역시 달서구 장기동	2729011000
대구광역시 달서구 장동	대구광역시 달서구 장동	2729010900
대구광역시 달서구 죽전동	대구광역시 달서구 죽전동	2729011200
대구광역시 달서구 진천동	대구광역시 달서구 진천동	2729011700
대구광역시 달서구 파호동	대구광역시 달서구 파호동	2729010400
대구광역시 달서구 호림동	대구광역시 달서구 호림동	2729010500
대구광역시 달서구 호산동	대구광역시 달서구 호산동	2729012500
대구광역시 달성군 가창면 냉천리	대구광역시 달성군 가창면 냉천리	2771031024
대구광역시 달성군 가창면 단산리	대구광역시 달성군 가창면 단산리	2771031027
대구광역시 달성군 가창면 대일리	대구광역시 달성군 가창면 대일리	2771031028
대구광역시 달성군 가창면 삼산리	대구광역시 달성군 가창면 삼산리	2771031031
대구광역시 달성군 가창면 상원리	대구광역시 달성군 가창면 상원리	2771031026
대구광역시 달성군 가창면 오리	대구광역시 달성군 가창면 오리	2771031022
대구광역시 달성군 가창면 옥분리	대구광역시 달성군 가창면 옥분리	2771031030
대구광역시 달성군 가창면 용계리	대구광역시 달성군 가창면 용계리	2771031021
대구광역시 달성군 가창면 우록리	대구광역시 달성군 가창면 우록리	2771031032
대구광역시 달성군 가창면 정대리	대구광역시 달성군 가창면 정대리	2771031023
대구광역시 달성군 가창면 주리	대구광역시 달성군 가창면 주리	2771031029
대구광역시 달성군 가창면 행정리	대구광역시 달성군 가창면 행정리	2771031025
대구광역시 달성군 구지면 가천리	대구광역시 달성군 구지면 가천리	2771038024
대구광역시 달성군 구지면 고봉리	대구광역시 달성군 구지면 고봉리	2771038023
대구광역시 달성군 구지면 내리	대구광역시 달성군 구지면 내리	2771038030
대구광역시 달성군 구지면 대암리	대구광역시 달성군 구지면 대암리	2771038029
대구광역시 달성군 구지면 도동리	대구광역시 달성군 구지면 도동리	2771038035
대구광역시 달성군 구지면 목단리	대구광역시 달성군 구지면 목단리	2771038028
대구광역시 달성군 구지면 수리리	대구광역시 달성군 구지면 수리리	2771038032
대구광역시 달성군 구지면 예현리	대구광역시 달성군 구지면 예현리	2771038026
대구광역시 달성군 구지면 오설리	대구광역시 달성군 구지면 오설리	2771038034
대구광역시 달성군 구지면 유산리	대구광역시 달성군 구지면 유산리	2771038027
대구광역시 달성군 구지면 응암리	대구광역시 달성군 구지면 응암리	2771038022
대구광역시 달성군 구지면 징리	대구광역시 달성군 구지면 징리	2771038033
대구광역시 달성군 구지면 창리	대구광역시 달성군 구지면 창리	2771038021
대구광역시 달성군 구지면 평촌리	대구광역시 달성군 구지면 평촌리	2771038025
대구광역시 달성군 구지면 화산리	대구광역시 달성군 구지면 화산리	2771038031
대구광역시 달성군 논공읍 금포리	대구광역시 달성군 논공읍 금포리	2771025322
대구광역시 달성군 논공읍 남리	대구광역시 달성군 논공읍 남리	2771025327
대구광역시 달성군 논공읍 노이리	대구광역시 달성군 논공읍 노이리	2771025321
대구광역시 달성군 논공읍 본리리	대구광역시 달성군 논공읍 본리리	2771025329
대구광역시 달성군 논공읍 북리	대구광역시 달성군 논공읍 북리	2771025328
대구광역시 달성군 논공읍 삼리리	대구광역시 달성군 논공읍 삼리리	2771025323
대구광역시 달성군 논공읍 상리	대구광역시 달성군 논공읍 상리	2771025325
대구광역시 달성군 논공읍 위천리	대구광역시 달성군 논공읍 위천리	2771025324
대구광역시 달성군 논공읍 하리	대구광역시 달성군 논공읍 하리	2771025326
대구광역시 달성군 다사읍 달천리	대구광역시 달성군 다사읍 달천리	2771025622
대구광역시 달성군 다사읍 매곡리	대구광역시 달성군 다사읍 매곡리	2771025628
대구광역시 달성군 다사읍 문산리	대구광역시 달성군 다사읍 문산리	2771025631
대구광역시 달성군 다사읍 문양리	대구광역시 달성군 다사읍 문양리	2771025630
대구광역시 달성군 다사읍 박곡리	대구광역시 달성군 다사읍 박곡리	2771025623
대구광역시 달성군 다사읍 방천리	대구광역시 달성군 다사읍 방천리	2771025624
대구광역시 달성군 다사읍 부곡리	대구광역시 달성군 다사읍 부곡리	2771025629
대구광역시 달성군 다사읍 서재리	대구광역시 달성군 다사읍 서재리	2771025625
대구광역시 달성군 다사읍 세천리	대구광역시 달성군 다사읍 세천리	2771025626
대구광역시 달성군 다사읍 이천리	대구광역시 달성군 다사읍 이천리	2771025621
대구광역시 달성군 다사읍 죽곡리	대구광역시 달성군 다사읍 죽곡리	2771025627
대구광역시 달성군 옥포읍 간경리	대구광역시 달성군 옥포읍 간경리	2771026225
대구광역시 달성군 옥포읍 강림리	대구광역시 달성군 옥포읍 강림리	2771026223
대구광역시 달성군 옥포읍 교항리	대구광역시 달성군 옥포읍 교항리	2771026222
대구광역시 달성군 옥포읍 기세리	대구광역시 달성군 옥포읍 기세리	2771026226
대구광역시 달성군 옥포읍 김흥리	대구광역시 달성군 옥포읍 김흥리	2771026228
대구광역시 달성군 옥포읍 반송리	대구광역시 달성군 옥포읍 반송리	2771026227
대구광역시 달성군 옥포읍 본리리	대구광역시 달성군 옥포읍 본리리	2771026229
대구광역시 달성군 옥포읍 송촌리	대구광역시 달성군 옥포읍 송촌리	2771026224
대구광역시 달성군 옥포읍 신당리	대구광역시 달성군 옥포읍 신당리	2771026221
대구광역시 달성군 유가읍 가태리	대구광역시 달성군 유가읍 가태리	2771025931
대구광역시 달성군 유가읍 금리	대구광역시 달성군 유가읍 금리	2771025928
대구광역시 달성군 유가읍 도의리	대구광역시 달성군 유가읍 도의리	2771025930
대구광역시 달성군 유가읍 본말리	대구광역시 달성군 유가읍 본말리	2771025933
대구광역시 달성군 유가읍 봉리	대구광역시 달성군 유가읍 봉리	2771025924
대구광역시 달성군 유가읍 상리	대구광역시 달성군 유가읍 상리	2771025927
대구광역시 달성군 유가읍 쌍계리	대구광역시 달성군 유가읍 쌍계리	2771025925
대구광역시 달성군 유가읍 양리	대구광역시 달성군 유가읍 양리	2771025922
대구광역시 달성군 유가읍 용리	대구광역시 달성군 유가읍 용리	2771025923
대구광역시 달성군 유가읍 유곡리	대구광역시 달성군 유가읍 유곡리	2771025929
대구광역시 달성군 유가읍 음리	대구광역시 달성군 유가읍 음리	2771025921
대구광역시 달성군 유가읍 초곡리	대구광역시 달성군 유가읍 초곡리	2771025926
대구광역시 달성군 유가읍 한정리	대구광역시 달성군 유가읍 한정리	2771025932
대구광역시 달성군 하빈면 감문리	대구광역시 달성군 하빈면 감문리	2771033027
대구광역시 달성군 하빈면 기곡리	대구광역시 달성군 하빈면 기곡리	2771033023
대구광역시 달성군 하빈면 대평리	대구광역시 달성군 하빈면 대평리	2771033024
대구광역시 달성군 하빈면 동곡리	대구광역시 달성군 하빈면 동곡리	2771033028
대구광역시 달성군 하빈면 묘리	대구광역시 달성군 하빈면 묘리	2771033022
대구광역시 달성군 하빈면 무등리	대구광역시 달성군 하빈면 무등리	2771033025
대구광역시 달성군 하빈면 봉촌리	대구광역시 달성군 하빈면 봉촌리	2771033029
대구광역시 달성군 하빈면 하산리	대구광역시 달성군 하빈면 하산리	2771033021
대구광역시 달성군 하빈면 현내리	대구광역시 달성군 하빈면 현내리	2771033026
대구광역시 달성군 현풍읍 대리	대구광역시 달성군 현풍읍 대리	2771026530
대구광역시 달성군 현풍읍 부리	대구광역시 달성군 현풍읍 부리	2771026523
대구광역시 달성군 현풍읍 상리	대구광역시 달성군 현풍읍 상리	2771026521
대구광역시 달성군 현풍읍 성하리	대구광역시 달성군 현풍읍 성하리	2771026525
대구광역시 달성군 현풍읍 신기리	대구광역시 달성군 현풍읍 신기리	2771026531
대구광역시 달성군 현풍읍 오산리	대구광역시 달성군 현풍읍 오산리	2771026528
대구광역시 달성군 현풍읍 원교리	대구광역시 달성군 현풍읍 원교리	2771026526
대구광역시 달성군 현풍읍 자모리	대구광역시 달성군 현풍읍 자모리	2771026527
대구광역시 달성군 현풍읍 중리	대구광역시 달성군 현풍읍 중리	2771026522
대구광역시 달성군 현풍읍 지리	대구광역시 달성군 현풍읍 지리	2771026529
대구광역시 달성군 현풍읍 하리	대구광역시 달성군 현풍읍 하리	2771026524
대구광역시 달성군 화원읍 구라리	대구광역시 달성군 화원읍 구라리	2771025022
대구광역시 달성군 화원읍 명곡리	대구광역시 달성군 화원읍 명곡리	2771025025
대구광역시 달성군 화원읍 본리리	대구광역시 달성군 화원읍 본리리	2771025026
대구광역시 달성군 화원읍 설화리	대구광역시 달성군 화원읍 설화리	2771025024
대구광역시 달성군 화원읍 성산리	대구광역시 달성군 화원읍 성산리	2771025023
대구광역시 달성군 화원읍 천내리	대구광역시 달성군 화원읍 천내리	2771025021
대구광역시 동구 각산동	대구광역시 동구 각산동	2714012300
대구광역시 동구 검사동	대구광역시 동구 검사동	2714011000
대구광역시 동구 괴전동	대구광역시 동구 괴전동	2714012600
대구광역시 동구 금강동	대구광역시 동구 금강동	2714012700
대구광역시 동구 내곡동	대구광역시 동구 내곡동	2714013100
대구광역시 동구 내동	대구광역시 동구 내동	2714014000
대구광역시 동구 능성동	대구광역시 동구 능성동	2714013200
대구광역시 동구 대림동	대구광역시 동구 대림동	2714012800
대구광역시 동구 덕곡동	대구광역시 동구 덕곡동	2714014400
대구광역시 동구 도동	대구광역시 동구 도동	2714010700
대구광역시 동구 도학동	대구광역시 동구 도학동	2714013400
대구광역시 동구 동내동	대구광역시 동구 동내동	2714012500
대구광역시 동구 동호동	대구광역시 동구 동호동	2714011600
대구광역시 동구 둔산동	대구광역시 동구 둔산동	2714011200
대구광역시 동구 매여동	대구광역시 동구 매여동	2714012200
대구광역시 동구 미곡동	대구광역시 동구 미곡동	2714013600
대구광역시 동구 미대동	대구광역시 동구 미대동	2714013900
대구광역시 동구 방촌동	대구광역시 동구 방촌동	2714011100
대구광역시 동구 백안동	대구광역시 동구 백안동	2714013500
대구광역시 동구 봉무동	대구광역시 동구 봉무동	2714010500
대구광역시 동구 부동	대구광역시 동구 부동	2714011300
대구광역시 동구 불로동	대구광역시 동구 불로동	2714010600
대구광역시 동구 사복동	대구광역시 동구 사복동	2714012900
대구광역시 동구 상매동	대구광역시 동구 상매동	2714012100
대구광역시 동구 서호동	대구광역시 동구 서호동	2714011500
대구광역시 동구 송정동	대구광역시 동구 송정동	2714014300
대구광역시 동구 숙천동	대구광역시 동구 숙천동	2714013000
대구광역시 동구 신기동	대구광역시 동구 신기동	2714011700
대구광역시 동구 신무동	대구광역시 동구 신무동	2714013800
대구광역시 동구 신서동	대구광역시 동구 신서동	2714012400
대구광역시 동구 신암동	대구광역시 동구 신암동	2714010100
대구광역시 동구 신용동	대구광역시 동구 신용동	2714014100
대구광역시 동구 신천동	대구광역시 동구 신천동	2714010200
대구광역시 동구 신평동	대구광역시 동구 신평동	2714011400
대구광역시 동구 용계동	대구광역시 동구 용계동	2714011900
대구광역시 동구 용수동	대구광역시 동구 용수동	2714013700
대구광역시 동구 율암동	대구광역시 동구 율암동	2714012000
대구광역시 동구 율하동	대구광역시 동구 율하동	2714011800
대구광역시 동구 입석동	대구광역시 동구 입석동	2714010900
대구광역시 동구 중대동	대구광역시 동구 중대동	2714014200
대구광역시 동구 지묘동	대구광역시 동구 지묘동	2714014500
대구광역시 동구 지저동	대구광역시 동구 지저동	2714010800
대구광역시 동구 진인동	대구광역시 동구 진인동	2714013300
대구광역시 동구 평광동	대구광역시 동구 평광동	2714010400
대구광역시 동구 효목동	대구광역시 동구 효목동	2714010300
대구광역시 북구 검단동	대구광역시 북구 검단동	2723011300
대구광역시 북구 고성동1가	대구광역시 북구 고성동1가	2723010300
대구광역시 북구 고성동2가	대구광역시 북구 고성동2가	2723010400
대구광역시 북구 고성동3가	대구광역시 북구 고성동3가	2723010500
대구광역시 북구 관음동	대구광역시 북구 관음동	2723012500
대구광역시 북구 구암동	대구광역시 북구 구암동	2723012300
대구광역시 북구 국우동	대구광역시 북구 국우동	2723012200
대구광역시 북구 금호동	대구광역시 북구 금호동	2723012900
대구광역시 북구 노곡동	대구광역시 북구 노곡동	2723011700
대구광역시 북구 노원동1가	대구광역시 북구 노원동1가	2723010700
대구광역시 북구 노원동2가	대구광역시 북구 노원동2가	2723010800
대구광역시 북구 노원동3가	대구광역시 북구 노원동3가	2723010900
대구광역시 북구 대현동	대구광역시 북구 대현동	2723011000
대구광역시 북구 도남동	대구광역시 북구 도남동	2723012100
대구광역시 북구 동변동	대구광역시 북구 동변동	2723011400
대구광역시 북구 동천동	대구광역시 북구 동천동	2723012400
대구광역시 북구 동호동	대구광역시 북구 동호동	2723011900
대구광역시 북구 매천동	대구광역시 북구 매천동	2723012700
대구광역시 북구 복현동	대구광역시 북구 복현동	2723011200
대구광역시 북구 사수동	대구광역시 북구 사수동	2723013000
대구광역시 북구 산격동	대구광역시 북구 산격동	2723011100
대구광역시 북구 서변동	대구광역시 북구 서변동	2723011500
대구광역시 북구 연경동	대구광역시 북구 연경동	2723013100
대구광역시 북구 읍내동	대구광역시 북구 읍내동	2723011800
대구광역시 북구 조야동	대구광역시 북구 조야동	2723011600
대구광역시 북구 칠성동1가	대구광역시 북구 칠성동1가	2723010100
대구광역시 북구 칠성동2가	대구광역시 북구 칠성동2가	2723010200
대구광역시 북구 침산동	대구광역시 북구 침산동	2723010600
대구광역시 북구 태전동	대구광역시 북구 태전동	2723012600
대구광역시 북구 팔달동	대구광역시 북구 팔달동	2723012800
대구광역시 북구 학정동	대구광역시 북구 학정동	2723012000
대구광역시 서구 내당동	대구광역시 서구 내당동	2717010100
대구광역시 서구 비산동	대구광역시 서구 비산동	2717010200
대구광역시 서구 상리동	대구광역시 서구 상리동	2717010400
대구광역시 서구 원대동1가	대구광역시 서구 원대동1가	2717010700
대구광역시 서구 원대동2가	대구광역시 서구 원대동2가	2717010800
대구광역시 서구 원대동3가	대구광역시 서구 원대동3가	2717010900
대구광역시 서구 이현동	대구광역시 서구 이현동	2717010600
대구광역시 서구 중리동	대구광역시 서구 중리동	2717010500
대구광역시 서구 평리동	대구광역시 서구 평리동	2717010300
대구광역시 수성구 가천동	대구광역시 수성구 가천동	2726012600
대구광역시 수성구 고모동	대구광역시 수성구 고모동	2726012500
대구광역시 수성구 노변동	대구광역시 수성구 노변동	2726012000
대구광역시 수성구 대흥동	대구광역시 수성구 대흥동	2726012700
대구광역시 수성구 두산동	대구광역시 수성구 두산동	2726011100
대구광역시 수성구 만촌동	대구광역시 수성구 만촌동	2726010200
대구광역시 수성구 매호동	대구광역시 수성구 매호동	2726011500
대구광역시 수성구 범물동	대구광역시 수성구 범물동	2726011300
대구광역시 수성구 범어동	대구광역시 수성구 범어동	2726010100
대구광역시 수성구 사월동	대구광역시 수성구 사월동	2726011700
대구광역시 수성구 삼덕동	대구광역시 수성구 삼덕동	2726012200
대구광역시 수성구 상동	대구광역시 수성구 상동	2726010900
대구광역시 수성구 성동	대구광역시 수성구 성동	2726011600
대구광역시 수성구 수성동1가	대구광역시 수성구 수성동1가	2726010300
대구광역시 수성구 수성동2가	대구광역시 수성구 수성동2가	2726010400
대구광역시 수성구 수성동3가	대구광역시 수성구 수성동3가	2726010500
대구광역시 수성구 수성동4가	대구광역시 수성구 수성동4가	2726010600
대구광역시 수성구 시지동	대구광역시 수성구 시지동	2726011400
대구광역시 수성구 신매동	대구광역시 수성구 신매동	2726011800
대구광역시 수성구 연호동	대구광역시 수성구 연호동	2726012300
대구광역시 수성구 욱수동	대구광역시 수성구 욱수동	2726011900
대구광역시 수성구 이천동	대구광역시 수성구 이천동	2726012400
대구광역시 수성구 중동	대구광역시 수성구 중동	2726010800
대구광역시 수성구 지산동	대구광역시 수성구 지산동	2726011200
대구광역시 수성구 파동	대구광역시 수성구 파동	2726011000
대구광역시 수성구 황금동	대구광역시 수성구 황금동	2726010700
대구광역시 중구 계산동1가	대구광역시 중구 계산동1가	2711013800
대구광역시 중구 계산동2가	대구광역시 중구 계산동2가	2711013900
대구광역시 중구 공평동	대구광역시 중구 공평동	2711012200
대구광역시 중구 교동	대구광역시 중구 교동	2711012500
대구광역시 중구 남산동	대구광역시 중구 남산동	2711015600
대구광역시 중구 남성로	대구광역시 중구 남성로	2711013700
대구광역시 중구 남일동	대구광역시 중구 남일동	2711011700
대구광역시 중구 달성동	대구광역시 중구 달성동	2711015500
대구광역시 중구 대봉동	대구광역시 중구 대봉동	2711015700
대구광역시 중구 대신동	대구광역시 중구 대신동	2711015400
대구광역시 중구 대안동	대구광역시 중구 대안동	2711014700
대구광역시 중구 덕산동	대구광역시 중구 덕산동	2711011200
대구광역시 중구 도원동	대구광역시 중구 도원동	2711012900
대구광역시 중구 동문동	대구광역시 중구 동문동	2711012000
대구광역시 중구 동산동	대구광역시 중구 동산동	2711014000
대구광역시 중구 동성로1가	대구광역시 중구 동성로1가	2711014800
대구광역시 중구 동성로2가	대구광역시 중구 동성로2가	2711012300
대구광역시 중구 동성로3가	대구광역시 중구 동성로3가	2711011900
대구광역시 중구 동인동1가	대구광역시 중구 동인동1가	2711010100
대구광역시 중구 동인동2가	대구광역시 중구 동인동2가	2711010200
대구광역시 중구 동인동3가	대구광역시 중구 동인동3가	2711010300
대구광역시 중구 동인동4가	대구광역시 중구 동인동4가	2711010400
대구광역시 중구 동일동	대구광역시 중구 동일동	2711011600
대구광역시 중구 문화동	대구광역시 중구 문화동	2711012100
대구광역시 중구 봉산동	대구광역시 중구 봉산동	2711010800
대구광역시 중구 북내동	대구광역시 중구 북내동	2711015300
대구광역시 중구 북성로1가	대구광역시 중구 북성로1가	2711015000
대구광역시 중구 북성로2가	대구광역시 중구 북성로2가	2711014600
대구광역시 중구 사일동	대구광역시 중구 사일동	2711011500
대구광역시 중구 삼덕동1가	대구광역시 중구 삼덕동1가	2711010500
대구광역시 중구 삼덕동2가	대구광역시 중구 삼덕동2가	2711010600
대구광역시 중구 삼덕동3가	대구광역시 중구 삼덕동3가	2711010700
대구광역시 중구 상덕동	대구광역시 중구 상덕동	2711012700
대구광역시 중구 상서동	대구광역시 중구 상서동	2711011000
대구광역시 중구 서내동	대구광역시 중구 서내동	2711014500
대구광역시 중구 서문로1가	대구광역시 중구 서문로1가	2711014400
대구광역시 중구 서문로2가	대구광역시 중구 서문로2가	2711014100
대구광역시 중구 서성로1가	대구광역시 중구 서성로1가	2711013400
대구광역시 중구 서성로2가	대구광역시 중구 서성로2가	2711014200
대구광역시 중구 서야동	대구광역시 중구 서야동	2711013300
대구광역시 중구 수동	대구광역시 중구 수동	2711011100
대구광역시 중구 수창동	대구광역시 중구 수창동	2711013000
대구광역시 중구 시장북로	대구광역시 중구 시장북로	2711013500
대구광역시 중구 완전동	대구광역시 중구 완전동	2711012800
대구광역시 중구 용덕동	대구광역시 중구 용덕동	2711012600
대구광역시 중구 인교동	대구광역시 중구 인교동	2711013200
대구광역시 중구 장관동	대구광역시 중구 장관동	2711010900
대구광역시 중구 전동	대구광역시 중구 전동	2711011800
대구광역시 중구 종로1가	대구광역시 중구 종로1가	2711011300
대구광역시 중구 종로2가	대구광역시 중구 종로2가	2711011400
대구광역시 중구 태평로1가	대구광역시 중구 태평로1가	2711012400
대구광역시 중구 태평로2가	대구광역시 중구 태평로2가	2711014900
대구광역시 중구 태평로3가	대구광역시 중구 태평로3가	2711013100
대구광역시 중구 포정동	대구광역시 중구 포정동	2711014300
대구광역시 중구 하서동	대구광역시 중구 하서동	2711013600
대구광역시 중구 향촌동	대구광역시 중구 향촌동	2711015200
대구광역시 중구 화전동	대구광역시 중구 화전동	2711015100
대전광역시 대덕구 갈전동	대전광역시 대덕구 갈전동	3023012100
대전광역시 대덕구 대화동	대전광역시 대덕구 대화동	3023010200
대전광역시 대덕구 덕암동	대전광역시 대덕구 덕암동	3023011500
대전광역시 대덕구 목상동	대전광역시 대덕구 목상동	3023011200
대전광역시 대덕구 문평동	대전광역시 대덕구 문평동	3023011300
대전광역시 대덕구 미호동	대전광역시 대덕구 미호동	3023012500
대전광역시 대덕구 법동	대전광역시 대덕구 법동	3023010800
대전광역시 대덕구 부수동	대전광역시 대덕구 부수동	3023012200
대전광역시 대덕구 비래동	대전광역시 대덕구 비래동	3023011000
대전광역시 대덕구 삼정동	대전광역시 대덕구 삼정동	3023012400
대전광역시 대덕구 상서동	대전광역시 대덕구 상서동	3023011600
대전광역시 대덕구 석봉동	대전광역시 대덕구 석봉동	3023011100
대전광역시 대덕구 송촌동	대전광역시 대덕구 송촌동	3023010700
대전광역시 대덕구 신대동	대전광역시 대덕구 신대동	3023010500
대전광역시 대덕구 신일동	대전광역시 대덕구 신일동	3023011400
대전광역시 대덕구 신탄진동	대전광역시 대덕구 신탄진동	3023012600
대전광역시 대덕구 연축동	대전광역시 대덕구 연축동	3023010400
대전광역시 대덕구 오정동	대전광역시 대덕구 오정동	3023010100
대전광역시 대덕구 와동	대전광역시 대덕구 와동	3023010600
대전광역시 대덕구 용호동	대전광역시 대덕구 용호동	3023011900
대전광역시 대덕구 읍내동	대전광역시 대덕구 읍내동	3023010300
대전광역시 대덕구 이현동	대전광역시 대덕구 이현동	3023012000
대전광역시 대덕구 장동	대전광역시 대덕구 장동	3023011800
대전광역시 대덕구 중리동	대전광역시 대덕구 중리동	3023010900
대전광역시 대덕구 평촌동	대전광역시 대덕구 평촌동	3023011700
대전광역시 동구 가양동	대전광역시 동구 가양동	3011011400
대전광역시 동구 가오동	대전광역시 동구 가오동	3011010500
대전광역시 동구 구도동	대전광역시 동구 구도동	3011014200
대전광역시 동구 낭월동	대전광역시 동구 낭월동	3011013600
대전광역시 동구 내탑동	대전광역시 동구 내탑동	3011013300
대전광역시 동구 대동	대전광역시 동구 대동	3011011000
대전광역시 동구 대별동	대전광역시 동구 대별동	3011013700
대전광역시 동구 대성동	대전광역시 동구 대성동	3011013900
대전광역시 동구 마산동	대전광역시 동구 마산동	3011012500
대전광역시 동구 비룡동	대전광역시 동구 비룡동	3011012200
대전광역시 동구 사성동	대전광역시 동구 사성동	3011013200
대전광역시 동구 삼괴동	대전광역시 동구 삼괴동	3011014300
대전광역시 동구 삼성동	대전광역시 동구 삼성동	3011011800
대전광역시 동구 삼정동	대전광역시 동구 삼정동	3011010800
대전광역시 동구 상소동	대전광역시 동구 상소동	3011014400
대전광역시 동구 성남동	대전광역시 동구 성남동	3011011600
대전광역시 동구 세천동	대전광역시 동구 세천동	3011012800
대전광역시 동구 소제동	대전광역시 동구 소제동	3011011300
대전광역시 동구 소호동	대전광역시 동구 소호동	3011014100
대전광역시 동구 신상동	대전광역시 동구 신상동	3011012900
대전광역시 동구 신안동	대전광역시 동구 신안동	3011011200
대전광역시 동구 신촌동	대전광역시 동구 신촌동	3011013100
대전광역시 동구 신하동	대전광역시 동구 신하동	3011013000
대전광역시 동구 신흥동	대전광역시 동구 신흥동	3011010600
대전광역시 동구 오동	대전광역시 동구 오동	3011013400
대전광역시 동구 용계동	대전광역시 동구 용계동	3011012400
대전광역시 동구 용운동	대전광역시 동구 용운동	3011010900
대전광역시 동구 용전동	대전광역시 동구 용전동	3011011500
대전광역시 동구 원동	대전광역시 동구 원동	3011010100
대전광역시 동구 이사동	대전광역시 동구 이사동	3011013800
대전광역시 동구 인동	대전광역시 동구 인동	3011010200
대전광역시 동구 자양동	대전광역시 동구 자양동	3011011100
대전광역시 동구 장척동	대전광역시 동구 장척동	3011014000
대전광역시 동구 정동	대전광역시 동구 정동	3011011900
대전광역시 동구 주산동	대전광역시 동구 주산동	3011012300
대전광역시 동구 주촌동	대전광역시 동구 주촌동	3011013500
대전광역시 동구 중동	대전광역시 동구 중동	3011012000
대전광역시 동구 직동	대전광역시 동구 직동	3011012700
대전광역시 동구 천동	대전광역시 동구 천동	3011010400
대전광역시 동구 추동	대전광역시 동구 추동	3011012100
대전광역시 동구 판암동	대전광역시 동구 판암동	3011010700
대전광역시 동구 하소동	대전광역시 동구 하소동	3011014500
대전광역시 동구 홍도동	대전광역시 동구 홍도동	3011011700
대전광역시 동구 효동	대전광역시 동구 효동	3011010300
대전광역시 동구 효평동	대전광역시 동구 효평동	3011012600
대전광역시 서구 가수원동	대전광역시 서구 가수원동	3017011400
대전광역시 서구 가장동	대전광역시 서구 가장동	3017010900
대전광역시 서구 갈마동	대전광역시 서구 갈마동	3017011100
대전광역시 서구 관저동	대전광역시 서구 관저동	3017011600
대전광역시 서구 괴곡동	대전광역시 서구 괴곡동	3017012700
대전광역시 서구 괴정동	대전광역시 서구 괴정동	3017010800
대전광역시 서구 내동	대전광역시 서구 내동	3017011000
대전광역시 서구 도마동	대전광역시 서구 도마동	3017010300
대전광역시 서구 도안동	대전광역시 서구 도안동	3017011500
대전광역시 서구 둔산동	대전광역시 서구 둔산동	3017011200
대전광역시 서구 만년동	대전광역시 서구 만년동	3017012800
대전광역시 서구 매노동	대전광역시 서구 매노동	3017011800
대전광역시 서구 변동	대전광역시 서구 변동	3017010200
대전광역시 서구 복수동	대전광역시 서구 복수동	3017010100
대전광역시 서구 봉곡동	대전광역시 서구 봉곡동	3017012600
대전광역시 서구 산직동	대전광역시 서구 산직동	3017011900
대전광역시 서구 삼천동	대전광역시 서구 둔산동	3017011200
대전광역시 서구 오동	대전광역시 서구 오동	3017012200
대전광역시 서구 용문동	대전광역시 서구 용문동	3017010500
대전광역시 서구 용촌동	대전광역시 서구 용촌동	3017012500
대전광역시 서구 우명동	대전광역시 서구 우명동	3017012300
대전광역시 서구 원정동	대전광역시 서구 원정동	3017012400
대전광역시 서구 월평동	대전광역시 서구 월평동	3017011300
대전광역시 서구 장안동	대전광역시 서구 장안동	3017012000
대전광역시 서구 정림동	대전광역시 서구 정림동	3017010400
대전광역시 서구 탄방동	대전광역시 서구 탄방동	3017010600
대전광역시 서구 평촌동	대전광역시 서구 평촌동	3017012100
대전광역시 서구 흑석동	대전광역시 서구 흑석동	3017011700
대전광역시 유성구 가정동	대전광역시 유성구 가정동	3020012600
대전광역시 유성구 갑동	대전광역시 유성구 갑동	3020011800
대전광역시 유성구 계산동	대전광역시 유성구 계산동	3020010600
대전광역시 유성구 관평동	대전광역시 유성구 관평동	3020014600
대전광역시 유성구 교촌동	대전광역시 유성구 교촌동	3020010200
대전광역시 유성구 구룡동	대전광역시 유성구 구룡동	3020015300
대전광역시 유성구 구암동	대전광역시 유성구 구암동	3020011200
대전광역시 유성구 궁동	대전광역시 유성구 궁동	3020012200
대전광역시 유성구 금고동	대전광역시 유성구 금고동	3020014800
대전광역시 유성구 금탄동	대전광역시 유성구 금탄동	3020015000
대전광역시 유성구 노은동	대전광역시 유성구 노은동	3020011900
대전광역시 유성구 대동	대전광역시 유성구 대동	3020014900
대전광역시 유성구 대정동	대전광역시 유성구 대정동	3020010300
대전광역시 유성구 덕명동	대전광역시 유성구 덕명동	3020011300
대전광역시 유성구 덕진동	대전광역시 유성구 덕진동	3020013100
대전광역시 유성구 도룡동	대전광역시 유성구 도룡동	3020012700
대전광역시 유성구 둔곡동	대전광역시 유성구 둔곡동	3020015200
대전광역시 유성구 문지동	대전광역시 유성구 문지동	3020014000
대전광역시 유성구 반석동	대전광역시 유성구 반석동	3020013900
대전광역시 유성구 방동	대전광역시 유성구 방동	3020011000
대전광역시 유성구 방현동	대전광역시 유성구 방현동	3020012900
대전광역시 유성구 복용동	대전광역시 유성구 복용동	3020011600
대전광역시 유성구 봉명동	대전광역시 유성구 봉명동	3020011100
대전광역시 유성구 봉산동	대전광역시 유성구 봉산동	3020014500
대전광역시 유성구 상대동	대전광역시 유성구 상대동	3020011500
대전광역시 유성구 성북동	대전광역시 유성구 성북동	3020010700
대전광역시 유성구 세동	대전광역시 유성구 세동	3020010800
대전광역시 유성구 송강동	대전광역시 유성구 송강동	3020014700
대전광역시 유성구 송정동	대전광역시 유성구 송정동	3020010900
대전광역시 유성구 수남동	대전광역시 유성구 수남동	3020013600
대전광역시 유성구 신동	대전광역시 유성구 신동	3020015100
대전광역시 유성구 신봉동	대전광역시 유성구 신봉동	3020013500
대전광역시 유성구 신성동	대전광역시 유성구 신성동	3020012500
대전광역시 유성구 안산동	대전광역시 유성구 안산동	3020013700
대전광역시 유성구 어은동	대전광역시 유성구 어은동	3020012300
대전광역시 유성구 외삼동	대전광역시 유성구 외삼동	3020013800
대전광역시 유성구 용계동	대전광역시 유성구 용계동	3020010400
대전광역시 유성구 용산동	대전광역시 유성구 용산동	3020014400
대전광역시 유성구 원내동	대전광역시 유성구 원내동	3020010100
대전광역시 유성구 원신흥동	대전광역시 유성구 원신흥동	3020011400
대전광역시 유성구 원촌동	대전광역시 유성구 원촌동	3020014200
대전광역시 유성구 자운동	대전광역시 유성구 자운동	3020013400
대전광역시 유성구 장대동	대전광역시 유성구 장대동	3020011700
대전광역시 유성구 장동	대전광역시 유성구 장동	3020012800
대전광역시 유성구 전민동	대전광역시 유성구 전민동	3020014100
대전광역시 유성구 죽동	대전광역시 유성구 죽동	3020012100
대전광역시 유성구 지족동	대전광역시 유성구 지족동	3020012000
대전광역시 유성구 추목동	대전광역시 유성구 추목동	3020013300
대전광역시 유성구 탑립동	대전광역시 유성구 탑립동	3020014300
대전광역시 유성구 하기동	대전광역시 유성구 하기동	3020013200
대전광역시 유성구 학하동	대전광역시 유성구 학하동	3020010500
대전광역시 유성구 화암동	대전광역시 유성구 화암동	3020013000
대전광역시 중구 구완동	대전광역시 중구 구완동	3014012100
대전광역시 중구 금동	대전광역시 중구 금동	3014012600
대전광역시 중구 대사동	대전광역시 중구 대사동	3014011000
대전광역시 중구 대흥동	대전광역시 중구 대흥동	3014010500
대전광역시 중구 목달동	대전광역시 중구 목달동	3014012300
대전광역시 중구 목동	대전광역시 중구 목동	3014010300
대전광역시 중구 무수동	대전광역시 중구 무수동	3014012000
대전광역시 중구 문창동	대전광역시 중구 문창동	3014010600
대전광역시 중구 문화동	대전광역시 중구 문화동	3014011600
대전광역시 중구 부사동	대전광역시 중구 부사동	3014011100
대전광역시 중구 사정동	대전광역시 중구 사정동	3014011800
대전광역시 중구 산성동	대전광역시 중구 산성동	3014011700
대전광역시 중구 석교동	대전광역시 중구 석교동	3014010700
대전광역시 중구 선화동	대전광역시 중구 선화동	3014010200
대전광역시 중구 안영동	대전광역시 중구 안영동	3014011900
대전광역시 중구 어남동	대전광역시 중구 어남동	3014012500
대전광역시 중구 오류동	대전광역시 중구 오류동	3014011300
대전광역시 중구 옥계동	대전광역시 중구 옥계동	3014010900
대전광역시 중구 용두동	대전광역시 중구 용두동	3014011200
대전광역시 중구 유천동	대전광역시 중구 유천동	3014011500
대전광역시 중구 은행동	대전광역시 중구 은행동	3014010100
대전광역시 중구 정생동	대전광역시 중구 정생동	3014012400
대전광역시 중구 중촌동	대전광역시 중구 중촌동	3014010400
대전광역시 중구 침산동	대전광역시 중구 침산동	3014012200
대전광역시 중구 태평동	대전광역시 중구 태평동	3014011400
대전광역시 중구 호동	대전광역시 중구 호동	3014010800
부산광역시 강서구 강동동	부산광역시 강서구 강동동	2644010300
부산광역시 강서구 구랑동	부산광역시 강서구 구랑동	2644011300
부산광역시 강서구 녹산동	부산광역시 강서구 녹산동	2644011100
부산광역시 강서구 눌차동	부산광역시 강서구 눌차동	2644012000
부산광역시 강서구 대저1동	부산광역시 강서구 대저1동	2644010100
부산광역시 강서구 대저2동	부산광역시 강서구 대저2동	2644010200
부산광역시 강서구 대항동	부산광역시 강서구 대항동	2644012200
부산광역시 강서구 동선동	부산광역시 강서구 동선동	2644011800
부산광역시 강서구 명지동	부산광역시 강서구 명지동	2644010400
부산광역시 강서구 미음동	부산광역시 강서구 미음동	2644011500
부산광역시 강서구 범방동	부산광역시 강서구 범방동	2644011600
부산광역시 강서구 봉림동	부산광역시 강서구 봉림동	2644010800
부산광역시 강서구 생곡동	부산광역시 강서구 생곡동	2644011200
부산광역시 강서구 성북동	부산광역시 강서구 성북동	2644011900
부산광역시 강서구 송정동	부산광역시 강서구 송정동	2644010900
부산광역시 강서구 식만동	부산광역시 강서구 식만동	2644010600
부산광역시 강서구 신호동	부산광역시 강서구 신호동	2644011700
부산광역시 강서구 죽동동	부산광역시 강서구 죽동동	2644010700
부산광역시 강서구 죽림동	부산광역시 강서구 죽림동	2644010500
부산광역시 강서구 지사동	부산광역시 강서구 지사동	2644011400
부산광역시 강서구 천성동	부산광역시 강서구 천성동	2644012100
부산광역시 강서구 화전동	부산광역시 강서구 화전동	2644011000
부산광역시 금정구 구서동	부산광역시 금정구 구서동	2641010700
부산광역시 금정구 금사동	부산광역시 금정구 금사동	2641011100
부산광역시 금정구 금성동	부산광역시 금정구 금성동	2641011300
부산광역시 금정구 남산동	부산광역시 금정구 남산동	2641010400
부산광역시 금정구 노포동	부산광역시 금정구 노포동	2641010200
부산광역시 금정구 두구동	부산광역시 금정구 두구동	2641010100
부산광역시 금정구 부곡동	부산광역시 금정구 부곡동	2641010900
부산광역시 금정구 서동	부산광역시 금정구 서동	2641011000
부산광역시 금정구 선동	부산광역시 금정구 선동	2641010500
부산광역시 금정구 오륜동	부산광역시 금정구 오륜동	2641010600
부산광역시 금정구 장전동	부산광역시 금정구 장전동	2641010800
부산광역시 금정구 청룡동	부산광역시 금정구 청룡동	2641010300
부산광역시 금정구 회동동	부산광역시 금정구 회동동	2641011200
부산광역시 기장군 기장읍 교리	부산광역시 기장군 기장읍 교리	2671025022
부산광역시 기장군 기장읍 내리	부산광역시 기장군 기장읍 내리	2671025034
부산광역시 기장군 기장읍 당사리	부산광역시 기장군 기장읍 당사리	2671025032
부산광역시 기장군 기장읍 대라리	부산광역시 기장군 기장읍 대라리	2671025026
부산광역시 기장군 기장읍 대변리	부산광역시 기장군 기장읍 대변리	2671025028
부산광역시 기장군 기장읍 동부리	부산광역시 기장군 기장읍 동부리	2671025021
부산광역시 기장군 기장읍 만화리	부산광역시 기장군 기장읍 만화리	2671025030
부산광역시 기장군 기장읍 서부리	부산광역시 기장군 기장읍 서부리	2671025025
부산광역시 기장군 기장읍 석산리	부산광역시 기장군 기장읍 석산리	2671025031
부산광역시 기장군 기장읍 시랑리	부산광역시 기장군 기장읍 시랑리	2671025033
부산광역시 기장군 기장읍 신천리	부산광역시 기장군 기장읍 신천리	2671025023
부산광역시 기장군 기장읍 연화리	부산광역시 기장군 기장읍 연화리	2671025029
부산광역시 기장군 기장읍 죽성리	부산광역시 기장군 기장읍 죽성리	2671025024
부산광역시 기장군 기장읍 청강리	부산광역시 기장군 기장읍 청강리	2671025027
부산광역시 기장군 일광면 동백리	부산광역시 기장군 일광면 동백리	2671031024
부산광역시 기장군 일광면 문동리	부산광역시 기장군 일광면 문동리	2671031028
부산광역시 기장군 일광면 문중리	부산광역시 기장군 일광면 문중리	2671031025
부산광역시 기장군 일광면 삼성리	부산광역시 기장군 일광면 삼성리	2671031021
부산광역시 기장군 일광면 신평리	부산광역시 기장군 일광면 신평리	2671031026
부산광역시 기장군 일광면 용천리	부산광역시 기장군 일광면 용천리	2671031033
부산광역시 기장군 일광면 원리	부산광역시 기장군 일광면 원리	2671031030
부산광역시 기장군 일광면 이천리	부산광역시 기장군 일광면 이천리	2671031022
부산광역시 기장군 일광면 청광리	부산광역시 기장군 일광면 청광리	2671031029
부산광역시 기장군 일광면 칠암리	부산광역시 기장군 일광면 칠암리	2671031027
부산광역시 기장군 일광면 학리	부산광역시 기장군 일광면 학리	2671031023
부산광역시 기장군 일광면 화전리	부산광역시 기장군 일광면 화전리	2671031031
부산광역시 기장군 일광면 횡계리	부산광역시 기장군 일광면 횡계리	2671031032
부산광역시 기장군 장안읍 기룡리	부산광역시 기장군 장안읍 기룡리	2671025328
부산광역시 기장군 장안읍 길천리	부산광역시 기장군 장안읍 길천리	2671025334
부산광역시 기장군 장안읍 덕선리	부산광역시 기장군 장안읍 덕선리	2671025326
부산광역시 기장군 장안읍 명례리	부산광역시 기장군 장안읍 명례리	2671025329
부산광역시 기장군 장안읍 반룡리	부산광역시 기장군 장안읍 반룡리	2671025331
부산광역시 기장군 장안읍 오리	부산광역시 기장군 장안읍 오리	2671025333
부산광역시 기장군 장안읍 용소리	부산광역시 기장군 장안읍 용소리	2671025327
부산광역시 기장군 장안읍 월내리	부산광역시 기장군 장안읍 월내리	2671025330
부산광역시 기장군 장안읍 임랑리	부산광역시 기장군 장안읍 임랑리	2671025332
부산광역시 기장군 장안읍 장안리	부산광역시 기장군 장안읍 장안리	2671025325
부산광역시 기장군 장안읍 좌동리	부산광역시 기장군 장안읍 좌동리	2671025324
부산광역시 기장군 장안읍 좌천리	부산광역시 기장군 장안읍 좌천리	2671025321
부산광역시 기장군 정관읍 달산리	부산광역시 기장군 정관읍 달산리	2671025625
부산광역시 기장군 정관읍 두명리	부산광역시 기장군 정관읍 두명리	2671025629
부산광역시 기장군 정관읍 매학리	부산광역시 기장군 정관읍 매학리	2671025622
부산광역시 기장군 정관읍 모전리	부산광역시 기장군 정관읍 모전리	2671025627
부산광역시 기장군 정관읍 방곡리	부산광역시 기장군 정관읍 방곡리	2671025621
부산광역시 기장군 정관읍 병산리	부산광역시 기장군 정관읍 병산리	2671025626
부산광역시 기장군 정관읍 예림리	부산광역시 기장군 정관읍 예림리	2671025630
부산광역시 기장군 정관읍 용수리	부산광역시 기장군 정관읍 용수리	2671025628
부산광역시 기장군 정관읍 월평리	부산광역시 기장군 정관읍 월평리	2671025624
부산광역시 기장군 정관읍 임곡리	부산광역시 기장군 정관읍 임곡리	2671025623
부산광역시 기장군 철마면 고촌리	부산광역시 기장군 철마면 고촌리	2671033029
부산광역시 기장군 철마면 구칠리	부산광역시 기장군 철마면 구칠리	2671033027
부산광역시 기장군 철마면 백길리	부산광역시 기장군 철마면 백길리	2671033023
부산광역시 기장군 철마면 송정리	부산광역시 기장군 철마면 송정리	2671033024
부산광역시 기장군 철마면 안평리	부산광역시 기장군 철마면 안평리	2671033030
부산광역시 기장군 철마면 연구리	부산광역시 기장군 철마면 연구리	2671033026
부산광역시 기장군 철마면 와여리	부산광역시 기장군 철마면 와여리	2671033021
부산광역시 기장군 철마면 웅천리	부산광역시 기장군 철마면 웅천리	2671033025
부산광역시 기장군 철마면 이곡리	부산광역시 기장군 철마면 이곡리	2671033028
부산광역시 기장군 철마면 임기리	부산광역시 기장군 철마면 임기리	2671033031
부산광역시 기장군 철마면 장전리	부산광역시 기장군 철마면 장전리	2671033022
부산광역시 남구 감만동	부산광역시 남구 감만동	2629011100
부산광역시 남구 대연동	부산광역시 남구 대연동	2629010600
부산광역시 남구 문현동	부산광역시 남구 문현동	2629010900
부산광역시 남구 용당동	부산광역시 남구 용당동	2629010800
부산광역시 남구 용호동	부산광역시 남구 용호동	2629010700
부산광역시 남구 우암동	부산광역시 남구 우암동	2629011000
부산광역시 동구 범일동	부산광역시 동구 범일동	2617010400
부산광역시 동구 수정동	부산광역시 동구 수정동	2617010200
부산광역시 동구 좌천동	부산광역시 동구 좌천동	2617010300
부산광역시 동구 초량동	부산광역시 동구 초량동	2617010100
부산광역시 동래구 낙민동	부산광역시 동래구 낙민동	2626010400
부산광역시 동래구 명륜동	부산광역시 동래구 명륜동	2626010700
부산광역시 동래구 명장동	부산광역시 동래구 명장동	2626010100
부산광역시 동래구 복천동	부산광역시 동래구 복천동	2626010500
부산광역시 동래구 사직동	부산광역시 동래구 사직동	2626010900
부산광역시 동래구 수안동	부산광역시 동래구 수안동	2626010600
부산광역시 동래구 안락동	부산광역시 동래구 안락동	2626010200
부산광역시 동래구 온천동	부산광역시 동래구 온천동	2626010800
부산광역시 동래구 칠산동	부산광역시 동래구 칠산동	2626010300
부산광역시 부산진구 가야동	부산광역시 부산진구 가야동	2623011000
부산광역시 부산진구 개금동	부산광역시 부산진구 개금동	2623011100
부산광역시 부산진구 당감동	부산광역시 부산진구 당감동	2623010900
부산광역시 부산진구 범전동	부산광역시 부산진구 범전동	2623010500
부산광역시 부산진구 범천동	부산광역시 부산진구 범천동	2623010400
부산광역시 부산진구 부암동	부산광역시 부산진구 부암동	2623010800
부산광역시 부산진구 부전동	부산광역시 부산진구 부전동	2623010300
부산광역시 부산진구 양정동	부산광역시 부산진구 양정동	2623010100
부산광역시 부산진구 연지동	부산광역시 부산진구 연지동	2623010600
부산광역시 부산진구 전포동	부산광역시 부산진구 전포동	2623010200
부산광역시 부산진구 초읍동	부산광역시 부산진구 초읍동	2623010700
부산광역시 북구 구포동	부산광역시 북구 구포동	2632010500
부산광역시 북구 금곡동	부산광역시 북구 금곡동	2632010100
부산광역시 북구 덕천동	부산광역시 북구 덕천동	2632010400
부산광역시 북구 만덕동	부산광역시 북구 만덕동	2632010300
부산광역시 북구 화명동	부산광역시 북구 화명동	2632010200
부산광역시 사상구 감전동	부산광역시 사상구 감전동	2653010500
부산광역시 사상구 괘법동	부산광역시 사상구 괘법동	2653010400
부산광역시 사상구 덕포동	부산광역시 사상구 덕포동	2653010300
부산광역시 사상구 모라동	부산광역시 사상구 모라동	2653010200
부산광역시 사상구 삼락동	부산광역시 사상구 삼락동	2653010100
부산광역시 사상구 엄궁동	부산광역시 사상구 엄궁동	2653010800
부산광역시 사상구 주례동	부산광역시 사상구 주례동	2653010600
부산광역시 사상구 학장동	부산광역시 사상구 학장동	2653010700
부산광역시 사하구 감천동	부산광역시 사하구 감천동	2638010800
부산광역시 사하구 괴정동	부산광역시 사하구 괴정동	2638010100
부산광역시 사하구 구평동	부산광역시 사하구 구평동	2638010700
부산광역시 사하구 다대동	부산광역시 사하구 다대동	2638010600
부산광역시 사하구 당리동	부산광역시 사하구 당리동	2638010200
부산광역시 사하구 신평동	부산광역시 사하구 신평동	2638010400
부산광역시 사하구 장림동	부산광역시 사하구 장림동	2638010500
부산광역시 사하구 하단동	부산광역시 사하구 하단동	2638010300
부산광역시 서구 남부민동	부산광역시 서구 남부민동	2614012300
부산광역시 서구 동대신동1가	부산광역시 서구 동대신동1가	2614010100
부산광역시 서구 동대신동2가	부산광역시 서구 동대신동2가	2614010200
부산광역시 서구 동대신동3가	부산광역시 서구 동대신동3가	2614010300
부산광역시 서구 부민동1가	부산광역시 서구 부민동1가	2614010900
부산광역시 서구 부민동2가	부산광역시 서구 부민동2가	2614011000
부산광역시 서구 부민동3가	부산광역시 서구 부민동3가	2614011100
부산광역시 서구 부용동1가	부산광역시 서구 부용동1가	2614010700
부산광역시 서구 부용동2가	부산광역시 서구 부용동2가	2614010800
부산광역시 서구 서대신동1가	부산광역시 서구 서대신동1가	2614010400
부산광역시 서구 서대신동2가	부산광역시 서구 서대신동2가	2614010500
부산광역시 서구 서대신동3가	부산광역시 서구 서대신동3가	2614010600
부산광역시 서구 아미동1가	부산광역시 서구 아미동1가	2614011500
부산광역시 서구 아미동2가	부산광역시 서구 아미동2가	2614011600
부산광역시 서구 암남동	부산광역시 서구 암남동	2614012400
부산광역시 서구 초장동	부산광역시 서구 초장동	2614011900
부산광역시 서구 충무동1가	부산광역시 서구 충무동1가	2614012000
부산광역시 서구 충무동2가	부산광역시 서구 충무동2가	2614012100
부산광역시 서구 충무동3가	부산광역시 서구 충무동3가	2614012200
부산광역시 서구 토성동1가	부산광역시 서구 토성동1가	2614011200
부산광역시 서구 토성동2가	부산광역시 서구 토성동2가	2614011300
부산광역시 서구 토성동3가	부산광역시 서구 토성동3가	2614011400
부산광역시 서구 토성동4가	부산광역시 서구 토성동4가	2614011700
부산광역시 서구 토성동5가	부산광역시 서구 토성동5가	2614011800
부산광역시 수영구 광안동	부산광역시 수영구 광안동	2650010400
부산광역시 수영구 남천동	부산광역시 수영구 남천동	2650010500
부산광역시 수영구 망미동	부산광역시 수영구 망미동	2650010100
부산광역시 수영구 민락동	부산광역시 수영구 민락동	2650010300
부산광역시 수영구 수영동	부산광역시 수영구 수영동	2650010200
부산광역시 연제구 거제동	부산광역시 연제구 거제동	2647010100
부산광역시 연제구 연산동	부산광역시 연제구 연산동	2647010200
부산광역시 영도구 남항동1가	부산광역시 영도구 남항동1가	2620010500
부산광역시 영도구 남항동2가	부산광역시 영도구 남항동2가	2620010600
부산광역시 영도구 남항동3가	부산광역시 영도구 남항동3가	2620010700
부산광역시 영도구 대교동1가	부산광역시 영도구 대교동1가	2620010100
부산광역시 영도구 대교동2가	부산광역시 영도구 대교동2가	2620010200
부산광역시 영도구 대평동1가	부산광역시 영도구 대평동1가	2620010300
부산광역시 영도구 대평동2가	부산광역시 영도구 대평동2가	2620010400
부산광역시 영도구 동삼동	부산광역시 영도구 동삼동	2620012100
부산광역시 영도구 봉래동1가	부산광역시 영도구 봉래동1가	2620011500
부산광역시 영도구 봉래동2가	부산광역시 영도구 봉래동2가	2620011600
부산광역시 영도구 봉래동3가	부산광역시 영도구 봉래동3가	2620011700
부산광역시 영도구 봉래동4가	부산광역시 영도구 봉래동4가	2620011800
부산광역시 영도구 봉래동5가	부산광역시 영도구 봉래동5가	2620011900
부산광역시 영도구 신선동1가	부산광역시 영도구 신선동1가	2620011200
부산광역시 영도구 신선동2가	부산광역시 영도구 신선동2가	2620011300
부산광역시 영도구 신선동3가	부산광역시 영도구 신선동3가	2620011400
부산광역시 영도구 영선동1가	부산광역시 영도구 영선동1가	2620010800
부산광역시 영도구 영선동2가	부산광역시 영도구 영선동2가	2620010900
부산광역시 영도구 영선동3가	부산광역시 영도구 영선동3가	2620011000
부산광역시 영도구 영선동4가	부산광역시 영도구 영선동4가	2620011100
부산광역시 영도구 청학동	부산광역시 영도구 청학동	2620012000
부산광역시 중구 광복동1가	부산광역시 중구 광복동1가	2611013300
부산광역시 중구 광복동2가	부산광역시 중구 광복동2가	2611013400
부산광역시 중구 광복동3가	부산광역시 중구 광복동3가	2611013500
부산광역시 중구 남포동1가	부산광역시 중구 남포동1가	2611013600
부산광역시 중구 남포동2가	부산광역시 중구 남포동2가	2611013700
부산광역시 중구 남포동3가	부산광역시 중구 남포동3가	2611013800
부산광역시 중구 남포동4가	부산광역시 중구 남포동4가	2611013900
부산광역시 중구 남포동5가	부산광역시 중구 남포동5가	2611014000
부산광역시 중구 남포동6가	부산광역시 중구 남포동6가	2611014100
부산광역시 중구 대창동1가	부산광역시 중구 대창동1가	2611010200
부산광역시 중구 대창동2가	부산광역시 중구 대창동2가	2611010300
부산광역시 중구 대청동1가	부산광역시 중구 대청동1가	2611011600
부산광역시 중구 대청동2가	부산광역시 중구 대청동2가	2611011700
부산광역시 중구 대청동3가	부산광역시 중구 대청동3가	2611011800
부산광역시 중구 대청동4가	부산광역시 중구 대청동4가	2611011900
부산광역시 중구 동광동1가	부산광역시 중구 동광동1가	2611011100
부산광역시 중구 동광동2가	부산광역시 중구 동광동2가	2611011200
부산광역시 중구 동광동3가	부산광역시 중구 동광동3가	2611011300
부산광역시 중구 동광동4가	부산광역시 중구 동광동4가	2611011400
부산광역시 중구 동광동5가	부산광역시 중구 동광동5가	2611011500
부산광역시 중구 보수동1가	부산광역시 중구 보수동1가	2611012000
부산광역시 중구 보수동2가	부산광역시 중구 보수동2가	2611012100
부산광역시 중구 보수동3가	부산광역시 중구 보수동3가	2611012200
부산광역시 중구 부평동1가	부산광역시 중구 부평동1가	2611012300
부산광역시 중구 부평동2가	부산광역시 중구 부평동2가	2611012400
부산광역시 중구 부평동3가	부산광역시 중구 부평동3가	2611012500
부산광역시 중구 부평동4가	부산광역시 중구 부평동4가	2611012600
부산광역시 중구 신창동1가	부산광역시 중구 신창동1가	2611012700
부산광역시 중구 신창동2가	부산광역시 중구 신창동2가	2611012800
부산광역시 중구 신창동3가	부산광역시 중구 신창동3가	2611012900
부산광역시 중구 신창동4가	부산광역시 중구 신창동4가	2611013000
부산광역시 중구 영주동	부산광역시 중구 영주동	2611010100
부산광역시 중구 중앙동1가	부산광역시 중구 중앙동1가	2611010400
부산광역시 중구 중앙동2가	부산광역시 중구 중앙동2가	2611010500
부산광역시 중구 중앙동3가	부산광역시 중구 중앙동3가	2611010600
부산광역시 중구 중앙동4가	부산광역시 중구 중앙동4가	2611010700
부산광역시 중구 중앙동5가	부산광역시 중구 중앙동5가	2611010800
부산광역시 중구 중앙동6가	부산광역시 중구 중앙동6가	2611010900
부산광역시 중구 중앙동7가	부산광역시 중구 중앙동7가	2611011000
부산광역시 중구 창선동1가	부산광역시 중구 창선동1가	2611013100
부산광역시 중구 창선동2가	부산광역시 중구 창선동2가	2611013200
부산광역시 해운대구 반송동	부산광역시 해운대구 반송동	2635010100
부산광역시 해운대구 반여동	부산광역시 해운대구 반여동	2635010300
부산광역시 해운대구 석대동	부산광역시 해운대구 석대동	2635010200
부산광역시 해운대구 송정동	부산광역시 해운대구 송정동	2635010800
부산광역시 해운대구 우동	부산광역시 해운대구 우동	2635010500
부산광역시 해운대구 재송동	부산광역시 해운대구 재송동	2635010400
부산광역시 해운대구 좌동	부산광역시 해운대구 좌동	2635010700
부산광역시 해운대구 중동	부산광역시 해운대구 중동	2635010600
서울특별시 강남구 개포동	서울특별시 강남구 개포동	1168010300
서울특별시 강남구 논현동	서울특별시 강남구 논현동	1168010800
서울특별시 강남구 대치동	서울특별시 강남구 대치동	1168010600
서울특별시 강남구 도곡동	서울특별시 강남구 도곡동	1168011800
서울특별시 강남구 삼성동	서울특별시 강남구 삼성동	1168010500
서울특별시 강남구 세곡동	서울특별시 강남구 세곡동	1168011100
서울특별시 강남구 수서동	서울특별시 강남구 수서동	1168011500
서울특별시 강남구 신사동	서울특별시 강남구 신사동	1168010700
서울특별시 강남구 압구정동	서울특별시 강남구 압구정동	1168011000
서울특별시 강남구 역삼동	서울특별시 강남구 역삼동	1168010100
서울특별시 강남구 율현동	서울특별시 강남구 율현동	1168011300
서울특별시 강남구 일원동	서울특별시 강남구 일원동	1168011400
서울특별시 강남구 자곡동	서울특별시 강남구 자곡동	1168011200
서울특별시 강남구 청담동	서울특별시 강남구 청담동	1168010400
서울특별시 강동구 강일동	서울특별시 강동구 강일동	1174011000
서울특별시 강동구 고덕동	서울특별시 강동구 고덕동	1174010200
서울특별시 강동구 길동	서울특별시 강동구 길동	1174010500
서울특별시 강동구 둔촌동	서울특별시 강동구 둔촌동	1174010600
서울특별시 강동구 명일동	서울특별시 강동구 명일동	1174010100
서울특별시 강동구 상일동	서울특별시 강동구 상일동	1174010300
서울특별시 강동구 성내동	서울특별시 강동구 성내동	1174010800
서울특별시 강동구 암사동	서울특별시 강동구 암사동	1174010700
서울특별시 강동구 천호동	서울특별시 강동구 천호동	1174010900
서울특별시 강북구 미아동	서울특별시 강북구 미아동	1130510100
서울특별시 강북구 번동	서울특별시 강북구 번동	1130510200
서울특별시 강북구 수유동	서울특별시 강북구 수유동	1130510300
서울특별시 강북구 우이동	서울특별시 강북구 우이동	1130510400
서울특별시 강서구 가양동	서울특별시 강서구 가양동	1150010400
서울특별시 강서구 개화동	서울특별시 강서구 개화동	1150011000
서울특별시 강서구 공항동	서울특별시 강서구 공항동	1150010800
서울특별시 강서구 과해동	서울특별시 강서구 과해동	1150011100
서울특별시 강서구 내발산동	서울특별시 강서구 내발산동	1150010600
서울특별시 강서구 등촌동	서울특별시 강서구 등촌동	1150010200
서울특별시 강서구 마곡동	서울특별시 강서구 마곡동	1150010500
서울특별시 강서구 방화동	서울특별시 강서구 방화동	1150010900
서울특별시 강서구 염창동	서울특별시 강서구 염창동	1150010100
서울특별시 강서구 오곡동	서울특별시 강서구 오곡동	1150011200
서울특별시 강서구 오쇠동	서울특별시 강서구 오쇠동	1150011300
서울특별시 강서구 외발산동	서울특별시 강서구 외발산동	1150010700
서울특별시 강서구 화곡동	서울특별시 강서구 화곡동	1150010300
서울특별시 관악구 남현동	서울특별시 관악구 남현동	1162010300
서울특별시 관악구 봉천동	서울특별시 관악구 봉천동	1162010100
서울특별시 관악구 신림동	서울특별시 관악구 신림동	1162010200
서울특별시 광진구 광장동	서울특별시 광진구 광장동	1121510400
서울특별시 광진구 구의동	서울특별시 광진구 구의동	1121510300
서울특별시 광진구 군자동	서울특별시 광진구 군자동	1121510900
서울특별시 광진구 능동	서울특별시 광진구 능동	1121510200
서울특별시 광진구 자양동	서울특별시 광진구 자양동	1121510500
서울특별시 광진구 중곡동	서울특별시 광진구 중곡동	1121510100
서울특별시 광진구 화양동	서울특별시 광진구 화양동	1121510700
서울특별시 구로구 가리봉동	서울특별시 구로구 가리봉동	1153010300
서울특별시 구로구 개봉동	서울특별시 구로구 개봉동	1153010700
서울특별시 구로구 고척동	서울특별시 구로구 고척동	1153010600
서울특별시 구로구 구로동	서울특별시 구로구 구로동	1153010200
서울특별시 구로구 궁동	서울특별시 구로구 궁동	1153010900
서울특별시 구로구 신도림동	서울특별시 구로구 신도림동	1153010100
서울특별시 구로구 오류동	서울특별시 구로구 오류동	1153010800
서울특별시 구로구 온수동	서울특별시 구로구 온수동	1153011000
서울특별시 구로구 천왕동	서울특별시 구로구 천왕동	1153011100
서울특별시 구로구 항동	서울특별시 구로구 항동	1153011200
서울특별시 금천구 가산동	서울특별시 금천구 가산동	1154510100
서울특별시 금천구 독산동	서울특별시 금천구 독산동	1154510200
서울특별시 금천구 시흥동	서울특별시 금천구 시흥동	1154510300
서울특별시 노원구 공릉동	서울특별시 노원구 공릉동	1135010300
서울특별시 노원구 상계동	서울특별시 노원구 상계동	1135010500
서울특별시 노원구 월계동	서울특별시 노원구 월계동	1135010200
서울특별시 노원구 중계동	서울특별시 노원구 중계동	1135010600
서울특별시 노원구 하계동	서울특별시 노원구 하계동	1135010400
서울특별시 도봉구 도봉동	서울특별시 도봉구 도봉동	1132010800
서울특별시 도봉구 방학동	서울특별시 도봉구 방학동	1132010600
서울특별시 도봉구 쌍문동	서울특별시 도봉구 쌍문동	1132010500
서울특별시 도봉구 창동	서울특별시 도봉구 창동	1132010700
서울특별시 동대문구 답십리동	서울특별시 동대문구 답십리동	1123010500
서울특별시 동대문구 신설동	서울특별시 동대문구 신설동	1123010100
서울특별시 동대문구 용두동	서울특별시 동대문구 용두동	1123010200
서울특별시 동대문구 이문동	서울특별시 동대문구 이문동	1123011000
서울특별시 동대문구 장안동	서울특별시 동대문구 장안동	1123010600
서울특별시 동대문구 전농동	서울특별시 동대문구 전농동	1123010400
서울특별시 동대문구 제기동	서울특별시 동대문구 제기동	1123010300
서울특별시 동대문구 청량리동	서울특별시 동대문구 청량리동	1123010700
서울특별시 동대문구 회기동	서울특별시 동대문구 회기동	1123010800
서울특별시 동대문구 휘경동	서울특별시 동대문구 휘경동	1123010900
서울특별시 동작구 노량진동	서울특별시 동작구 노량진동	1159010100
서울특별시 동작구 대방동	서울특별시 동작구 대방동	1159010800
서울특별시 동작구 동작동	서울특별시 동작구 동작동	1159010600
서울특별시 동작구 본동	서울특별시 동작구 본동	1159010400
서울특별시 동작구 사당동	서울특별시 동작구 사당동	1159010700
서울특별시 동작구 상도1동	서울특별시 동작구 상도1동	1159010300
서울특별시 동작구 상도동	서울특별시 동작구 상도동	1159010200
서울특별시 동작구 신대방동	서울특별시 동작구 신대방동	1159010900
서울특별시 동작구 흑석동	서울특별시 동작구 흑석동	1159010500
서울특별시 마포구 공덕동	서울특별시 마포구 공덕동	1144010200
서울특별시 마포구 구수동	서울특별시 마포구 구수동	1144011300
서울특별시 마포구 노고산동	서울특별시 마포구 노고산동	1144011000
서울특별시 마포구 당인동	서울특별시 마포구 당인동	1144011800
서울특별시 마포구 대흥동	서울특별시 마포구 대흥동	1144010800
서울특별시 마포구 도화동	서울특별시 마포구 도화동	1144010400
서울특별시 마포구 동교동	서울특별시 마포구 동교동	1144012100
서울특별시 마포구 마포동	서울특별시 마포구 마포동	1144010700
서울특별시 마포구 망원동	서울특별시 마포구 망원동	1144012300
서울특별시 마포구 상수동	서울특별시 마포구 상수동	1144011500
서울특별시 마포구 상암동	서울특별시 마포구 상암동	1144012700
서울특별시 마포구 서교동	서울특별시 마포구 서교동	1144012000
서울특별시 마포구 성산동	서울특별시 마포구 성산동	1144012500
서울특별시 마포구 신공덕동	서울특별시 마포구 신공덕동	1144010300
서울특별시 마포구 신수동	서울특별시 마포구 신수동	1144011100
서울특별시 마포구 신정동	서울특별시 마포구 신정동	1144011700
서울특별시 마포구 아현동	서울특별시 마포구 아현동	1144010100
서울특별시 마포구 연남동	서울특별시 마포구 연남동	1144012400
서울특별시 마포구 염리동	서울특별시 마포구 염리동	1144010900
서울특별시 마포구 용강동	서울특별시 마포구 용강동	1144010500
서울특별시 마포구 중동	서울특별시 마포구 중동	1144012600
서울특별시 마포구 창전동	서울특별시 마포구 창전동	1144011400
서울특별시 마포구 토정동	서울특별시 마포구 토정동	1144010600
서울특별시 마포구 하중동	서울특별시 마포구 하중동	1144011600
서울특별시 마포구 합정동	서울특별시 마포구 합정동	1144012200
서울특별시 마포구 현석동	서울특별시 마포구 현석동	1144011200
서울특별시 서대문구 남가좌동	서울특별시 서대문구 남가좌동	1141012000
서울특별시 서대문구 냉천동	서울특별시 서대문구 냉천동	1141010500
서울특별시 서대문구 대신동	서울특별시 서대문구 대신동	1141011300
서울특별시 서대문구 대현동	서울특별시 서대문구 대현동	1141011200
서울특별시 서대문구 미근동	서울특별시 서대문구 미근동	1141010400
서울특별시 서대문구 봉원동	서울특별시 서대문구 봉원동	1141011500
서울특별시 서대문구 북가좌동	서울특별시 서대문구 북가좌동	1141011900
서울특별시 서대문구 북아현동	서울특별시 서대문구 북아현동	1141011000
서울특별시 서대문구 신촌동	서울특별시 서대문구 신촌동	1141011400
서울특별시 서대문구 연희동	서울특별시 서대문구 연희동	1141011700
서울특별시 서대문구 영천동	서울특별시 서대문구 영천동	1141010800
서울특별시 서대문구 옥천동	서울특별시 서대문구 옥천동	1141010700
서울특별시 서대문구 창천동	서울특별시 서대문구 창천동	1141011600
서울특별시 서대문구 천연동	서울특별시 서대문구 천연동	1141010600
서울특별시 서대문구 충정로2가	서울특별시 서대문구 충정로2가	1141010100
서울특별시 서대문구 충정로3가	서울특별시 서대문구 충정로3가	1141010200
서울특별시 서대문구 합동	서울특별시 서대문구 합동	1141010300
서울특별시 서대문구 현저동	서울특별시 서대문구 현저동	1141010900
서울특별시 서대문구 홍은동	서울특별시 서대문구 홍은동	1141011800
서울특별시 서대문구 홍제동	서울특별시 서대문구 홍제동	1141011100
서울특별시 서초구 내곡동	서울특별시 서초구 내곡동	1165010900
서울특별시 서초구 반포동	서울특별시 서초구 반포동	1165010700
서울특별시 서초구 방배동	서울특별시 서초구 방배동	1165010100
서울특별시 서초구 서초동	서울특별시 서초구 서초동	1165010800
서울특별시 서초구 신원동	서울특별시 서초구 신원동	1165011100
서울특별시 서초구 양재동	서울특별시 서초구 양재동	1165010200
서울특별시 서초구 염곡동	서울특별시 서초구 염곡동	1165011000
서울특별시 서초구 우면동	서울특별시 서초구 우면동	1165010300
서울특별시 서초구 원지동	서울특별시 서초구 원지동	1165010400
서울특별시 서초구 잠원동	서울특별시 서초구 잠원동	1165010600
서울특별시 성동구 금호동1가	서울특별시 성동구 금호동1가	1120010900
서울특별시 성동구 금호동2가	서울특별시 성동구 금호동2가	1120011000
서울특별시 성동구 금호동3가	서울특별시 성동구 금호동3가	1120011100
서울특별시 성동구 금호동4가	서울특별시 성동구 금호동4가	1120011200
서울특별시 성동구 도선동	서울특별시 성동구 도선동	1120010400
서울특별시 성동구 마장동	서울특별시 성동구 마장동	1120010500
서울특별시 성동구 사근동	서울특별시 성동구 사근동	1120010600
서울특별시 성동구 상왕십리동	서울특별시 성동구 상왕십리동	1120010100
서울특별시 성동구 성수동1가	서울특별시 성동구 성수동1가	1120011400
서울특별시 성동구 성수동2가	서울특별시 성동구 성수동2가	1120011500
서울특별시 성동구 송정동	서울특별시 성동구 송정동	1120011800
서울특별시 성동구 옥수동	서울특별시 성동구 옥수동	1120011300
서울특별시 성동구 용답동	서울특별시 성동구 용답동	1120012200
서울특별시 성동구 응봉동	서울특별시 성동구 응봉동	1120010800
서울특별시 성동구 하왕십리동	서울특별시 성동구 하왕십리동	1120010200
서울특별시 성동구 행당동	서울특별시 성동구 행당동	1120010700
서울특별시 성동구 홍익동	서울특별시 성동구 홍익동	1120010300
서울특별시 성북구 길음동	서울특별시 성북구 길음동	1129013400
서울특별시 성북구 돈암동	서울특별시 성북구 돈암동	1129010300
서울특별시 성북구 동선동1가	서울특별시 성북구 동선동1가	1129011600
서울특별시 성북구 동선동2가	서울특별시 성북구 동선동2가	1129011700
서울특별시 성북구 동선동3가	서울특별시 성북구 동선동3가	1129011800
서울특별시 성북구 동선동4가	서울특별시 성북구 동선동4가	1129011900
서울특별시 성북구 동선동5가	서울특별시 성북구 동선동5가	1129012000
서울특별시 성북구 동소문동1가	서울특별시 성북구 동소문동1가	1129010400
서울특별시 성북구 동소문동2가	서울특별시 성북구 동소문동2가	1129010500
서울특별시 성북구 동소문동3가	서울특별시 성북구 동소문동3가	1129010600
서울특별시 성북구 동소문동4가	서울특별시 성북구 동소문동4가	1129010700
서울특별시 성북구 동소문동5가	서울특별시 성북구 동소문동5가	1129010800
서울특별시 성북구 동소문동6가	서울특별시 성북구 동소문동6가	1129010900
서울특별시 성북구 동소문동7가	서울특별시 성북구 동소문동7가	1129011000
서울특별시 성북구 보문동1가	서울특별시 성북구 보문동1가	1129013000
서울특별시 성북구 보문동2가	서울특별시 성북구 보문동2가	1129013100
서울특별시 성북구 보문동3가	서울특별시 성북구 보문동3가	1129013200
서울특별시 성북구 보문동4가	서울특별시 성북구 보문동4가	1129012600
서울특별시 성북구 보문동5가	서울특별시 성북구 보문동5가	1129012700
서울특별시 성북구 보문동6가	서울특별시 성북구 보문동6가	1129012800
서울특별시 성북구 보문동7가	서울특별시 성북구 보문동7가	1129012900
서울특별시 성북구 삼선동1가	서울특별시 성북구 삼선동1가	1129011100
서울특별시 성북구 삼선동2가	서울특별시 성북구 삼선동2가	1129011200
서울특별시 성북구 삼선동3가	서울특별시 성북구 삼선동3가	1129011300
서울특별시 성북구 삼선동4가	서울특별시 성북구 삼선동4가	1129011400
서울특별시 성북구 삼선동5가	서울특별시 성북구 삼선동5가	1129011500
서울특별시 성북구 상월곡동	서울특별시 성북구 상월곡동	1129013700
서울특별시 성북구 석관동	서울특별시 성북구 석관동	1129013900
서울특별시 성북구 성북동	서울특별시 성북구 성북동	1129010100
서울특별시 성북구 성북동1가	서울특별시 성북구 성북동1가	1129010200
서울특별시 성북구 안암동1가	서울특별시 성북구 안암동1가	1129012100
서울특별시 성북구 안암동2가	서울특별시 성북구 안암동2가	1129012200
서울특별시 성북구 안암동3가	서울특별시 성북구 안암동3가	1129012300
서울특별시 성북구 안암동4가	서울특별시 성북구 안암동4가	1129012400
서울특별시 성북구 안암동5가	서울특별시 성북구 안암동5가	1129012500
서울특별시 성북구 장위동	서울특별시 성북구 장위동	1129013800
서울특별시 성북구 정릉동	서울특별시 성북구 정릉동	1129013300
서울특별시 성북구 종암동	서울특별시 성북구 종암동	1129013500
서울특별시 성북구 하월곡동	서울특별시 성북구 하월곡동	1129013600
서울특별시 송파구 가락동	서울특별시 송파구 가락동	1171010700
서울특별시 송파구 거여동	서울특별시 송파구 거여동	1171011300
서울특별시 송파구 마천동	서울특별시 송파구 마천동	1171011400
서울특별시 송파구 문정동	서울특별시 송파구 문정동	1171010800
서울특별시 송파구 방이동	서울특별시 송파구 방이동	1171011100
서울특별시 송파구 삼전동	서울특별시 송파구 삼전동	1171010600
서울특별시 송파구 석촌동	서울특별시 송파구 석촌동	1171010500
서울특별시 송파구 송파동	서울특별시 송파구 송파동	1171010400
서울특별시 송파구 신천동	서울특별시 송파구 신천동	1171010200
서울특별시 송파구 오금동	서울특별시 송파구 오금동	1171011200
서울특별시 송파구 잠실동	서울특별시 송파구 잠실동	1171010100
서울특별시 송파구 장지동	서울특별시 송파구 장지동	1171010900
서울특별시 송파구 풍납동	서울특별시 송파구 풍납동	1171010300
서울특별시 양천구 목동	서울특별시 양천구 목동	1147010200
서울특별시 양천구 신월동	서울특별시 양천구 신월동	1147010300
서울특별시 양천구 신정동	서울특별시 양천구 신정동	1147010100
서울특별시 영등포구 당산동	서울특별시 영등포구 당산동	1156011700
서울특별시 영등포구 당산동1가	서울특별시 영등포구 당산동1가	1156011100
서울특별시 영등포구 당산동2가	서울특별시 영등포구 당산동2가	1156011200
서울특별시 영등포구 당산동3가	서울특별시 영등포구 당산동3가	1156011300
서울특별시 영등포구 당산동4가	서울특별시 영등포구 당산동4가	1156011400
서울특별시 영등포구 당산동5가	서울특별시 영등포구 당산동5가	1156011500
서울특별시 영등포구 당산동6가	서울특별시 영등포구 당산동6가	1156011600
서울특별시 영등포구 대림동	서울특별시 영등포구 대림동	1156013300
서울특별시 영등포구 도림동	서울특별시 영등포구 도림동	1156011800
서울특별시 영등포구 문래동1가	서울특별시 영등포구 문래동1가	1156011900
서울특별시 영등포구 문래동2가	서울특별시 영등포구 문래동2가	1156012000
서울특별시 영등포구 문래동3가	서울특별시 영등포구 문래동3가	1156012100
서울특별시 영등포구 문래동4가	서울특별시 영등포구 문래동4가	1156012200
서울특별시 영등포구 문래동5가	서울특별시 영등포구 문래동5가	1156012300
서울특별시 영등포구 문래동6가	서울특별시 영등포구 문래동6가	1156012400
서울특별시 영등포구 신길동	서울특별시 영등포구 신길동	1156013200
서울특별시 영등포구 양평동	서울특별시 영등포구 양평동	1156013400
서울특별시 영등포구 양평동1가	서울특별시 영등포구 양평동1가	1156012500
서울특별시 영등포구 양평동2가	서울특별시 영등포구 양평동2가	1156012600
서울특별시 영등포구 양평동3가	서울특별시 영등포구 양평동3가	1156012700
서울특별시 영등포구 양평동4가	서울특별시 영등포구 양평동4가	1156012800
서울특별시 영등포구 양평동5가	서울특별시 영등포구 양평동5가	1156012900
서울특별시 영등포구 양평동6가	서울특별시 영등포구 양평동6가	1156013000
서울특별시 영등포구 양화동	서울특별시 영등포구 양화동	1156013100
서울특별시 영등포구 여의도동	서울특별시 영등포구 여의도동	1156011000
서울특별시 영등포구 영등포동	서울특별시 영등포구 영등포동	1156010100
서울특별시 영등포구 영등포동1가	서울특별시 영등포구 영등포동1가	1156010200
서울특별시 영등포구 영등포동2가	서울특별시 영등포구 영등포동2가	1156010300
서울특별시 영등포구 영등포동3가	서울특별시 영등포구 영등포동3가	1156010400
서울특별시 영등포구 영등포동4가	서울특별시 영등포구 영등포동4가	1156010500
서울특별시 영등포구 영등포동5가	서울특별시 영등포구 영등포동5가	1156010600
서울특별시 영등포구 영등포동6가	서울특별시 영등포구 영등포동6가	1156010700
서울특별시 영등포구 영등포동7가	서울특별시 영등포구 영등포동7가	1156010800
서울특별시 영등포구 영등포동8가	서울특별시 영등포구 영등포동8가	1156010900
서울특별시 용산구 갈월동	서울특별시 용산구 갈월동	1117010400
서울특별시 용산구 남영동	서울특별시 용산구 남영동	1117010500
서울특별시 용산구 도원동	서울특별시 용산구 도원동	1117012000
서울특별시 용산구 동빙고동	서울특별시 용산구 동빙고동	1117013200
서울특별시 용산구 동자동	서울특별시 용산구 동자동	1117010700
서울특별시 용산구 문배동	서울특별시 용산구 문배동	1117012200
서울특별시 용산구 보광동	서울특별시 용산구 보광동	1117013600
서울특별시 용산구 산천동	서울특별시 용산구 산천동	1117011500
서울특별시 용산구 서계동	서울특별시 용산구 서계동	1117010800
서울특별시 용산구 서빙고동	서울특별시 용산구 서빙고동	1117013300
서울특별시 용산구 신계동	서울특별시 용산구 신계동	1117012300
서울특별시 용산구 신창동	서울특별시 용산구 신창동	1117011400
서울특별시 용산구 용문동	서울특별시 용산구 용문동	1117012100
서울특별시 용산구 용산동2가	서울특별시 용산구 용산동2가	1117010200
서울특별시 용산구 용산동3가	서울특별시 용산구 용산동3가	1117012600
서울특별시 용산구 용산동5가	서울특별시 용산구 용산동5가	1117012700
서울특별시 용산구 원효로1가	서울특별시 용산구 원효로1가	1117011200
서울특별시 용산구 원효로2가	서울특별시 용산구 원효로2가	1117011300
서울특별시 용산구 원효로3가	서울특별시 용산구 원효로3가	1117011700
서울특별시 용산구 원효로4가	서울특별시 용산구 원효로4가	1117011800
서울특별시 용산구 이촌동	서울특별시 용산구 이촌동	1117012900
서울특별시 용산구 이태원동	서울특별시 용산구 이태원동	1117013000
서울특별시 용산구 주성동	서울특별시 용산구 주성동	1117013400
서울특별시 용산구 청암동	서울특별시 용산구 청암동	1117011600
서울특별시 용산구 청파동1가	서울특별시 용산구 청파동1가	1117010900
서울특별시 용산구 청파동2가	서울특별시 용산구 청파동2가	1117011000
서울특별시 용산구 청파동3가	서울특별시 용산구 청파동3가	1117011100
서울특별시 용산구 한강로1가	서울특별시 용산구 한강로1가	1117012400
서울특별시 용산구 한강로2가	서울특별시 용산구 한강로2가	1117012500
서울특별시 용산구 한강로3가	서울특별시 용산구 한강로3가	1117012800
서울특별시 용산구 한남동	서울특별시 용산구 한남동	1117013100
서울특별시 용산구 효창동	서울특별시 용산구 효창동	1117011900
서울특별시 용산구 후암동	서울특별시 용산구 후암동	1117010100
서울특별시 은평구 갈현동	서울특별시 은평구 갈현동	1138010400
서울특별시 은평구 구산동	서울특별시 은평구 구산동	1138010500
서울특별시 은평구 녹번동	서울특별시 은평구 녹번동	1138010200
서울특별시 은평구 대조동	서울특별시 은평구 대조동	1138010600
서울특별시 은평구 불광동	서울특별시 은평구 불광동	1138010300
서울특별시 은평구 수색동	서울특별시 은평구 수색동	1138010100
서울특별시 은평구 신사동	서울특별시 은평구 신사동	1138010900
서울특별시 은평구 역촌동	서울특별시 은평구 역촌동	1138010800
서울특별시 은평구 응암동	서울특별시 은평구 응암동	1138010700
서울특별시 은평구 증산동	서울특별시 은평구 증산동	1138011000
서울특별시 은평구 진관동	서울특별시 은평구 진관동	1138011400
서울특별시 종로구 가회동	서울특별시 종로구 가회동	1111014600
서울특별시 종로구 견지동	서울특별시 종로구 견지동	1111012900
서울특별시 종로구 경운동	서울특별시 종로구 경운동	1111013400
서울특별시 종로구 계동	서울특별시 종로구 계동	1111014800
서울특별시 종로구 공평동	서울특별시 종로구 공평동	1111012700
서울특별시 종로구 관수동	서울특별시 종로구 관수동	1111015500
서울특별시 종로구 관철동	서울특별시 종로구 관철동	1111013500
서울특별시 종로구 관훈동	서울특별시 종로구 관훈동	1111012800
서울특별시 종로구 교남동	서울특별시 종로구 교남동	1111017600
서울특별시 종로구 교북동	서울특별시 종로구 교북동	1111018000
서울특별시 종로구 구기동	서울특별시 종로구 구기동	1111018200
서울특별시 종로구 궁정동	서울특별시 종로구 궁정동	1111010300
서울특별시 종로구 권농동	서울특별시 종로구 권농동	1111013100
서울특별시 종로구 낙원동	서울특별시 종로구 낙원동	1111013700
서울특별시 종로구 내수동	서울특별시 종로구 내수동	1111011800
서울특별시 종로구 내자동	서울특별시 종로구 내자동	1111011400
서울특별시 종로구 누상동	서울특별시 종로구 누상동	1111010900
서울특별시 종로구 누하동	서울특별시 종로구 누하동	1111011000
서울특별시 종로구 당주동	서울특별시 종로구 당주동	1111011700
서울특별시 종로구 도렴동	서울특별시 종로구 도렴동	1111011600
서울특별시 종로구 돈의동	서울특별시 종로구 돈의동	1111015300
서울특별시 종로구 동숭동	서울특별시 종로구 동숭동	1111016800
서울특별시 종로구 명륜1가	서울특별시 종로구 명륜1가	1111017000
서울특별시 종로구 명륜2가	서울특별시 종로구 명륜2가	1111017100
서울특별시 종로구 명륜3가	서울특별시 종로구 명륜3가	1111017300
서울특별시 종로구 명륜4가	서울특별시 종로구 명륜4가	1111017200
서울특별시 종로구 묘동	서울특별시 종로구 묘동	1111015100
서울특별시 종로구 무악동	서울특별시 종로구 무악동	1111018700
서울특별시 종로구 봉익동	서울특별시 종로구 봉익동	1111015200
서울특별시 종로구 부암동	서울특별시 종로구 부암동	1111018400
서울특별시 종로구 사간동	서울특별시 종로구 사간동	1111014400
서울특별시 종로구 사직동	서울특별시 종로구 사직동	1111011500
서울특별시 종로구 삼청동	서울특별시 종로구 삼청동	1111014000
서울특별시 종로구 서린동	서울특별시 종로구 서린동	1111012300
서울특별시 종로구 세종로	서울특별시 종로구 세종로	1111011900
서울특별시 종로구 소격동	서울특별시 종로구 소격동	1111014200
서울특별시 종로구 송월동	서울특별시 종로구 송월동	1111017800
서울특별시 종로구 송현동	서울특별시 종로구 송현동	1111014500
서울특별시 종로구 수송동	서울특별시 종로구 수송동	1111012400
서울특별시 종로구 숭인동	서울특별시 종로구 숭인동	1111017500
서울특별시 종로구 신교동	서울특별시 종로구 신교동	1111010200
서울특별시 종로구 신문로1가	서울특별시 종로구 신문로1가	1111012000
서울특별시 종로구 신문로2가	서울특별시 종로구 신문로2가	1111012100
서울특별시 종로구 신영동	서울특별시 종로구 신영동	1111018600
서울특별시 종로구 안국동	서울특별시 종로구 안국동	1111014100
서울특별시 종로구 연건동	서울특별시 종로구 연건동	1111016600
서울특별시 종로구 연지동	서울특별시 종로구 연지동	1111016000
서울특별시 종로구 예지동	서울특별시 종로구 예지동	1111015800
서울특별시 종로구 옥인동	서울특별시 종로구 옥인동	1111011100
서울특별시 종로구 와룡동	서울특별시 종로구 와룡동	1111013000
서울특별시 종로구 운니동	서울특별시 종로구 운니동	1111013200
서울특별시 종로구 원남동	서울특별시 종로구 원남동	1111015900
서울특별시 종로구 원서동	서울특별시 종로구 원서동	1111014900
서울특별시 종로구 이화동	서울특별시 종로구 이화동	1111016500
서울특별시 종로구 익선동	서울특별시 종로구 익선동	1111013300
서울특별시 종로구 인사동	서울특별시 종로구 인사동	1111013600
서울특별시 종로구 인의동	서울특별시 종로구 인의동	1111015700
서울특별시 종로구 장사동	서울특별시 종로구 장사동	1111015400
서울특별시 종로구 재동	서울특별시 종로구 재동	1111014700
서울특별시 종로구 적선동	서울특별시 종로구 적선동	1111010700
서울특별시 종로구 종로1가	서울특별시 종로구 종로1가	1111012600
서울특별시 종로구 종로2가	서울특별시 종로구 종로2가	1111013800
서울특별시 종로구 종로3가	서울특별시 종로구 종로3가	1111015600
서울특별시 종로구 종로4가	서울특별시 종로구 종로4가	1111016100
서울특별시 종로구 종로5가	서울특별시 종로구 종로5가	1111016300
서울특별시 종로구 종로6가	서울특별시 종로구 종로6가	1111016400
서울특별시 종로구 중학동	서울특별시 종로구 중학동	1111012500
서울특별시 종로구 창성동	서울특별시 종로구 창성동	1111010500
서울특별시 종로구 창신동	서울특별시 종로구 창신동	1111017400
서울특별시 종로구 청운동	서울특별시 종로구 청운동	1111010100
서울특별시 종로구 청진동	서울특별시 종로구 청진동	1111012200
서울특별시 종로구 체부동	서울특별시 종로구 체부동	1111011200
서울특별시 종로구 충신동	서울특별시 종로구 충신동	1111016700
서울특별시 종로구 통의동	서울특별시 종로구 통의동	1111010600
서울특별시 종로구 통인동	서울특별시 종로구 통인동	1111010800
서울특별시 종로구 팔판동	서울특별시 종로구 팔판동	1111013900
서울특별시 종로구 평동	서울특별시 종로구 평동	1111017700
서울특별시 종로구 평창동	서울특별시 종로구 평창동	1111018300
서울특별시 종로구 필운동	서울특별시 종로구 필운동	1111011300
서울특별시 종로구 행촌동	서울특별시 종로구 행촌동	1111018100
서울특별시 종로구 혜화동	서울특별시 종로구 혜화동	1111016900
서울특별시 종로구 홍지동	서울특별시 종로구 홍지동	1111018500
서울특별시 종로구 홍파동	서울특별시 종로구 홍파동	1111017900
서울특별시 종로구 화동	서울특별시 종로구 화동	1111014300
서울특별시 종로구 효자동	서울특별시 종로구 효자동	1111010400
서울특별시 종로구 효제동	서울특별시 종로구 효제동	1111016200
서울특별시 중구 광희동1가	서울특별시 중구 광희동1가	1114014500
서울특별시 중구 광희동2가	서울특별시 중구 광희동2가	1114014600
서울특별시 중구 남대문로1가	서울특별시 중구 남대문로1가	1114010600
서울특별시 중구 남대문로2가	서울특별시 중구 남대문로2가	1114011500
서울특별시 중구 남대문로3가	서울특별시 중구 남대문로3가	1114011600
서울특별시 중구 남대문로4가	서울특별시 중구 남대문로4가	1114011700
서울특별시 중구 남대문로5가	서울특별시 중구 남대문로5가	1114011800
서울특별시 중구 남산동1가	서울특별시 중구 남산동1가	1114012800
서울특별시 중구 남산동2가	서울특별시 중구 남산동2가	1114012900
서울특별시 중구 남산동3가	서울특별시 중구 남산동3가	1114013000
서울특별시 중구 남창동	서울특별시 중구 남창동	1114011200
서울특별시 중구 남학동	서울특별시 중구 남학동	1114014000
서울특별시 중구 다동	서울특별시 중구 다동	1114010200
서울특별시 중구 만리동1가	서울특별시 중구 만리동1가	1114017300
서울특별시 중구 만리동2가	서울특별시 중구 만리동2가	1114017400
서울특별시 중구 명동1가	서울특별시 중구 명동1가	1114012600
서울특별시 중구 명동2가	서울특별시 중구 명동2가	1114012700
서울특별시 중구 무교동	서울특별시 중구 무교동	1114010100
서울특별시 중구 무학동	서울특별시 중구 무학동	1114016400
서울특별시 중구 묵정동	서울특별시 중구 묵정동	1114013600
서울특별시 중구 방산동	서울특별시 중구 방산동	1114015300
서울특별시 중구 봉래동1가	서울특별시 중구 봉래동1가	1114011900
서울특별시 중구 봉래동2가	서울특별시 중구 봉래동2가	1114012000
서울특별시 중구 북창동	서울특별시 중구 북창동	1114011300
서울특별시 중구 산림동	서울특별시 중구 산림동	1114015700
서울특별시 중구 삼각동	서울특별시 중구 삼각동	1114010700
서울특별시 중구 서소문동	서울특별시 중구 서소문동	1114016600
서울특별시 중구 소공동	서울특별시 중구 소공동	1114011100
서울특별시 중구 수표동	서울특별시 중구 수표동	1114011000
서울특별시 중구 수하동	서울특별시 중구 수하동	1114010800
서울특별시 중구 순화동	서울특별시 중구 순화동	1114016800
서울특별시 중구 신당동	서울특별시 중구 신당동	1114016200
서울특별시 중구 쌍림동	서울특별시 중구 쌍림동	1114014700
서울특별시 중구 예관동	서울특별시 중구 예관동	1114013500
서울특별시 중구 예장동	서울특별시 중구 예장동	1114014200
서울특별시 중구 오장동	서울특별시 중구 오장동	1114015400
서울특별시 중구 을지로1가	서울특별시 중구 을지로1가	1114010400
서울특별시 중구 을지로2가	서울특별시 중구 을지로2가	1114010500
서울특별시 중구 을지로3가	서울특별시 중구 을지로3가	1114015500
서울특별시 중구 을지로4가	서울특별시 중구 을지로4가	1114015000
서울특별시 중구 을지로5가	서울특별시 중구 을지로5가	1114015100
서울특별시 중구 을지로6가	서울특별시 중구 을지로6가	1114014800
서울특별시 중구 을지로7가	서울특별시 중구 을지로7가	1114014900
서울특별시 중구 의주로1가	서울특별시 중구 의주로1가	1114016900
서울특별시 중구 의주로2가	서울특별시 중구 의주로2가	1114017200
서울특별시 중구 인현동1가	서울특별시 중구 인현동1가	1114016000
서울특별시 중구 인현동2가	서울특별시 중구 인현동2가	1114013400
서울특별시 중구 입정동	서울특별시 중구 입정동	1114015600
서울특별시 중구 장교동	서울특별시 중구 장교동	1114010900
서울특별시 중구 장충동1가	서울특별시 중구 장충동1가	1114014300
서울특별시 중구 장충동2가	서울특별시 중구 장충동2가	1114014400
서울특별시 중구 저동1가	서울특별시 중구 저동1가	1114013100
서울특별시 중구 저동2가	서울특별시 중구 저동2가	1114016100
서울특별시 중구 정동	서울특별시 중구 정동	1114016700
서울특별시 중구 주교동	서울특별시 중구 주교동	1114015200
서울특별시 중구 주자동	서울특별시 중구 주자동	1114014100
서울특별시 중구 중림동	서울특별시 중구 중림동	1114017100
서울특별시 중구 초동	서울특별시 중구 초동	1114015900
서울특별시 중구 충무로1가	서울특별시 중구 충무로1가	1114012400
서울특별시 중구 충무로2가	서울특별시 중구 충무로2가	1114012500
서울특별시 중구 충무로3가	서울특별시 중구 충무로3가	1114015800
서울특별시 중구 충무로4가	서울특별시 중구 충무로4가	1114013200
서울특별시 중구 충무로5가	서울특별시 중구 충무로5가	1114013300
서울특별시 중구 충정로1가	서울특별시 중구 충정로1가	1114017000
서울특별시 중구 태평로1가	서울특별시 중구 태평로1가	1114010300
서울특별시 중구 태평로2가	서울특별시 중구 태평로2가	1114011400
서울특별시 중구 필동1가	서울특별시 중구 필동1가	1114013700
서울특별시 중구 필동2가	서울특별시 중구 필동2가	1114013800
서울특별시 중구 필동3가	서울특별시 중구 필동3가	1114013900
서울특별시 중구 황학동	서울특별시 중구 황학동	1114016500
서울특별시 중구 회현동1가	서울특별시 중구 회현동1가	1114012100
서울특별시 중구 회현동2가	서울특별시 중구 회현동2가	1114012200
서울특별시 중구 회현동3가	서울특별시 중구 회현동3가	1114012300
서울특별시 중구 흥인동	서울특별시 중구 흥인동	1114016300
서울특별시 중랑구 망우동	서울특별시 중랑구 망우동	1126010500
서울특별시 중랑구 면목동	서울특별시 중랑구 면목동	1126010100
서울특별시 중랑구 묵동	서울특별시 중랑구 묵동	1126010400
서울특별시 중랑구 상봉동	서울특별시 중랑구 상봉동	1126010200
서울특별시 중랑구 신내동	서울특별시 중랑구 신내동	1126010600
서울특별시 중랑구 중화동	서울특별시 중랑구 중화동	1126010300
세종특별자치시 고운동	세종특별자치시 고운동	3611011200
세종특별자치시 금남면 감성리	세종특별자치시 금남면 감성리	3611034023
세종특별자치시 금남면 국곡리	세종특별자치시 금남면 국곡리	3611034044
세종특별자치시 금남면 금천리	세종특별자치시 금남면 금천리	3611034027
세종특별자치시 금남면 남곡리	세종특별자치시 금남면 남곡리	3611034029
세종특별자치시 금남면 달전리	세종특별자치시 금남면 달전리	3611034032
세종특별자치시 금남면 대박리	세종특별자치시 금남면 대박리	3611034034
세종특별자치시 금남면 도남리	세종특별자치시 금남면 도남리	3611034046
세종특별자치시 금남면 도암리	세종특별자치시 금남면 도암리	3611034039
세종특별자치시 금남면 두만리	세종특별자치시 금남면 두만리	3611034024
세종특별자치시 금남면 박산리	세종특별자치시 금남면 박산리	3611034033
세종특별자치시 금남면 발산리	세종특별자치시 금남면 발산리	3611034022
세종특별자치시 금남면 봉암리	세종특별자치시 금남면 봉암리	3611034043
세종특별자치시 금남면 부용리	세종특별자치시 금남면 부용리	3611034035
세종특별자치시 금남면 성강리	세종특별자치시 금남면 성강리	3611034042
세종특별자치시 금남면 성덕리	세종특별자치시 금남면 성덕리	3611034040
세종특별자치시 금남면 신촌리	세종특별자치시 금남면 신촌리	3611034038
세종특별자치시 금남면 영곡리	세종특별자치시 금남면 영곡리	3611034041
세종특별자치시 금남면 영대리	세종특별자치시 금남면 영대리	3611034031
세종특별자치시 금남면 영치리	세종특별자치시 금남면 영치리	3611034028
세종특별자치시 금남면 용담리	세종특별자치시 금남면 용담리	3611034025
세종특별자치시 금남면 용포리	세종특별자치시 금남면 용포리	3611034021
세종특별자치시 금남면 원봉리	세종특별자치시 금남면 원봉리	3611034045
세종특별자치시 금남면 장재리	세종특별자치시 금남면 장재리	3611034036
세종특별자치시 금남면 집현리	세종특별자치시 금남면 집현리	3611034047
세종특별자치시 금남면 축산리	세종특별자치시 금남면 축산리	3611034026
세종특별자치시 금남면 호탄리	세종특별자치시 금남면 호탄리	3611034037
세종특별자치시 금남면 황용리	세종특별자치시 금남면 황용리	3611034030
세종특별자치시 나성동	세종특별자치시 나성동	3611010700
세종특별자치시 다정동	세종특별자치시 다정동	3611010900
세종특별자치시 대평동	세종특별자치시 대평동	3611010400
세종특별자치시 도담동	세종특별자치시 도담동	3611011400
세종특별자치시 반곡동	세종특별자치시 반곡동	3611010100
세종특별자치시 보람동	세종특별자치시 보람동	3611010300
세종특별자치시 부강면	세종특별자치시 부강면	3611033000
세종특별자치시 부강면 갈산리	세종특별자치시 부강면 갈산리	3611033024
세종특별자치시 부강면 금호리	세종특별자치시 부강면 금호리	3611033028
세종특별자치시 부강면 노호리	세종특별자치시 부강면 노호리	3611033027
세종특별자치시 부강면 등곡리	세종특별자치시 부강면 등곡리	3611033026
세종특별자치시 부강면 문곡리	세종특별자치시 부강면 문곡리	3611033025
세종특별자치시 부강면 부강리	세종특별자치시 부강면 부강리	3611033021
세종특별자치시 부강면 산수리	세종특별자치시 부강면 산수리	3611033023
세종특별자치시 부강면 행산리	세종특별자치시 부강면 행산리	3611033022
세종특별자치시 새롬동	세종특별자치시 새롬동	3611010800
세종특별자치시 소담동	세종특별자치시 소담동	3611010200
세종특별자치시 소정면 고등리	세종특별자치시 소정면 고등리	3611039024
세종특별자치시 소정면 대곡리	세종특별자치시 소정면 대곡리	3611039023
세종특별자치시 소정면 소정리	세종특별자치시 소정면 소정리	3611039021
세종특별자치시 소정면 운당리	세종특별자치시 소정면 운당리	3611039022
세종특별자치시 아름동	세종특별자치시 아름동	3611011300
세종특별자치시 어진동	세종특별자치시 어진동	3611011000
세종특별자치시 연기면 누리리	세종특별자치시 연기면 누리리	3611031026
세종특별자치시 연기면 눌왕리	세종특별자치시 연기면 눌왕리	3611031023
세종특별자치시 연기면 보통리	세종특별자치시 연기면 보통리	3611031022
세종특별자치시 연기면 산울리	세종특별자치시 연기면 산울리	3611031028
세종특별자치시 연기면 세종리	세종특별자치시 연기면 세종리	3611031025
세종특별자치시 연기면 수산리	세종특별자치시 연기면 수산리	3611031024
세종특별자치시 연기면 연기리	세종특별자치시 연기면 연기리	3611031021
세종특별자치시 연기면 해밀리	세종특별자치시 연기면 해밀리	3611031029
세종특별자치시 연동면 내판리	세종특별자치시 연동면 내판리	3611032021
세종특별자치시 연동면 노송리	세종특별자치시 연동면 노송리	3611032025
세종특별자치시 연동면 명학리	세종특별자치시 연동면 명학리	3611032023
세종특별자치시 연동면 문주리	세종특별자치시 연동면 문주리	3611032022
세종특별자치시 연동면 송용리	세종특별자치시 연동면 송용리	3611032027
세종특별자치시 연동면 예양리	세종특별자치시 연동면 예양리	3611032026
세종특별자치시 연동면 응암리	세종특별자치시 연동면 응암리	3611032024
세종특별자치시 연동면 합강리	세종특별자치시 연동면 합강리	3611032028
세종특별자치시 연서면	세종특별자치시 연서면	3611036000
세종특별자치시 연서면 고복리	세종특별자치시 연서면 고복리	3611036024
세종특별자치시 연서면 국촌리	세종특별자치시 연서면 국촌리	3611036030
세종특별자치시 연서면 기룡리	세종특별자치시 연서면 기룡리	3611036028
세종특별자치시 연서면 봉암리	세종특별자치시 연서면 봉암리	3611036033
세종특별자치시 연서면 부동리	세종특별자치시 연서면 부동리	3611036032
세종특별자치시 연서면 성제리	세종특별자치시 연서면 성제리	3611036023
세종특별자치시 연서면 신대리	세종특별자치시 연서면 신대리	3611036029
세종특별자치시 연서면 쌍류리	세종특별자치시 연서면 쌍류리	3611036026
세종특별자치시 연서면 쌍전리	세종특별자치시 연서면 쌍전리	3611036022
세종특별자치시 연서면 와촌리	세종특별자치시 연서면 와촌리	3611036031
세종특별자치시 연서면 용암리	세종특별자치시 연서면 용암리	3611036025
세종특별자치시 연서면 월하리	세종특별자치시 연서면 월하리	3611036021
세종특별자치시 연서면 청라리	세종특별자치시 연서면 청라리	3611036027
세종특별자치시 장군면 금암리	세종특별자치시 장군면 금암리	3611035025
세종특별자치시 장군면 대교리	세종특별자치시 장군면 대교리	3611035023
세종특별자치시 장군면 도계리	세종특별자치시 장군면 도계리	3611035021
세종특별자치시 장군면 봉안리	세종특별자치시 장군면 봉안리	3611035024
세종특별자치시 장군면 산학리	세종특별자치시 장군면 산학리	3611035028
세종특별자치시 장군면 송문리	세종특별자치시 장군면 송문리	3611035029
세종특별자치시 장군면 송정리	세종특별자치시 장군면 송정리	3611035030
세종특별자치시 장군면 송학리	세종특별자치시 장군면 송학리	3611035031
세종특별자치시 장군면 용암리	세종특별자치시 장군면 용암리	3611035033
세종특별자치시 장군면 용현리	세종특별자치시 장군면 용현리	3611035032
세종특별자치시 장군면 은용리	세종특별자치시 장군면 은용리	3611035027
세종특별자치시 장군면 태산리	세종특별자치시 장군면 태산리	3611035034
세종특별자치시 장군면 평기리	세종특별자치시 장군면 평기리	3611035022
세종특별자치시 장군면 하봉리	세종특별자치시 장군면 하봉리	3611035026
세종특별자치시 전동면 노장리	세종특별자치시 전동면 노장리	3611038021
세종특별자치시 전동면 미곡리	세종특별자치시 전동면 미곡리	3611038029
세종특별자치시 전동면 보덕리	세종특별자치시 전동면 보덕리	3611038025
세종특별자치시 전동면 봉대리	세종특별자치시 전동면 봉대리	3611038022
세종특별자치시 전동면 석곡리	세종특별자치시 전동면 석곡리	3611038024
세종특별자치시 전동면 송곡리	세종특별자치시 전동면 송곡리	3611038026
세종특별자치시 전동면 송성리	세종특별자치시 전동면 송성리	3611038030
세종특별자치시 전동면 송정리	세종특별자치시 전동면 송정리	3611038027
세종특별자치시 전동면 심중리	세종특별자치시 전동면 심중리	3611038031
세종특별자치시 전동면 청람리	세종특별자치시 전동면 청람리	3611038028
세종특별자치시 전동면 청송리	세종특별자치시 전동면 청송리	3611038023
세종특별자치시 전의면 관정리	세종특별자치시 전의면 관정리	3611037027
세종특별자치시 전의면 금사리	세종특별자치시 전의면 금사리	3611037034
세종특별자치시 전의면 노곡리	세종특별자치시 전의면 노곡리	3611037029
세종특별자치시 전의면 다방리	세종특별자치시 전의면 다방리	3611037035
세종특별자치시 전의면 달전리	세종특별자치시 전의면 달전리	3611037033
세종특별자치시 전의면 동교리	세종특별자치시 전의면 동교리	3611037022
세종특별자치시 전의면 서정리	세종특별자치시 전의면 서정리	3611037023
세종특별자치시 전의면 신방리	세종특별자치시 전의면 신방리	3611037030
세종특별자치시 전의면 신정리	세종특별자치시 전의면 신정리	3611037028
세종특별자치시 전의면 신흥리	세종특별자치시 전의면 신흥리	3611037025
세종특별자치시 전의면 양곡리	세종특별자치시 전의면 양곡리	3611037032
세종특별자치시 전의면 영당리	세종특별자치시 전의면 영당리	3611037031
세종특별자치시 전의면 원성리	세종특별자치시 전의면 원성리	3611037024
세종특별자치시 전의면 유천리	세종특별자치시 전의면 유천리	3611037026
세종특별자치시 전의면 읍내리	세종특별자치시 전의면 읍내리	3611037021
세종특별자치시 조치원읍 교리	세종특별자치시 조치원읍 교리	3611025024
세종특별자치시 조치원읍 남리	세종특별자치시 조치원읍 남리	3611025027
세종특별자치시 조치원읍 명리	세종특별자치시 조치원읍 명리	3611025026
세종특별자치시 조치원읍 번암리	세종특별자치시 조치원읍 번암리	3611025031
세종특별자치시 조치원읍 봉산리	세종특별자치시 조치원읍 봉산리	3611025033
세종특별자치시 조치원읍 상리	세종특별자치시 조치원읍 상리	3611025022
세종특별자치시 조치원읍 서창리	세종특별자치시 조치원읍 서창리	3611025034
세종특별자치시 조치원읍 신안리	세종특별자치시 조치원읍 신안리	3611025032
세종특별자치시 조치원읍 신흥리	세종특별자치시 조치원읍 신흥리	3611025029
세종특별자치시 조치원읍 원리	세종특별자치시 조치원읍 원리	3611025021
세종특별자치시 조치원읍 정리	세종특별자치시 조치원읍 정리	3611025025
세종특별자치시 조치원읍 죽림리	세종특별자치시 조치원읍 죽림리	3611025030
세종특별자치시 조치원읍 침산리	세종특별자치시 조치원읍 침산리	3611025028
세종특별자치시 조치원읍 평리	세종특별자치시 조치원읍 평리	3611025023
세종특별자치시 종촌동	세종특별자치시 종촌동	3611011100
세종특별자치시 한솔동	세종특별자치시 한솔동	3611010600
울산광역시 남구 고사동	울산광역시 남구 고사동	3114011200
울산광역시 남구 남화동	울산광역시 남구 남화동	3114011600
울산광역시 남구 달동	울산광역시 남구 달동	3114010500
울산광역시 남구 두왕동	울산광역시 남구 두왕동	3114010300
울산광역시 남구 매암동	울산광역시 남구 매암동	3114011900
울산광역시 남구 무거동	울산광역시 남구 무거동	3114010100
울산광역시 남구 부곡동	울산광역시 남구 부곡동	3114011100
울산광역시 남구 삼산동	울산광역시 남구 삼산동	3114010600
울산광역시 남구 상개동	울산광역시 남구 상개동	3114011000
울산광역시 남구 선암동	울산광역시 남구 선암동	3114010900
울산광역시 남구 성암동	울산광역시 남구 성암동	3114011300
울산광역시 남구 신정동	울산광역시 남구 신정동	3114010400
울산광역시 남구 야음동	울산광역시 남구 야음동	3114010800
울산광역시 남구 여천동	울산광역시 남구 여천동	3114010700
울산광역시 남구 옥동	울산광역시 남구 옥동	3114010200
울산광역시 남구 용연동	울산광역시 남구 용연동	3114011500
울산광역시 남구 용잠동	울산광역시 남구 용잠동	3114011700
울산광역시 남구 장생포동	울산광역시 남구 장생포동	3114011800
울산광역시 남구 황성동	울산광역시 남구 황성동	3114011400
울산광역시 동구 동부동	울산광역시 동구 동부동	3117010700
울산광역시 동구 미포동	울산광역시 동구 미포동	3117010500
울산광역시 동구 방어동	울산광역시 동구 방어동	3117010100
울산광역시 동구 서부동	울산광역시 동구 서부동	3117010800
울산광역시 동구 일산동	울산광역시 동구 일산동	3117010300
울산광역시 동구 전하동	울산광역시 동구 전하동	3117010400
울산광역시 동구 주전동	울산광역시 동구 주전동	3117010600
울산광역시 동구 화정동	울산광역시 동구 화정동	3117010200
울산광역시 북구 가대동	울산광역시 북구 가대동	3120010400
울산광역시 북구 구유동	울산광역시 북구 구유동	3120011200
울산광역시 북구 달천동	울산광역시 북구 달천동	3120010900
울산광역시 북구 당사동	울산광역시 북구 당사동	3120011600
울산광역시 북구 대안동	울산광역시 북구 대안동	3120011500
울산광역시 북구 매곡동	울산광역시 북구 매곡동	3120010300
울산광역시 북구 명촌동	울산광역시 북구 명촌동	3120012000
울산광역시 북구 무룡동	울산광역시 북구 무룡동	3120011100
울산광역시 북구 산하동	울산광역시 북구 산하동	3120011800
울산광역시 북구 상안동	울산광역시 북구 상안동	3120010700
울산광역시 북구 송정동	울산광역시 북구 송정동	3120012600
울산광역시 북구 시례동	울산광역시 북구 시례동	3120011000
울산광역시 북구 신명동	울산광역시 북구 신명동	3120011400
울산광역시 북구 신천동	울산광역시 북구 신천동	3120010500
울산광역시 북구 신현동	울산광역시 북구 신현동	3120011700
울산광역시 북구 양정동	울산광역시 북구 양정동	3120012400
울산광역시 북구 어물동	울산광역시 북구 어물동	3120011900
울산광역시 북구 연암동	울산광역시 북구 연암동	3120012200
울산광역시 북구 염포동	울산광역시 북구 염포동	3120012700
울산광역시 북구 정자동	울산광역시 북구 정자동	3120011300
울산광역시 북구 중산동	울산광역시 북구 중산동	3120010600
울산광역시 북구 진장동	울산광역시 북구 진장동	3120012100
울산광역시 북구 창평동	울산광역시 북구 창평동	3120010100
울산광역시 북구 천곡동	울산광역시 북구 천곡동	3120010800
울산광역시 북구 호계동	울산광역시 북구 호계동	3120010200
울산광역시 북구 화봉동	울산광역시 북구 화봉동	3120012500
울산광역시 북구 효문동	울산광역시 북구 효문동	3120012300
울산광역시 울주군 두동면 구미리	울산광역시 울주군 두동면 구미리	3171036022
울산광역시 울주군 두동면 만화리	울산광역시 울주군 두동면 만화리	3171036021
울산광역시 울주군 두동면 봉계리	울산광역시 울주군 두동면 봉계리	3171036026
울산광역시 울주군 두동면 삼정리	울산광역시 울주군 두동면 삼정리	3171036024
울산광역시 울주군 두동면 월평리	울산광역시 울주군 두동면 월평리	3171036023
울산광역시 울주군 두동면 은편리	울산광역시 울주군 두동면 은편리	3171036028
울산광역시 울주군 두동면 이전리	울산광역시 울주군 두동면 이전리	3171036025
울산광역시 울주군 두동면 천전리	울산광역시 울주군 두동면 천전리	3171036027
울산광역시 울주군 두서면 구량리	울산광역시 울주군 두서면 구량리	3171037022
울산광역시 울주군 두서면 내와리	울산광역시 울주군 두서면 내와리	3171037026
울산광역시 울주군 두서면 미호리	울산광역시 울주군 두서면 미호리	3171037024
울산광역시 울주군 두서면 복안리	울산광역시 울주군 두서면 복안리	3171037023
울산광역시 울주군 두서면 서하리	울산광역시 울주군 두서면 서하리	3171037029
울산광역시 울주군 두서면 인보리	울산광역시 울주군 두서면 인보리	3171037028
울산광역시 울주군 두서면 전읍리	울산광역시 울주군 두서면 전읍리	3171037027
울산광역시 울주군 두서면 차리	울산광역시 울주군 두서면 차리	3171037021
울산광역시 울주군 두서면 활천리	울산광역시 울주군 두서면 활천리	3171037025
울산광역시 울주군 범서읍 구영리	울산광역시 울주군 범서읍 구영리	3171025927
울산광역시 울주군 범서읍 굴화리	울산광역시 울주군 범서읍 굴화리	3171025924
울산광역시 울주군 범서읍 두산리	울산광역시 울주군 범서읍 두산리	3171025926
울산광역시 울주군 범서읍 망성리	울산광역시 울주군 범서읍 망성리	3171025929
울산광역시 울주군 범서읍 사연리	울산광역시 울주군 범서읍 사연리	3171025921
울산광역시 울주군 범서읍 서사리	울산광역시 울주군 범서읍 서사리	3171025925
울산광역시 울주군 범서읍 입암리	울산광역시 울주군 범서읍 입암리	3171025923
울산광역시 울주군 범서읍 중리	울산광역시 울주군 범서읍 중리	3171025928
울산광역시 울주군 범서읍 척과리	울산광역시 울주군 범서읍 척과리	3171025930
울산광역시 울주군 범서읍 천상리	울산광역시 울주군 범서읍 천상리	3171025922
울산광역시 울주군 삼남면 가천리	울산광역시 울주군 삼남면 가천리	3171039025
울산광역시 울주군 삼남면 교동리	울산광역시 울주군 삼남면 교동리	3171039021
울산광역시 울주군 삼남면 방기리	울산광역시 울주군 삼남면 방기리	3171039024
울산광역시 울주군 삼남면 상천리	울산광역시 울주군 삼남면 상천리	3171039022
울산광역시 울주군 삼남면 신화리	울산광역시 울주군 삼남면 신화리	3171039023
울산광역시 울주군 삼동면 금곡리	울산광역시 울주군 삼동면 금곡리	3171040027
울산광역시 울주군 삼동면 둔기리	울산광역시 울주군 삼동면 둔기리	3171040021
울산광역시 울주군 삼동면 보은리	울산광역시 울주군 삼동면 보은리	3171040025
울산광역시 울주군 삼동면 작동리	울산광역시 울주군 삼동면 작동리	3171040024
울산광역시 울주군 삼동면 조일리	울산광역시 울주군 삼동면 조일리	3171040022
울산광역시 울주군 삼동면 출강리	울산광역시 울주군 삼동면 출강리	3171040023
울산광역시 울주군 삼동면 하잠리	울산광역시 울주군 삼동면 하잠리	3171040026
울산광역시 울주군 상북면 거리	울산광역시 울주군 상북면 거리	3171038029
울산광역시 울주군 상북면 궁근정리	울산광역시 울주군 상북면 궁근정리	3171038030
울산광역시 울주군 상북면 길천리	울산광역시 울주군 상북면 길천리	3171038024
울산광역시 울주군 상북면 덕현리	울산광역시 울주군 상북면 덕현리	3171038026
울산광역시 울주군 상북면 등억알프스리	울산광역시 울주군 상북면 등억알프스리	3171038034
울산광역시 울주군 상북면 명촌리	울산광역시 울주군 상북면 명촌리	3171038027
울산광역시 울주군 상북면 산전리	울산광역시 울주군 상북면 산전리	3171038023
울산광역시 울주군 상북면 소호리	울산광역시 울주군 상북면 소호리	3171038033
울산광역시 울주군 상북면 양등리	울산광역시 울주군 상북면 양등리	3171038022
울산광역시 울주군 상북면 이천리	울산광역시 울주군 상북면 이천리	3171038025
울산광역시 울주군 상북면 지내리	울산광역시 울주군 상북면 지내리	3171038021
울산광역시 울주군 상북면 천전리	울산광역시 울주군 상북면 천전리	3171038028
울산광역시 울주군 상북면 향산리	울산광역시 울주군 상북면 향산리	3171038032
울산광역시 울주군 서생면 나사리	울산광역시 울주군 서생면 나사리	3171031023
울산광역시 울주군 서생면 대송리	울산광역시 울주군 서생면 대송리	3171031025
울산광역시 울주군 서생면 명산리	울산광역시 울주군 서생면 명산리	3171031022
울산광역시 울주군 서생면 서생리	울산광역시 울주군 서생면 서생리	3171031027
울산광역시 울주군 서생면 신암리	울산광역시 울주군 서생면 신암리	3171031021
울산광역시 울주군 서생면 용리	울산광역시 울주군 서생면 용리	3171031026
울산광역시 울주군 서생면 위양리	울산광역시 울주군 서생면 위양리	3171031030
울산광역시 울주군 서생면 진하리	울산광역시 울주군 서생면 진하리	3171031028
울산광역시 울주군 서생면 화산리	울산광역시 울주군 서생면 화산리	3171031024
울산광역시 울주군 서생면 화정리	울산광역시 울주군 서생면 화정리	3171031029
울산광역시 울주군 언양읍 구수리	울산광역시 울주군 언양읍 구수리	3171025335
울산광역시 울주군 언양읍 남부리	울산광역시 울주군 언양읍 남부리	3171025332
울산광역시 울주군 언양읍 다개리	울산광역시 울주군 언양읍 다개리	3171025327
울산광역시 울주군 언양읍 대곡리	울산광역시 울주군 언양읍 대곡리	3171025328
울산광역시 울주군 언양읍 동부리	울산광역시 울주군 언양읍 동부리	3171025330
울산광역시 울주군 언양읍 반곡리	울산광역시 울주군 언양읍 반곡리	3171025323
울산광역시 울주군 언양읍 반송리	울산광역시 울주군 언양읍 반송리	3171025321
울산광역시 울주군 언양읍 반연리	울산광역시 울주군 언양읍 반연리	3171025333
울산광역시 울주군 언양읍 반천리	울산광역시 울주군 언양읍 반천리	3171025322
울산광역시 울주군 언양읍 서부리	울산광역시 울주군 언양읍 서부리	3171025331
울산광역시 울주군 언양읍 송대리	울산광역시 울주군 언양읍 송대리	3171025325
울산광역시 울주군 언양읍 어음리	울산광역시 울주군 언양읍 어음리	3171025324
울산광역시 울주군 언양읍 직동리	울산광역시 울주군 언양읍 직동리	3171025329
울산광역시 울주군 언양읍 태기리	울산광역시 울주군 언양읍 태기리	3171025334
울산광역시 울주군 언양읍 평리	울산광역시 울주군 언양읍 평리	3171025326
울산광역시 울주군 온산읍 강양리	울산광역시 울주군 온산읍 강양리	3171025023
울산광역시 울주군 온산읍 당월리	울산광역시 울주군 온산읍 당월리	3171025025
울산광역시 울주군 온산읍 대정리	울산광역시 울주군 온산읍 대정리	3171025028
울산광역시 울주군 온산읍 덕신리	울산광역시 울주군 온산읍 덕신리	3171025032
울산광역시 울주군 온산읍 방도리	울산광역시 울주군 온산읍 방도리	3171025029
울산광역시 울주군 온산읍 산암리	울산광역시 울주군 온산읍 산암리	3171025027
울산광역시 울주군 온산읍 삼평리	울산광역시 울주군 온산읍 삼평리	3171025022
울산광역시 울주군 온산읍 우봉리	울산광역시 울주군 온산읍 우봉리	3171025024
울산광역시 울주군 온산읍 원산리	울산광역시 울주군 온산읍 원산리	3171025031
울산광역시 울주군 온산읍 이진리	울산광역시 울주군 온산읍 이진리	3171025030
울산광역시 울주군 온산읍 처용리	울산광역시 울주군 온산읍 처용리	3171025026
울산광역시 울주군 온산읍 학남리	울산광역시 울주군 온산읍 학남리	3171025033
울산광역시 울주군 온산읍 화산리	울산광역시 울주군 온산읍 화산리	3171025021
울산광역시 울주군 온양읍 고산리	울산광역시 울주군 온양읍 고산리	3171025630
울산광역시 울주군 온양읍 남창리	울산광역시 울주군 온양읍 남창리	3171025624
울산광역시 울주군 온양읍 내광리	울산광역시 울주군 온양읍 내광리	3171025627
울산광역시 울주군 온양읍 대안리	울산광역시 울주군 온양읍 대안리	3171025622
울산광역시 울주군 온양읍 동상리	울산광역시 울주군 온양읍 동상리	3171025625
울산광역시 울주군 온양읍 망양리	울산광역시 울주군 온양읍 망양리	3171025623
울산광역시 울주군 온양읍 발리	울산광역시 울주군 온양읍 발리	3171025621
울산광역시 울주군 온양읍 삼광리	울산광역시 울주군 온양읍 삼광리	3171025626
울산광역시 울주군 온양읍 외광리	울산광역시 울주군 온양읍 외광리	3171025628
울산광역시 울주군 온양읍 운화리	울산광역시 울주군 온양읍 운화리	3171025629
울산광역시 울주군 웅촌면 검단리	울산광역시 울주군 웅촌면 검단리	3171034024
울산광역시 울주군 웅촌면 고연리	울산광역시 울주군 웅촌면 고연리	3171034026
울산광역시 울주군 웅촌면 곡천리	울산광역시 울주군 웅촌면 곡천리	3171034023
울산광역시 울주군 웅촌면 대대리	울산광역시 울주군 웅촌면 대대리	3171034027
울산광역시 울주군 웅촌면 대복리	울산광역시 울주군 웅촌면 대복리	3171034029
울산광역시 울주군 웅촌면 석천리	울산광역시 울주군 웅촌면 석천리	3171034022
울산광역시 울주군 웅촌면 은현리	울산광역시 울주군 웅촌면 은현리	3171034025
울산광역시 울주군 웅촌면 초천리	울산광역시 울주군 웅촌면 초천리	3171034021
울산광역시 울주군 웅촌면 통천리	울산광역시 울주군 웅촌면 통천리	3171034028
울산광역시 울주군 청량읍 개곡리	울산광역시 울주군 청량읍 개곡리	3171026224
울산광역시 울주군 청량읍 덕하리	울산광역시 울주군 청량읍 덕하리	3171026221
울산광역시 울주군 청량읍 동천리	울산광역시 울주군 청량읍 동천리	3171026222
울산광역시 울주군 청량읍 문죽리	울산광역시 울주군 청량읍 문죽리	3171026226
울산광역시 울주군 청량읍 삼정리	울산광역시 울주군 청량읍 삼정리	3171026227
울산광역시 울주군 청량읍 상남리	울산광역시 울주군 청량읍 상남리	3171026223
울산광역시 울주군 청량읍 용암리	울산광역시 울주군 청량읍 용암리	3171026229
울산광역시 울주군 청량읍 율리	울산광역시 울주군 청량읍 율리	3171026228
울산광역시 울주군 청량읍 중리	울산광역시 울주군 청량읍 중리	3171026225
울산광역시 중구 교동	울산광역시 중구 교동	3111010700
울산광역시 중구 남외동	울산광역시 중구 남외동	3111011500
울산광역시 중구 다운동	울산광역시 중구 다운동	3111011200
울산광역시 중구 동동	울산광역시 중구 동동	3111011300
울산광역시 중구 반구동	울산광역시 중구 반구동	3111011800
울산광역시 중구 복산동	울산광역시 중구 복산동	3111010300
울산광역시 중구 북정동	울산광역시 중구 북정동	3111010400
울산광역시 중구 서동	울산광역시 중구 서동	3111011400
울산광역시 중구 성남동	울산광역시 중구 성남동	3111010600
울산광역시 중구 성안동	울산광역시 중구 성안동	3111010900
울산광역시 중구 약사동	울산광역시 중구 약사동	3111011700
울산광역시 중구 옥교동	울산광역시 중구 옥교동	3111010500
울산광역시 중구 우정동	울산광역시 중구 우정동	3111010800
울산광역시 중구 유곡동	울산광역시 중구 유곡동	3111011000
울산광역시 중구 장현동	울산광역시 중구 장현동	3111011600
울산광역시 중구 태화동	울산광역시 중구 태화동	3111011100
울산광역시 중구 학산동	울산광역시 중구 학산동	3111010200
울산광역시 중구 학성동	울산광역시 중구 학성동	3111010100
인천광역시 강화군 강화읍 갑곳리	인천광역시 강화군 강화읍 갑곳리	2871025025
인천광역시 강화군 강화읍 관청리	인천광역시 강화군 강화읍 관청리	2871025022
인천광역시 강화군 강화읍 국화리	인천광역시 강화군 강화읍 국화리	2871025023
인천광역시 강화군 강화읍 남산리	인천광역시 강화군 강화읍 남산리	2871025024
인천광역시 강화군 강화읍 대산리	인천광역시 강화군 강화읍 대산리	2871025029
인천광역시 강화군 강화읍 신문리	인천광역시 강화군 강화읍 신문리	2871025021
인천광역시 강화군 강화읍 옥림리	인천광역시 강화군 강화읍 옥림리	2871025027
인천광역시 강화군 강화읍 용정리	인천광역시 강화군 강화읍 용정리	2871025026
인천광역시 강화군 강화읍 월곳리	인천광역시 강화군 강화읍 월곳리	2871025028
인천광역시 강화군 교동면 고구리	인천광역시 강화군 교동면 고구리	2871040025
인천광역시 강화군 교동면 난정리	인천광역시 강화군 교동면 난정리	2871040028
인천광역시 강화군 교동면 대룡리	인천광역시 강화군 교동면 대룡리	2871040021
인천광역시 강화군 교동면 동산리	인천광역시 강화군 교동면 동산리	2871040030
인천광역시 강화군 교동면 무학리	인천광역시 강화군 교동면 무학리	2871040032
인천광역시 강화군 교동면 봉소리	인천광역시 강화군 교동면 봉소리	2871040024
인천광역시 강화군 교동면 삼선리	인천광역시 강화군 교동면 삼선리	2871040026
인천광역시 강화군 교동면 상용리	인천광역시 강화군 교동면 상용리	2871040023
인천광역시 강화군 교동면 서한리	인천광역시 강화군 교동면 서한리	2871040031
인천광역시 강화군 교동면 양갑리	인천광역시 강화군 교동면 양갑리	2871040029
인천광역시 강화군 교동면 읍내리	인천광역시 강화군 교동면 읍내리	2871040022
인천광역시 강화군 교동면 인사리	인천광역시 강화군 교동면 인사리	2871040027
인천광역시 강화군 교동면 지석리	인천광역시 강화군 교동면 지석리	2871040033
인천광역시 강화군 길상면 길직리	인천광역시 강화군 길상면 길직리	2871033026
인천광역시 강화군 길상면 동검리	인천광역시 강화군 길상면 동검리	2871033023
인천광역시 강화군 길상면 선두리	인천광역시 강화군 길상면 선두리	2871033022
인천광역시 강화군 길상면 온수리	인천광역시 강화군 길상면 온수리	2871033021
인천광역시 강화군 길상면 장흥리	인천광역시 강화군 길상면 장흥리	2871033025
인천광역시 강화군 길상면 초지리	인천광역시 강화군 길상면 초지리	2871033024
인천광역시 강화군 내가면 고천리	인천광역시 강화군 내가면 고천리	2871036021
인천광역시 강화군 내가면 구하리	인천광역시 강화군 내가면 구하리	2871036025
인천광역시 강화군 내가면 오상리	인천광역시 강화군 내가면 오상리	2871036022
인천광역시 강화군 내가면 외포리	인천광역시 강화군 내가면 외포리	2871036023
인천광역시 강화군 내가면 황청리	인천광역시 강화군 내가면 황청리	2871036024
인천광역시 강화군 불은면 고능리	인천광역시 강화군 불은면 고능리	2871032022
인천광역시 강화군 불은면 넙성리	인천광역시 강화군 불은면 넙성리	2871032024
인천광역시 강화군 불은면 덕성리	인천광역시 강화군 불은면 덕성리	2871032028
인천광역시 강화군 불은면 두운리	인천광역시 강화군 불은면 두운리	2871032021
인천광역시 강화군 불은면 삼동암리	인천광역시 강화군 불은면 삼동암리	2871032026
인천광역시 강화군 불은면 삼성리	인천광역시 강화군 불은면 삼성리	2871032027
인천광역시 강화군 불은면 신현리	인천광역시 강화군 불은면 신현리	2871032025
인천광역시 강화군 불은면 오두리	인천광역시 강화군 불은면 오두리	2871032023
인천광역시 강화군 삼산면 매음리	인천광역시 강화군 삼산면 매음리	2871041025
인천광역시 강화군 삼산면 미법리	인천광역시 강화군 삼산면 미법리	2871041027
인천광역시 강화군 삼산면 상리	인천광역시 강화군 삼산면 상리	2871041022
인천광역시 강화군 삼산면 서검리	인천광역시 강화군 삼산면 서검리	2871041026
인천광역시 강화군 삼산면 석모리	인천광역시 강화군 삼산면 석모리	2871041021
인천광역시 강화군 삼산면 석포리	인천광역시 강화군 삼산면 석포리	2871041024
인천광역시 강화군 삼산면 하리	인천광역시 강화군 삼산면 하리	2871041023
인천광역시 강화군 서도면 말도리	인천광역시 강화군 서도면 말도리	2871042023
인천광역시 강화군 서도면 볼음도리	인천광역시 강화군 서도면 볼음도리	2871042024
인천광역시 강화군 서도면 아차도리	인천광역시 강화군 서도면 아차도리	2871042022
인천광역시 강화군 서도면 주문도리	인천광역시 강화군 서도면 주문도리	2871042021
인천광역시 강화군 선원면 금월리	인천광역시 강화군 선원면 금월리	2871031021
인천광역시 강화군 선원면 냉정리	인천광역시 강화군 선원면 냉정리	2871031027
인천광역시 강화군 선원면 선행리	인천광역시 강화군 선원면 선행리	2871031026
인천광역시 강화군 선원면 신정리	인천광역시 강화군 선원면 신정리	2871031024
인천광역시 강화군 선원면 연리	인천광역시 강화군 선원면 연리	2871031022
인천광역시 강화군 선원면 지산리	인천광역시 강화군 선원면 지산리	2871031023
인천광역시 강화군 선원면 창리	인천광역시 강화군 선원면 창리	2871031025
인천광역시 강화군 송해면 당산리	인천광역시 강화군 송해면 당산리	2871039024
인천광역시 강화군 송해면 상도리	인천광역시 강화군 송해면 상도리	2871039025
인천광역시 강화군 송해면 솔정리	인천광역시 강화군 송해면 솔정리	2871039021
인천광역시 강화군 송해면 숭뢰리	인천광역시 강화군 송해면 숭뢰리	2871039023
인천광역시 강화군 송해면 신당리	인천광역시 강화군 송해면 신당리	2871039022
인천광역시 강화군 송해면 양오리	인천광역시 강화군 송해면 양오리	2871039027
인천광역시 강화군 송해면 하도리	인천광역시 강화군 송해면 하도리	2871039026
인천광역시 강화군 양도면 건평리	인천광역시 강화군 양도면 건평리	2871035023
인천광역시 강화군 양도면 길정리	인천광역시 강화군 양도면 길정리	2871035026
인천광역시 강화군 양도면 능내리	인천광역시 강화군 양도면 능내리	2871035022
인천광역시 강화군 양도면 도장리	인천광역시 강화군 양도면 도장리	2871035027
인천광역시 강화군 양도면 삼흥리	인천광역시 강화군 양도면 삼흥리	2871035025
인천광역시 강화군 양도면 인산리	인천광역시 강화군 양도면 인산리	2871035024
인천광역시 강화군 양도면 조산리	인천광역시 강화군 양도면 조산리	2871035028
인천광역시 강화군 양도면 하일리	인천광역시 강화군 양도면 하일리	2871035021
인천광역시 강화군 양사면 교산리	인천광역시 강화군 양사면 교산리	2871038024
인천광역시 강화군 양사면 덕하리	인천광역시 강화군 양사면 덕하리	2871038022
인천광역시 강화군 양사면 북성리	인천광역시 강화군 양사면 북성리	2871038023
인천광역시 강화군 양사면 인화리	인천광역시 강화군 양사면 인화리	2871038025
인천광역시 강화군 양사면 철산리	인천광역시 강화군 양사면 철산리	2871038021
인천광역시 강화군 하점면 망월리	인천광역시 강화군 하점면 망월리	2871037026
인천광역시 강화군 하점면 부근리	인천광역시 강화군 하점면 부근리	2871037023
인천광역시 강화군 하점면 삼거리	인천광역시 강화군 하점면 삼거리	2871037024
인천광역시 강화군 하점면 신봉리	인천광역시 강화군 하점면 신봉리	2871037021
인천광역시 강화군 하점면 신삼리	인천광역시 강화군 하점면 신삼리	2871037025
인천광역시 강화군 하점면 이강리	인천광역시 강화군 하점면 이강리	2871037028
인천광역시 강화군 하점면 장정리	인천광역시 강화군 하점면 장정리	2871037022
인천광역시 강화군 하점면 창후리	인천광역시 강화군 하점면 창후리	2871037027
인천광역시 강화군 화도면 내리	인천광역시 강화군 화도면 내리	2871034021
인천광역시 강화군 화도면 덕포리	인천광역시 강화군 화도면 덕포리	2871034024
인천광역시 강화군 화도면 동막리	인천광역시 강화군 화도면 동막리	2871034026
인천광역시 강화군 화도면 문산리	인천광역시 강화군 화도면 문산리	2871034023
인천광역시 강화군 화도면 사기리	인천광역시 강화군 화도면 사기리	2871034025
인천광역시 강화군 화도면 상방리	인천광역시 강화군 화도면 상방리	2871034022
인천광역시 강화군 화도면 여차리	인천광역시 강화군 화도면 여차리	2871034028
인천광역시 강화군 화도면 장화리	인천광역시 강화군 화도면 장화리	2871034029
인천광역시 강화군 화도면 흥왕리	인천광역시 강화군 화도면 흥왕리	2871034027
인천광역시 계양구 갈현동	인천광역시 계양구 갈현동	2824511900
인천광역시 계양구 계산동	인천광역시 계양구 계산동	2824510200
인천광역시 계양구 귤현동	인천광역시 계양구 귤현동	2824511100
인천광역시 계양구 노오지동	인천광역시 계양구 노오지동	2824511500
인천광역시 계양구 다남동	인천광역시 계양구 다남동	2824512200
인천광역시 계양구 동양동	인천광역시 계양구 동양동	2824511000
인천광역시 계양구 둑실동	인천광역시 계양구 둑실동	2824512000
인천광역시 계양구 목상동	인천광역시 계양구 목상동	2824512100
인천광역시 계양구 박촌동	인천광역시 계양구 박촌동	2824510900
인천광역시 계양구 방축동	인천광역시 계양구 방축동	2824510800
인천광역시 계양구 병방동	인천광역시 계양구 병방동	2824510700
인천광역시 계양구 상야동	인천광역시 계양구 상야동	2824511200
인천광역시 계양구 서운동	인천광역시 계양구 서운동	2824510400
인천광역시 계양구 선주지동	인천광역시 계양구 선주지동	2824511600
인천광역시 계양구 오류동	인천광역시 계양구 오류동	2824511800
인천광역시 계양구 용종동	인천광역시 계양구 용종동	2824510600
인천광역시 계양구 이화동	인천광역시 계양구 이화동	2824511700
인천광역시 계양구 임학동	인천광역시 계양구 임학동	2824510500
인천광역시 계양구 작전동	인천광역시 계양구 작전동	2824510300
인천광역시 계양구 장기동	인천광역시 계양구 장기동	2824512300
인천광역시 계양구 평동	인천광역시 계양구 평동	2824511400
인천광역시 계양구 하야동	인천광역시 계양구 하야동	2824511300
인천광역시 계양구 효성동	인천광역시 계양구 효성동	2824510100
인천광역시 남동구 간석동	인천광역시 남동구 간석동	2820010200
인천광역시 남동구 고잔동	인천광역시 남동구 고잔동	2820011100
인천광역시 남동구 구월동	인천광역시 남동구 구월동	2820010100
인천광역시 남동구 남촌동	인천광역시 남동구 남촌동	2820010700
인천광역시 남동구 논현동	인천광역시 남동구 논현동	2820011000
인천광역시 남동구 도림동	인천광역시 남동구 도림동	2820010900
인천광역시 남동구 만수동	인천광역시 남동구 만수동	2820010300
인천광역시 남동구 서창동	인천광역시 남동구 서창동	2820010500
인천광역시 남동구 수산동	인천광역시 남동구 수산동	2820010800
인천광역시 남동구 운연동	인천광역시 남동구 운연동	2820010600
인천광역시 남동구 장수동	인천광역시 남동구 장수동	2820010400
인천광역시 동구 금곡동	인천광역시 동구 금곡동	2814010600
인천광역시 동구 만석동	인천광역시 동구 만석동	2814010100
인천광역시 동구 송림동	인천광역시 동구 송림동	2814010700
인천광역시 동구 송현동	인천광역시 동구 송현동	2814010300
인천광역시 동구 창영동	인천광역시 동구 창영동	2814010500
인천광역시 동구 화수동	인천광역시 동구 화수동	2814010200
인천광역시 동구 화평동	인천광역시 동구 화평동	2814010400
인천광역시 미추홀구 관교동	인천광역시 미추홀구 관교동	2817710600
인천광역시 미추홀구 도화동	인천광역시 미추홀구 도화동	2817710400
인천광역시 미추홀구 문학동	인천광역시 미추홀구 문학동	2817710700
인천광역시 미추홀구 숭의동	인천광역시 미추홀구 숭의동	2817710100
인천광역시 미추홀구 용현동	인천광역시 미추홀구 용현동	2817710200
인천광역시 미추홀구 주안동	인천광역시 미추홀구 주안동	2817710500
인천광역시 미추홀구 학익동	인천광역시 미추홀구 학익동	2817710300
인천광역시 부평구 갈산동	인천광역시 부평구 갈산동	2823710600
인천광역시 부평구 구산동	인천광역시 부평구 구산동	2823710900
인천광역시 부평구 부개동	인천광역시 부평구 부개동	2823710700
인천광역시 부평구 부평동	인천광역시 부평구 부평동	2823710100
인천광역시 부평구 산곡동	인천광역시 부평구 산곡동	2823710300
인천광역시 부평구 삼산동	인천광역시 부평구 삼산동	2823710500
인천광역시 부평구 십정동	인천광역시 부평구 십정동	2823710200
인천광역시 부평구 일신동	인천광역시 부평구 일신동	2823710800
인천광역시 부평구 청천동	인천광역시 부평구 청천동	2823710400
인천광역시 서구 가정동	인천광역시 서구 가정동	2826010800
인천광역시 서구 가좌동	인천광역시 서구 가좌동	2826011200
인천광역시 서구 검암동	인천광역시 서구 검암동	2826010300
인천광역시 서구 경서동	인천광역시 서구 경서동	2826010400
인천광역시 서구 공촌동	인천광역시 서구 공촌동	2826010500
인천광역시 서구 금곡동	인천광역시 서구 금곡동	2826011800
인천광역시 서구 당하동	인천광역시 서구 당하동	2826011400
인천광역시 서구 대곡동	인천광역시 서구 대곡동	2826011700
인천광역시 서구 마전동	인천광역시 서구 마전동	2826011300
인천광역시 서구 백석동	인천광역시 서구 백석동	2826010100
인천광역시 서구 불로동	인천광역시 서구 불로동	2826012100
인천광역시 서구 석남동	인천광역시 서구 석남동	2826011000
인천광역시 서구 시천동	인천광역시 서구 시천동	2826010200
인천광역시 서구 신현동	인천광역시 서구 신현동	2826010900
인천광역시 서구 심곡동	인천광역시 서구 심곡동	2826010700
인천광역시 서구 연희동	인천광역시 서구 연희동	2826010600
인천광역시 서구 오류동	인천광역시 서구 오류동	2826011900
인천광역시 서구 왕길동	인천광역시 서구 왕길동	2826012000
인천광역시 서구 원당동	인천광역시 서구 원당동	2826011500
인천광역시 서구 원창동	인천광역시 서구 원창동	2826011100
인천광역시 서구 청라동	인천광역시 서구 청라동	2826012200
인천광역시 연수구 동춘동	인천광역시 연수구 동춘동	2818510500
인천광역시 연수구 선학동	인천광역시 연수구 선학동	2818510200
인천광역시 연수구 송도동	인천광역시 연수구 송도동	2818510600
인천광역시 연수구 연수동	인천광역시 연수구 연수동	2818510300
인천광역시 연수구 옥련동	인천광역시 연수구 옥련동	2818510100
인천광역시 연수구 청학동	인천광역시 연수구 청학동	2818510400
인천광역시 옹진군 대청면 대청리	인천광역시 옹진군 대청면 대청리	2872034021
인천광역시 옹진군 대청면 소청리	인천광역시 옹진군 대청면 소청리	2872034022
인천광역시 옹진군 덕적면 굴업리	인천광역시 옹진군 덕적면 굴업리	2872035028
인천광역시 옹진군 덕적면 문갑리	인천광역시 옹진군 덕적면 문갑리	2872035027
인천광역시 옹진군 덕적면 백아리	인천광역시 옹진군 덕적면 백아리	2872035026
인천광역시 옹진군 덕적면 북리	인천광역시 옹진군 덕적면 북리	2872035021
인천광역시 옹진군 덕적면 서포리	인천광역시 옹진군 덕적면 서포리	2872035023
인천광역시 옹진군 덕적면 소야리	인천광역시 옹진군 덕적면 소야리	2872035024
인천광역시 옹진군 덕적면 울도리	인천광역시 옹진군 덕적면 울도리	2872035025
인천광역시 옹진군 덕적면 진리	인천광역시 옹진군 덕적면 진리	2872035022
인천광역시 옹진군 백령면 가을리	인천광역시 옹진군 백령면 가을리	2872033023
인천광역시 옹진군 백령면 남포리	인천광역시 옹진군 백령면 남포리	2872033025
인천광역시 옹진군 백령면 북포리	인천광역시 옹진군 백령면 북포리	2872033022
인천광역시 옹진군 백령면 연화리	인천광역시 옹진군 백령면 연화리	2872033024
인천광역시 옹진군 백령면 진촌리	인천광역시 옹진군 백령면 진촌리	2872033021
인천광역시 옹진군 북도면 모도리	인천광역시 옹진군 북도면 모도리	2872031023
인천광역시 옹진군 북도면 시도리	인천광역시 옹진군 북도면 시도리	2872031021
인천광역시 옹진군 북도면 신도리	인천광역시 옹진군 북도면 신도리	2872031022
인천광역시 옹진군 북도면 장봉리	인천광역시 옹진군 북도면 장봉리	2872031024
인천광역시 옹진군 연평면 연평리	인천광역시 옹진군 연평면 연평리	2872038021
인천광역시 옹진군 영흥면 내리	인천광역시 옹진군 영흥면 내리	2872036022
인천광역시 옹진군 영흥면 선재리	인천광역시 옹진군 영흥면 선재리	2872036023
인천광역시 옹진군 영흥면 외리	인천광역시 옹진군 영흥면 외리	2872036021
인천광역시 옹진군 자월면 승봉리	인천광역시 옹진군 자월면 승봉리	2872037023
인천광역시 옹진군 자월면 이작리	인천광역시 옹진군 자월면 이작리	2872037022
인천광역시 옹진군 자월면 자월리	인천광역시 옹진군 자월면 자월리	2872037021
인천광역시 중구 경동	인천광역시 중구 경동	2811013400
인천광역시 중구 관동1가	인천광역시 중구 관동1가	2811010900
인천광역시 중구 관동2가	인천광역시 중구 관동2가	2811011000
인천광역시 중구 관동3가	인천광역시 중구 관동3가	2811011100
인천광역시 중구 남북동	인천광역시 중구 남북동	2811015000
인천광역시 중구 내동	인천광역시 중구 내동	2811013300
인천광역시 중구 답동	인천광역시 중구 답동	2811012500
인천광역시 중구 덕교동	인천광역시 중구 덕교동	2811015100
인천광역시 중구 도원동	인천광역시 중구 도원동	2811013200
인천광역시 중구 무의동	인천광역시 중구 무의동	2811015200
인천광역시 중구 북성동1가	인천광역시 중구 북성동1가	2811013800
인천광역시 중구 북성동2가	인천광역시 중구 북성동2가	2811013900
인천광역시 중구 북성동3가	인천광역시 중구 북성동3가	2811014000
인천광역시 중구 사동	인천광역시 중구 사동	2811012200
인천광역시 중구 선린동	인천광역시 중구 선린동	2811014100
인천광역시 중구 선화동	인천광역시 중구 선화동	2811012900
인천광역시 중구 송월동1가	인천광역시 중구 송월동1가	2811014200
인천광역시 중구 송월동2가	인천광역시 중구 송월동2가	2811014300
인천광역시 중구 송월동3가	인천광역시 중구 송월동3가	2811014400
인천광역시 중구 송학동1가	인천광역시 중구 송학동1가	2811011900
인천광역시 중구 송학동2가	인천광역시 중구 송학동2가	2811012000
인천광역시 중구 송학동3가	인천광역시 중구 송학동3가	2811012100
인천광역시 중구 신생동	인천광역시 중구 신생동	2811012300
인천광역시 중구 신포동	인천광역시 중구 신포동	2811012400
인천광역시 중구 신흥동1가	인천광역시 중구 신흥동1가	2811012600
인천광역시 중구 신흥동2가	인천광역시 중구 신흥동2가	2811012700
인천광역시 중구 신흥동3가	인천광역시 중구 신흥동3가	2811012800
인천광역시 중구 용동	인천광역시 중구 용동	2811013500
인천광역시 중구 운남동	인천광역시 중구 운남동	2811014600
인천광역시 중구 운북동	인천광역시 중구 운북동	2811014800
인천광역시 중구 운서동	인천광역시 중구 운서동	2811014700
인천광역시 중구 유동	인천광역시 중구 유동	2811013000
인천광역시 중구 율목동	인천광역시 중구 율목동	2811013100
인천광역시 중구 을왕동	인천광역시 중구 을왕동	2811014900
인천광역시 중구 인현동	인천광역시 중구 인현동	2811013600
인천광역시 중구 전동	인천광역시 중구 전동	2811013700
인천광역시 중구 중산동	인천광역시 중구 중산동	2811014500
인천광역시 중구 중앙동1가	인천광역시 중구 중앙동1가	2811010100
인천광역시 중구 중앙동2가	인천광역시 중구 중앙동2가	2811010200
인천광역시 중구 중앙동3가	인천광역시 중구 중앙동3가	2811010300
인천광역시 중구 중앙동4가	인천광역시 중구 중앙동4가	2811010400
인천광역시 중구 항동1가	인천광역시 중구 항동1가	2811011200
인천광역시 중구 항동3가	인천광역시 중구 항동3가	2811011400
인천광역시 중구 항동5가	인천광역시 중구 항동5가	2811011600
인천광역시 중구 항동6가	인천광역시 중구 항동6가	2811011700
인천광역시 중구 항동7가	인천광역시 중구 항동7가	2811011800
인천광역시 중구 해안동2가	인천광역시 중구 해안동2가	2811010600
인천광역시 중구 해안동3가	인천광역시 중구 해안동3가	2811010700
전라남도 강진군 강진읍 교촌리	전라남도 강진군 강진읍 교촌리	4681025024
전라남도 강진군 강진읍 남성리	전라남도 강진군 강진읍 남성리	4681025022
전라남도 강진군 강진읍 남포리	전라남도 강진군 강진읍 남포리	4681025027
전라남도 강진군 강진읍 덕남리	전라남도 강진군 강진읍 덕남리	4681025031
전라남도 강진군 강진읍 동성리	전라남도 강진군 강진읍 동성리	4681025021
전라남도 강진군 강진읍 목리	전라남도 강진군 강진읍 목리	4681025025
전라남도 강진군 강진읍 서산리	전라남도 강진군 강진읍 서산리	4681025035
전라남도 강진군 강진읍 서성리	전라남도 강진군 강진읍 서성리	4681025023
전라남도 강진군 강진읍 송덕리	전라남도 강진군 강진읍 송덕리	4681025033
전라남도 강진군 강진읍 송전리	전라남도 강진군 강진읍 송전리	4681025032
전라남도 강진군 강진읍 영파리	전라남도 강진군 강진읍 영파리	4681025029
전라남도 강진군 강진읍 임천리	전라남도 강진군 강진읍 임천리	4681025030
전라남도 강진군 강진읍 춘전리	전라남도 강진군 강진읍 춘전리	4681025034
전라남도 강진군 강진읍 평동리	전라남도 강진군 강진읍 평동리	4681025026
전라남도 강진군 강진읍 학명리	전라남도 강진군 강진읍 학명리	4681025028
전라남도 강진군 군동면 금강리	전라남도 강진군 군동면 금강리	4681031024
전라남도 강진군 군동면 금사리	전라남도 강진군 군동면 금사리	4681031032
전라남도 강진군 군동면 덕천리	전라남도 강진군 군동면 덕천리	4681031029
전라남도 강진군 군동면 라천리	전라남도 강진군 군동면 라천리	4681031023
전라남도 강진군 군동면 삼신리	전라남도 강진군 군동면 삼신리	4681031033
전라남도 강진군 군동면 석교리	전라남도 강진군 군동면 석교리	4681031030
전라남도 강진군 군동면 쌍덕리	전라남도 강진군 군동면 쌍덕리	4681031031
전라남도 강진군 군동면 용소리	전라남도 강진군 군동면 용소리	4681031026
전라남도 강진군 군동면 장산리	전라남도 강진군 군동면 장산리	4681031028
전라남도 강진군 군동면 파산리	전라남도 강진군 군동면 파산리	4681031021
전라남도 강진군 군동면 풍동리	전라남도 강진군 군동면 풍동리	4681031027
전라남도 강진군 군동면 호계리	전라남도 강진군 군동면 호계리	4681031022
전라남도 강진군 군동면 화산리	전라남도 강진군 군동면 화산리	4681031025
전라남도 강진군 대구면 계율리	전라남도 강진군 대구면 계율리	4681033024
전라남도 강진군 대구면 구수리	전라남도 강진군 대구면 구수리	4681033029
전라남도 강진군 대구면 사당리	전라남도 강진군 대구면 사당리	4681033022
전라남도 강진군 대구면 수동리	전라남도 강진군 대구면 수동리	4681033021
전라남도 강진군 대구면 용운리	전라남도 강진군 대구면 용운리	4681033023
전라남도 강진군 대구면 저두리	전라남도 강진군 대구면 저두리	4681033030
전라남도 강진군 도암면 강정리	전라남도 강진군 도암면 강정리	4681034024
전라남도 강진군 도암면 계라리	전라남도 강진군 도암면 계라리	4681034022
전라남도 강진군 도암면 덕년리	전라남도 강진군 도암면 덕년리	4681034025
전라남도 강진군 도암면 덕서리	전라남도 강진군 도암면 덕서리	4681034021
전라남도 강진군 도암면 만덕리	전라남도 강진군 도암면 만덕리	4681034026
전라남도 강진군 도암면 봉황리	전라남도 강진군 도암면 봉황리	4681034032
전라남도 강진군 도암면 석문리	전라남도 강진군 도암면 석문리	4681034031
전라남도 강진군 도암면 신기리	전라남도 강진군 도암면 신기리	4681034028
전라남도 강진군 도암면 용흥리	전라남도 강진군 도암면 용흥리	4681034029
전라남도 강진군 도암면 지석리	전라남도 강진군 도암면 지석리	4681034023
전라남도 강진군 도암면 학장리	전라남도 강진군 도암면 학장리	4681034027
전라남도 강진군 도암면 항촌리	전라남도 강진군 도암면 항촌리	4681034030
전라남도 강진군 마량면 마량리	전라남도 강진군 마량면 마량리	4681040024
전라남도 강진군 마량면 상흥리	전라남도 강진군 마량면 상흥리	4681040022
전라남도 강진군 마량면 수인리	전라남도 강진군 마량면 수인리	4681040025
전라남도 강진군 마량면 영동리	전라남도 강진군 마량면 영동리	4681040021
전라남도 강진군 마량면 원포리	전라남도 강진군 마량면 원포리	4681040023
전라남도 강진군 병영면 도룡리	전라남도 강진군 병영면 도룡리	4681038031
전라남도 강진군 병영면 박동리	전라남도 강진군 병영면 박동리	4681038023
전라남도 강진군 병영면 삭양리	전라남도 강진군 병영면 삭양리	4681038032
전라남도 강진군 병영면 삼인리	전라남도 강진군 병영면 삼인리	4681038025
전라남도 강진군 병영면 상고리	전라남도 강진군 병영면 상고리	4681038028
전라남도 강진군 병영면 상낙리	전라남도 강진군 병영면 상낙리	4681038021
전라남도 강진군 병영면 성남리	전라남도 강진군 병영면 성남리	4681038026
전라남도 강진군 병영면 성동리	전라남도 강진군 병영면 성동리	4681038024
전라남도 강진군 병영면 중고리	전라남도 강진군 병영면 중고리	4681038029
전라남도 강진군 병영면 지로리	전라남도 강진군 병영면 지로리	4681038022
전라남도 강진군 병영면 하고리	전라남도 강진군 병영면 하고리	4681038030
전라남도 강진군 병영면 한학리	전라남도 강진군 병영면 한학리	4681038027
전라남도 강진군 성전면 금당리	전라남도 강진군 성전면 금당리	4681036030
전라남도 강진군 성전면 도림리	전라남도 강진군 성전면 도림리	4681036029
전라남도 강진군 성전면 명산리	전라남도 강진군 성전면 명산리	4681036026
전라남도 강진군 성전면 성전리	전라남도 강진군 성전면 성전리	4681036028
전라남도 강진군 성전면 송월리	전라남도 강진군 성전면 송월리	4681036023
전라남도 강진군 성전면 송학리	전라남도 강진군 성전면 송학리	4681036031
전라남도 강진군 성전면 수양리	전라남도 강진군 성전면 수양리	4681036027
전라남도 강진군 성전면 영풍리	전라남도 강진군 성전면 영풍리	4681036025
전라남도 강진군 성전면 월남리	전라남도 강진군 성전면 월남리	4681036021
전라남도 강진군 성전면 월평리	전라남도 강진군 성전면 월평리	4681036024
전라남도 강진군 성전면 월하리	전라남도 강진군 성전면 월하리	4681036022
전라남도 강진군 신전면 벌정리	전라남도 강진군 신전면 벌정리	4681035023
전라남도 강진군 신전면 사초리	전라남도 강진군 신전면 사초리	4681035024
전라남도 강진군 신전면 송천리	전라남도 강진군 신전면 송천리	4681035025
전라남도 강진군 신전면 수양리	전라남도 강진군 신전면 수양리	4681035021
전라남도 강진군 신전면 영관리	전라남도 강진군 신전면 영관리	4681035027
전라남도 강진군 신전면 용월리	전라남도 강진군 신전면 용월리	4681035022
전라남도 강진군 신전면 용화리	전라남도 강진군 신전면 용화리	4681035026
전라남도 강진군 옴천면 개산리	전라남도 강진군 옴천면 개산리	4681039026
전라남도 강진군 옴천면 기좌리	전라남도 강진군 옴천면 기좌리	4681039025
전라남도 강진군 옴천면 봉림리	전라남도 강진군 옴천면 봉림리	4681039021
전라남도 강진군 옴천면 영산리	전라남도 강진군 옴천면 영산리	4681039023
전라남도 강진군 옴천면 월곡리	전라남도 강진군 옴천면 월곡리	4681039024
전라남도 강진군 옴천면 정정리	전라남도 강진군 옴천면 정정리	4681039027
전라남도 강진군 옴천면 황막리	전라남도 강진군 옴천면 황막리	4681039022
전라남도 강진군 작천면 갈동리	전라남도 강진군 작천면 갈동리	4681037031
전라남도 강진군 작천면 군자리	전라남도 강진군 작천면 군자리	4681037021
전라남도 강진군 작천면 내기리	전라남도 강진군 작천면 내기리	4681037024
전라남도 강진군 작천면 삼당리	전라남도 강진군 작천면 삼당리	4681037028
전라남도 강진군 작천면 삼열리	전라남도 강진군 작천면 삼열리	4681037023
전라남도 강진군 작천면 야흥리	전라남도 강진군 작천면 야흥리	4681037027
전라남도 강진군 작천면 용상리	전라남도 강진군 작천면 용상리	4681037022
전라남도 강진군 작천면 이남리	전라남도 강진군 작천면 이남리	4681037026
전라남도 강진군 작천면 토마리	전라남도 강진군 작천면 토마리	4681037025
전라남도 강진군 작천면 평기리	전라남도 강진군 작천면 평기리	4681037029
전라남도 강진군 작천면 평리	전라남도 강진군 작천면 평리	4681037032
전라남도 강진군 작천면 현산리	전라남도 강진군 작천면 현산리	4681037030
전라남도 강진군 칠량면 단월리	전라남도 강진군 칠량면 단월리	4681032029
전라남도 강진군 칠량면 동백리	전라남도 강진군 칠량면 동백리	4681032022
전라남도 강진군 칠량면 명주리	전라남도 강진군 칠량면 명주리	4681032030
전라남도 강진군 칠량면 봉황리	전라남도 강진군 칠량면 봉황리	4681032025
전라남도 강진군 칠량면 삼흥리	전라남도 강진군 칠량면 삼흥리	4681032028
전라남도 강진군 칠량면 송로리	전라남도 강진군 칠량면 송로리	4681032021
전라남도 강진군 칠량면 송정리	전라남도 강진군 칠량면 송정리	4681032027
전라남도 강진군 칠량면 영동리	전라남도 강진군 칠량면 영동리	4681032023
전라남도 강진군 칠량면 영복리	전라남도 강진군 칠량면 영복리	4681032026
전라남도 강진군 칠량면 장계리	전라남도 강진군 칠량면 장계리	4681032032
전라남도 강진군 칠량면 현평리	전라남도 강진군 칠량면 현평리	4681032024
전라남도 강진군 칠량면 흥학리	전라남도 강진군 칠량면 흥학리	4681032031
전라남도 고흥군 고흥읍 고소리	전라남도 고흥군 고흥읍 고소리	4677025021
전라남도 고흥군 고흥읍 남계리	전라남도 고흥군 고흥읍 남계리	4677025026
전라남도 고흥군 고흥읍 등암리	전라남도 고흥군 고흥읍 등암리	4677025024
전라남도 고흥군 고흥읍 서문리	전라남도 고흥군 고흥읍 서문리	4677025028
전라남도 고흥군 고흥읍 성촌리	전라남도 고흥군 고흥읍 성촌리	4677025023
전라남도 고흥군 고흥읍 옥하리	전라남도 고흥군 고흥읍 옥하리	4677025027
전라남도 고흥군 고흥읍 행정리	전라남도 고흥군 고흥읍 행정리	4677025029
전라남도 고흥군 고흥읍 호동리	전라남도 고흥군 고흥읍 호동리	4677025022
전라남도 고흥군 고흥읍 호형리	전라남도 고흥군 고흥읍 호형리	4677025025
전라남도 고흥군 과역면 과역리	전라남도 고흥군 과역면 과역리	4677038026
전라남도 고흥군 과역면 노일리	전라남도 고흥군 과역면 노일리	4677038027
전라남도 고흥군 과역면 도천리	전라남도 고흥군 과역면 도천리	4677038028
전라남도 고흥군 과역면 백일리	전라남도 고흥군 과역면 백일리	4677038022
전라남도 고흥군 과역면 석봉리	전라남도 고흥군 과역면 석봉리	4677038025
전라남도 고흥군 과역면 신곡리	전라남도 고흥군 과역면 신곡리	4677038021
전라남도 고흥군 과역면 연등리	전라남도 고흥군 과역면 연등리	4677038023
전라남도 고흥군 과역면 호덕리	전라남도 고흥군 과역면 호덕리	4677038024
전라남도 고흥군 금산면 대흥리	전라남도 고흥군 금산면 대흥리	4677033021
전라남도 고흥군 금산면 석정리	전라남도 고흥군 금산면 석정리	4677033025
전라남도 고흥군 금산면 신전리	전라남도 고흥군 금산면 신전리	4677033023
전라남도 고흥군 금산면 신촌리	전라남도 고흥군 금산면 신촌리	4677033024
전라남도 고흥군 금산면 신평리	전라남도 고흥군 금산면 신평리	4677033026
전라남도 고흥군 금산면 어전리	전라남도 고흥군 금산면 어전리	4677033022
전라남도 고흥군 금산면 오천리	전라남도 고흥군 금산면 오천리	4677033027
전라남도 고흥군 남양면 남양리	전라남도 고흥군 남양면 남양리	4677039024
전라남도 고흥군 남양면 대곡리	전라남도 고흥군 남양면 대곡리	4677039023
전라남도 고흥군 남양면 망주리	전라남도 고흥군 남양면 망주리	4677039027
전라남도 고흥군 남양면 신흥리	전라남도 고흥군 남양면 신흥리	4677039022
전라남도 고흥군 남양면 월정리	전라남도 고흥군 남양면 월정리	4677039026
전라남도 고흥군 남양면 장담리	전라남도 고흥군 남양면 장담리	4677039021
전라남도 고흥군 남양면 중산리	전라남도 고흥군 남양면 중산리	4677039025
전라남도 고흥군 남양면 침교리	전라남도 고흥군 남양면 침교리	4677039028
전라남도 고흥군 대서면 금마리	전라남도 고흥군 대서면 금마리	4677041021
전라남도 고흥군 대서면 남정리	전라남도 고흥군 대서면 남정리	4677041022
전라남도 고흥군 대서면 상남리	전라남도 고흥군 대서면 상남리	4677041027
전라남도 고흥군 대서면 송강리	전라남도 고흥군 대서면 송강리	4677041026
전라남도 고흥군 대서면 송림리	전라남도 고흥군 대서면 송림리	4677041025
전라남도 고흥군 대서면 안남리	전라남도 고흥군 대서면 안남리	4677041023
전라남도 고흥군 대서면 화산리	전라남도 고흥군 대서면 화산리	4677041024
전라남도 고흥군 도덕면 가야리	전라남도 고흥군 도덕면 가야리	4677032023
전라남도 고흥군 도덕면 도덕리	전라남도 고흥군 도덕면 도덕리	4677032021
전라남도 고흥군 도덕면 봉덕리	전라남도 고흥군 도덕면 봉덕리	4677032024
전라남도 고흥군 도덕면 신양리	전라남도 고흥군 도덕면 신양리	4677032022
전라남도 고흥군 도덕면 오마리	전라남도 고흥군 도덕면 오마리	4677032025
전라남도 고흥군 도덕면 용동리	전라남도 고흥군 도덕면 용동리	4677032026
전라남도 고흥군 도양읍 관리	전라남도 고흥군 도양읍 관리	4677025322
전라남도 고흥군 도양읍 득량리	전라남도 고흥군 도양읍 득량리	4677025325
전라남도 고흥군 도양읍 봉암리	전라남도 고흥군 도양읍 봉암리	4677025324
전라남도 고흥군 도양읍 시산리	전라남도 고흥군 도양읍 시산리	4677025327
전라남도 고흥군 도양읍 용정리	전라남도 고흥군 도양읍 용정리	4677025323
전라남도 고흥군 도양읍 장계리	전라남도 고흥군 도양읍 장계리	4677025321
전라남도 고흥군 도화면 가화리	전라남도 고흥군 도화면 가화리	4677034021
전라남도 고흥군 도화면 구암리	전라남도 고흥군 도화면 구암리	4677034022
전라남도 고흥군 도화면 당오리	전라남도 고흥군 도화면 당오리	4677034027
전라남도 고흥군 도화면 덕중리	전라남도 고흥군 도화면 덕중리	4677034025
전라남도 고흥군 도화면 발포리	전라남도 고흥군 도화면 발포리	4677034031
전라남도 고흥군 도화면 봉룡리	전라남도 고흥군 도화면 봉룡리	4677034029
전라남도 고흥군 도화면 봉산리	전라남도 고흥군 도화면 봉산리	4677034026
전라남도 고흥군 도화면 사덕리	전라남도 고흥군 도화면 사덕리	4677034023
전라남도 고흥군 도화면 신호리	전라남도 고흥군 도화면 신호리	4677034028
전라남도 고흥군 도화면 지죽리	전라남도 고흥군 도화면 지죽리	4677034030
전라남도 고흥군 동강면 노동리	전라남도 고흥군 동강면 노동리	4677040030
전라남도 고흥군 동강면 대강리	전라남도 고흥군 동강면 대강리	4677040023
전라남도 고흥군 동강면 마륜리	전라남도 고흥군 동강면 마륜리	4677040022
전라남도 고흥군 동강면 매곡리	전라남도 고흥군 동강면 매곡리	4677040024
전라남도 고흥군 동강면 오월리	전라남도 고흥군 동강면 오월리	4677040026
전라남도 고흥군 동강면 유둔리	전라남도 고흥군 동강면 유둔리	4677040021
전라남도 고흥군 동강면 장덕리	전라남도 고흥군 동강면 장덕리	4677040029
전라남도 고흥군 동강면 죽암리	전라남도 고흥군 동강면 죽암리	4677040028
전라남도 고흥군 동강면 청송리	전라남도 고흥군 동강면 청송리	4677040027
전라남도 고흥군 동강면 한천리	전라남도 고흥군 동강면 한천리	4677040025
전라남도 고흥군 동일면 덕흥리	전라남도 고흥군 동일면 덕흥리	4677045023
전라남도 고흥군 동일면 백양리	전라남도 고흥군 동일면 백양리	4677045022
전라남도 고흥군 동일면 봉영리	전라남도 고흥군 동일면 봉영리	4677045021
전라남도 고흥군 두원면 관덕리	전라남도 고흥군 두원면 관덕리	4677042022
전라남도 고흥군 두원면 대금리	전라남도 고흥군 두원면 대금리	4677042024
전라남도 고흥군 두원면 대전리	전라남도 고흥군 두원면 대전리	4677042026
전라남도 고흥군 두원면 성두리	전라남도 고흥군 두원면 성두리	4677042028
전라남도 고흥군 두원면 신송리	전라남도 고흥군 두원면 신송리	4677042031
전라남도 고흥군 두원면 영오리	전라남도 고흥군 두원면 영오리	4677042029
전라남도 고흥군 두원면 예회리	전라남도 고흥군 두원면 예회리	4677042027
전라남도 고흥군 두원면 용당리	전라남도 고흥군 두원면 용당리	4677042025
전라남도 고흥군 두원면 용반리	전라남도 고흥군 두원면 용반리	4677042032
전라남도 고흥군 두원면 용산리	전라남도 고흥군 두원면 용산리	4677042030
전라남도 고흥군 두원면 운대리	전라남도 고흥군 두원면 운대리	4677042033
전라남도 고흥군 두원면 풍류리	전라남도 고흥군 두원면 풍류리	4677042023
전라남도 고흥군 두원면 학곡리	전라남도 고흥군 두원면 학곡리	4677042021
전라남도 고흥군 봉래면 사양리	전라남도 고흥군 봉래면 사양리	4677036027
전라남도 고흥군 봉래면 신금리	전라남도 고흥군 봉래면 신금리	4677036024
전라남도 고흥군 봉래면 예내리	전라남도 고흥군 봉래면 예내리	4677036023
전라남도 고흥군 봉래면 외초리	전라남도 고흥군 봉래면 외초리	4677036022
전라남도 고흥군 영남면 금사리	전라남도 고흥군 영남면 금사리	4677044022
전라남도 고흥군 영남면 남열리	전라남도 고흥군 영남면 남열리	4677044023
전라남도 고흥군 영남면 양사리	전라남도 고흥군 영남면 양사리	4677044021
전라남도 고흥군 영남면 우천리	전라남도 고흥군 영남면 우천리	4677044024
전라남도 고흥군 점암면 강산리	전라남도 고흥군 점암면 강산리	4677037023
전라남도 고흥군 점암면 대룡리	전라남도 고흥군 점암면 대룡리	4677037028
전라남도 고흥군 점암면 모룡리	전라남도 고흥군 점암면 모룡리	4677037027
전라남도 고흥군 점암면 사정리	전라남도 고흥군 점암면 사정리	4677037029
전라남도 고흥군 점암면 성기리	전라남도 고흥군 점암면 성기리	4677037026
전라남도 고흥군 점암면 신안리	전라남도 고흥군 점암면 신안리	4677037031
전라남도 고흥군 점암면 여호리	전라남도 고흥군 점암면 여호리	4677037024
전라남도 고흥군 점암면 연봉리	전라남도 고흥군 점암면 연봉리	4677037030
전라남도 고흥군 점암면 장남리	전라남도 고흥군 점암면 장남리	4677037022
전라남도 고흥군 점암면 천학리	전라남도 고흥군 점암면 천학리	4677037021
전라남도 고흥군 점암면 화계리	전라남도 고흥군 점암면 화계리	4677037025
전라남도 고흥군 포두면 길두리	전라남도 고흥군 포두면 길두리	4677035025
전라남도 고흥군 포두면 남성리	전라남도 고흥군 포두면 남성리	4677035021
전라남도 고흥군 포두면 남촌리	전라남도 고흥군 포두면 남촌리	4677035030
전라남도 고흥군 포두면 봉림리	전라남도 고흥군 포두면 봉림리	4677035027
전라남도 고흥군 포두면 상대리	전라남도 고흥군 포두면 상대리	4677035026
전라남도 고흥군 포두면 상포리	전라남도 고흥군 포두면 상포리	4677035029
전라남도 고흥군 포두면 세동리	전라남도 고흥군 포두면 세동리	4677035024
전라남도 고흥군 포두면 송산리	전라남도 고흥군 포두면 송산리	4677035031
전라남도 고흥군 포두면 오취리	전라남도 고흥군 포두면 오취리	4677035032
전라남도 고흥군 포두면 옥강리	전라남도 고흥군 포두면 옥강리	4677035022
전라남도 고흥군 포두면 장수리	전라남도 고흥군 포두면 장수리	4677035028
전라남도 고흥군 포두면 차동리	전라남도 고흥군 포두면 차동리	4677035023
전라남도 고흥군 풍양면 고옥리	전라남도 고흥군 풍양면 고옥리	4677031025
전라남도 고흥군 풍양면 당두리	전라남도 고흥군 풍양면 당두리	4677031024
전라남도 고흥군 풍양면 매곡리	전라남도 고흥군 풍양면 매곡리	4677031028
전라남도 고흥군 풍양면 보천리	전라남도 고흥군 풍양면 보천리	4677031023
전라남도 고흥군 풍양면 봉양리	전라남도 고흥군 풍양면 봉양리	4677031032
전라남도 고흥군 풍양면 상림리	전라남도 고흥군 풍양면 상림리	4677031021
전라남도 고흥군 풍양면 송정리	전라남도 고흥군 풍양면 송정리	4677031030
전라남도 고흥군 풍양면 안동리	전라남도 고흥군 풍양면 안동리	4677031027
전라남도 고흥군 풍양면 야막리	전라남도 고흥군 풍양면 야막리	4677031022
전라남도 고흥군 풍양면 율치리	전라남도 고흥군 풍양면 율치리	4677031031
전라남도 고흥군 풍양면 풍남리	전라남도 고흥군 풍양면 풍남리	4677031029
전라남도 고흥군 풍양면 한동리	전라남도 고흥군 풍양면 한동리	4677031026
전라남도 곡성군 겸면 가정리	전라남도 곡성군 겸면 가정리	4672039022
전라남도 곡성군 겸면 괴정리	전라남도 곡성군 겸면 괴정리	4672039027
전라남도 곡성군 겸면 남양리	전라남도 곡성군 겸면 남양리	4672039032
전라남도 곡성군 겸면 대명리	전라남도 곡성군 겸면 대명리	4672039028
전라남도 곡성군 겸면 마전리	전라남도 곡성군 겸면 마전리	4672039024
전라남도 곡성군 겸면 산정리	전라남도 곡성군 겸면 산정리	4672039025
전라남도 곡성군 겸면 상덕리	전라남도 곡성군 겸면 상덕리	4672039026
전라남도 곡성군 겸면 송강리	전라남도 곡성군 겸면 송강리	4672039029
전라남도 곡성군 겸면 운교리	전라남도 곡성군 겸면 운교리	4672039030
전라남도 곡성군 겸면 칠봉리	전라남도 곡성군 겸면 칠봉리	4672039031
전라남도 곡성군 겸면 평장리	전라남도 곡성군 겸면 평장리	4672039023
전라남도 곡성군 겸면 현정리	전라남도 곡성군 겸면 현정리	4672039021
전라남도 곡성군 고달면 고달리	전라남도 곡성군 고달면 고달리	4672036025
전라남도 곡성군 고달면 뇌죽리	전라남도 곡성군 고달면 뇌죽리	4672036022
전라남도 곡성군 고달면 대사리	전라남도 곡성군 고달면 대사리	4672036023
전라남도 곡성군 고달면 두가리	전라남도 곡성군 고달면 두가리	4672036027
전라남도 곡성군 고달면 목동리	전라남도 곡성군 고달면 목동리	4672036021
전라남도 곡성군 고달면 백곡리	전라남도 곡성군 고달면 백곡리	4672036024
전라남도 곡성군 고달면 호곡리	전라남도 곡성군 고달면 호곡리	4672036026
전라남도 곡성군 곡성읍 교촌리	전라남도 곡성군 곡성읍 교촌리	4672025023
전라남도 곡성군 곡성읍 구원리	전라남도 곡성군 곡성읍 구원리	4672025027
전라남도 곡성군 곡성읍 대평리	전라남도 곡성군 곡성읍 대평리	4672025029
전라남도 곡성군 곡성읍 동산리	전라남도 곡성군 곡성읍 동산리	4672025031
전라남도 곡성군 곡성읍 묘천리	전라남도 곡성군 곡성읍 묘천리	4672025034
전라남도 곡성군 곡성읍 서계리	전라남도 곡성군 곡성읍 서계리	4672025028
전라남도 곡성군 곡성읍 신기리	전라남도 곡성군 곡성읍 신기리	4672025033
전라남도 곡성군 곡성읍 신리	전라남도 곡성군 곡성읍 신리	4672025030
전라남도 곡성군 곡성읍 신월리	전라남도 곡성군 곡성읍 신월리	4672025025
전라남도 곡성군 곡성읍 월봉리	전라남도 곡성군 곡성읍 월봉리	4672025026
전라남도 곡성군 곡성읍 읍내리	전라남도 곡성군 곡성읍 읍내리	4672025021
전라남도 곡성군 곡성읍 장선리	전라남도 곡성군 곡성읍 장선리	4672025032
전라남도 곡성군 곡성읍 죽동리	전라남도 곡성군 곡성읍 죽동리	4672025024
전라남도 곡성군 곡성읍 학정리	전라남도 곡성군 곡성읍 학정리	4672025022
전라남도 곡성군 목사동면 공북리	전라남도 곡성군 목사동면 공북리	4672034027
전라남도 곡성군 목사동면 구룡리	전라남도 곡성군 목사동면 구룡리	4672034023
전라남도 곡성군 목사동면 대곡리	전라남도 곡성군 목사동면 대곡리	4672034028
전라남도 곡성군 목사동면 동암리	전라남도 곡성군 목사동면 동암리	4672034022
전라남도 곡성군 목사동면 범계리	전라남도 곡성군 목사동면 범계리	4672034026
전라남도 곡성군 목사동면 수곡리	전라남도 곡성군 목사동면 수곡리	4672034025
전라남도 곡성군 목사동면 신기리	전라남도 곡성군 목사동면 신기리	4672034029
전라남도 곡성군 목사동면 신전리	전라남도 곡성군 목사동면 신전리	4672034032
전라남도 곡성군 목사동면 용봉리	전라남도 곡성군 목사동면 용봉리	4672034031
전라남도 곡성군 목사동면 용사리	전라남도 곡성군 목사동면 용사리	4672034024
전라남도 곡성군 목사동면 죽정리	전라남도 곡성군 목사동면 죽정리	4672034030
전라남도 곡성군 목사동면 평리	전라남도 곡성군 목사동면 평리	4672034021
전라남도 곡성군 삼기면 경악리	전라남도 곡성군 삼기면 경악리	4672032031
전라남도 곡성군 삼기면 괴소리	전라남도 곡성군 삼기면 괴소리	4672032023
전라남도 곡성군 삼기면 근촌리	전라남도 곡성군 삼기면 근촌리	4672032030
전라남도 곡성군 삼기면 금계리	전라남도 곡성군 삼기면 금계리	4672032032
전라남도 곡성군 삼기면 금반리	전라남도 곡성군 삼기면 금반리	4672032025
전라남도 곡성군 삼기면 노동리	전라남도 곡성군 삼기면 노동리	4672032028
전라남도 곡성군 삼기면 농소리	전라남도 곡성군 삼기면 농소리	4672032027
전라남도 곡성군 삼기면 수산리	전라남도 곡성군 삼기면 수산리	4672032029
전라남도 곡성군 삼기면 원등리	전라남도 곡성군 삼기면 원등리	4672032021
전라남도 곡성군 삼기면 월경리	전라남도 곡성군 삼기면 월경리	4672032022
전라남도 곡성군 삼기면 의암리	전라남도 곡성군 삼기면 의암리	4672032024
전라남도 곡성군 삼기면 청계리	전라남도 곡성군 삼기면 청계리	4672032026
전라남도 곡성군 석곡면 구봉리	전라남도 곡성군 석곡면 구봉리	4672033031
전라남도 곡성군 석곡면 능파리	전라남도 곡성군 석곡면 능파리	4672033022
전라남도 곡성군 석곡면 당월리	전라남도 곡성군 석곡면 당월리	4672033024
전라남도 곡성군 석곡면 덕흥리	전라남도 곡성군 석곡면 덕흥리	4672033023
전라남도 곡성군 석곡면 방송리	전라남도 곡성군 석곡면 방송리	4672033025
전라남도 곡성군 석곡면 봉전리	전라남도 곡성군 석곡면 봉전리	4672033032
전라남도 곡성군 석곡면 석곡리	전라남도 곡성군 석곡면 석곡리	4672033021
전라남도 곡성군 석곡면 연반리	전라남도 곡성군 석곡면 연반리	4672033026
전라남도 곡성군 석곡면 염곡리	전라남도 곡성군 석곡면 염곡리	4672033029
전라남도 곡성군 석곡면 온수리	전라남도 곡성군 석곡면 온수리	4672033028
전라남도 곡성군 석곡면 유정리	전라남도 곡성군 석곡면 유정리	4672033030
전라남도 곡성군 석곡면 죽산리	전라남도 곡성군 석곡면 죽산리	4672033027
전라남도 곡성군 오곡면 구성리	전라남도 곡성군 오곡면 구성리	4672031029
전라남도 곡성군 오곡면 덕산리	전라남도 곡성군 오곡면 덕산리	4672031022
전라남도 곡성군 오곡면 명산리	전라남도 곡성군 오곡면 명산리	4672031027
전라남도 곡성군 오곡면 미산리	전라남도 곡성군 오곡면 미산리	4672031030
전라남도 곡성군 오곡면 봉조리	전라남도 곡성군 오곡면 봉조리	4672031025
전라남도 곡성군 오곡면 송정리	전라남도 곡성군 오곡면 송정리	4672031024
전라남도 곡성군 오곡면 승법리	전라남도 곡성군 오곡면 승법리	4672031028
전라남도 곡성군 오곡면 압록리	전라남도 곡성군 오곡면 압록리	4672031026
전라남도 곡성군 오곡면 오지리	전라남도 곡성군 오곡면 오지리	4672031021
전라남도 곡성군 오곡면 침곡리	전라남도 곡성군 오곡면 침곡리	4672031023
전라남도 곡성군 오산면 가곡리	전라남도 곡성군 오산면 가곡리	4672040026
전라남도 곡성군 오산면 단사리	전라남도 곡성군 오산면 단사리	4672040023
전라남도 곡성군 오산면 봉동리	전라남도 곡성군 오산면 봉동리	4672040021
전라남도 곡성군 오산면 선세리	전라남도 곡성군 오산면 선세리	4672040025
전라남도 곡성군 오산면 연화리	전라남도 곡성군 오산면 연화리	4672040028
전라남도 곡성군 오산면 운곡리	전라남도 곡성군 오산면 운곡리	4672040029
전라남도 곡성군 오산면 율천리	전라남도 곡성군 오산면 율천리	4672040022
전라남도 곡성군 오산면 조양리	전라남도 곡성군 오산면 조양리	4672040024
전라남도 곡성군 오산면 청단리	전라남도 곡성군 오산면 청단리	4672040027
전라남도 곡성군 옥과면 리문리	전라남도 곡성군 옥과면 리문리	4672037023
전라남도 곡성군 옥과면 무창리	전라남도 곡성군 옥과면 무창리	4672037026
전라남도 곡성군 옥과면 설옥리	전라남도 곡성군 옥과면 설옥리	4672037024
전라남도 곡성군 옥과면 소룡리	전라남도 곡성군 옥과면 소룡리	4672037029
전라남도 곡성군 옥과면 수리	전라남도 곡성군 옥과면 수리	4672037028
전라남도 곡성군 옥과면 옥과리	전라남도 곡성군 옥과면 옥과리	4672037021
전라남도 곡성군 옥과면 율사리	전라남도 곡성군 옥과면 율사리	4672037025
전라남도 곡성군 옥과면 주산리	전라남도 곡성군 옥과면 주산리	4672037027
전라남도 곡성군 옥과면 죽림리	전라남도 곡성군 옥과면 죽림리	4672037022
전라남도 곡성군 옥과면 합강리	전라남도 곡성군 옥과면 합강리	4672037030
전라남도 곡성군 옥과면 황산리	전라남도 곡성군 옥과면 황산리	4672037031
전라남도 곡성군 입면 금산리	전라남도 곡성군 입면 금산리	4672038026
전라남도 곡성군 입면 대장리	전라남도 곡성군 입면 대장리	4672038023
전라남도 곡성군 입면 만수리	전라남도 곡성군 입면 만수리	4672038025
전라남도 곡성군 입면 매월리	전라남도 곡성군 입면 매월리	4672038021
전라남도 곡성군 입면 삼오리	전라남도 곡성군 입면 삼오리	4672038031
전라남도 곡성군 입면 서봉리	전라남도 곡성군 입면 서봉리	4672038027
전라남도 곡성군 입면 송전리	전라남도 곡성군 입면 송전리	4672038032
전라남도 곡성군 입면 약천리	전라남도 곡성군 입면 약천리	4672038024
전라남도 곡성군 입면 입석리	전라남도 곡성군 입면 입석리	4672038030
전라남도 곡성군 입면 제월리	전라남도 곡성군 입면 제월리	4672038028
전라남도 곡성군 입면 창정리	전라남도 곡성군 입면 창정리	4672038029
전라남도 곡성군 입면 흑석리	전라남도 곡성군 입면 흑석리	4672038022
전라남도 곡성군 죽곡면 고치리	전라남도 곡성군 죽곡면 고치리	4672035032
전라남도 곡성군 죽곡면 남양리	전라남도 곡성군 죽곡면 남양리	4672035028
전라남도 곡성군 죽곡면 당동리	전라남도 곡성군 죽곡면 당동리	4672035027
전라남도 곡성군 죽곡면 동계리	전라남도 곡성군 죽곡면 동계리	4672035030
전라남도 곡성군 죽곡면 봉정리	전라남도 곡성군 죽곡면 봉정리	4672035023
전라남도 곡성군 죽곡면 삼태리	전라남도 곡성군 죽곡면 삼태리	4672035026
전라남도 곡성군 죽곡면 신풍리	전라남도 곡성군 죽곡면 신풍리	4672035024
전라남도 곡성군 죽곡면 연화리	전라남도 곡성군 죽곡면 연화리	4672035025
전라남도 곡성군 죽곡면 용정리	전라남도 곡성군 죽곡면 용정리	4672035033
전라남도 곡성군 죽곡면 원달리	전라남도 곡성군 죽곡면 원달리	4672035031
전라남도 곡성군 죽곡면 유봉리	전라남도 곡성군 죽곡면 유봉리	4672035029
전라남도 곡성군 죽곡면 태평리	전라남도 곡성군 죽곡면 태평리	4672035021
전라남도 곡성군 죽곡면 하한리	전라남도 곡성군 죽곡면 하한리	4672035034
전라남도 곡성군 죽곡면 화양리	전라남도 곡성군 죽곡면 화양리	4672035022
전라남도 광양시 광양읍 구산리	전라남도 광양시 광양읍 구산리	4623025022
전라남도 광양시 광양읍 덕례리	전라남도 광양시 광양읍 덕례리	4623025035
전라남도 광양시 광양읍 도월리	전라남도 광양시 광양읍 도월리	4623025033
전라남도 광양시 광양읍 목성리	전라남도 광양시 광양읍 목성리	4623025025
전라남도 광양시 광양읍 사곡리	전라남도 광양시 광양읍 사곡리	4623025028
전라남도 광양시 광양읍 세풍리	전라남도 광양시 광양읍 세풍리	4623025034
전라남도 광양시 광양읍 용강리	전라남도 광양시 광양읍 용강리	4623025030
전라남도 광양시 광양읍 우산리	전라남도 광양시 광양읍 우산리	4623025021
전라남도 광양시 광양읍 읍내리	전라남도 광양시 광양읍 읍내리	4623025024
전라남도 광양시 광양읍 익신리	전라남도 광양시 광양읍 익신리	4623025027
전라남도 광양시 광양읍 인동리	전라남도 광양시 광양읍 인동리	4623025031
전라남도 광양시 광양읍 인서리	전라남도 광양시 광양읍 인서리	4623025032
전라남도 광양시 광양읍 죽림리	전라남도 광양시 광양읍 죽림리	4623025029
전라남도 광양시 광양읍 초남리	전라남도 광양시 광양읍 초남리	4623025026
전라남도 광양시 광양읍 칠성리	전라남도 광양시 광양읍 칠성리	4623025023
전라남도 광양시 광영동	전라남도 광양시 광영동	4623010800
전라남도 광양시 금호동	전라남도 광양시 금호동	4623011000
전라남도 광양시 다압면 고사리	전라남도 광양시 다압면 고사리	4623036023
전라남도 광양시 다압면 금천리	전라남도 광양시 다압면 금천리	4623036024
전라남도 광양시 다압면 도사리	전라남도 광양시 다압면 도사리	4623036022
전라남도 광양시 다압면 신원리	전라남도 광양시 다압면 신원리	4623036021
전라남도 광양시 다압면 하천리	전라남도 광양시 다압면 하천리	4623036025
전라남도 광양시 도이동	전라남도 광양시 도이동	4623010300
전라남도 광양시 마동	전라남도 광양시 마동	4623010700
전라남도 광양시 봉강면 구서리	전라남도 광양시 봉강면 구서리	4623031025
전라남도 광양시 봉강면 봉당리	전라남도 광양시 봉강면 봉당리	4623031023
전라남도 광양시 봉강면 부저리	전라남도 광양시 봉강면 부저리	4623031024
전라남도 광양시 봉강면 석사리	전라남도 광양시 봉강면 석사리	4623031021
전라남도 광양시 봉강면 신룡리	전라남도 광양시 봉강면 신룡리	4623031027
전라남도 광양시 봉강면 조령리	전라남도 광양시 봉강면 조령리	4623031026
전라남도 광양시 봉강면 지곡리	전라남도 광양시 봉강면 지곡리	4623031022
전라남도 광양시 성황동	전라남도 광양시 성황동	4623010400
전라남도 광양시 옥곡면 대죽리	전라남도 광양시 옥곡면 대죽리	4623033022
전라남도 광양시 옥곡면 묵백리	전라남도 광양시 옥곡면 묵백리	4623033023
전라남도 광양시 옥곡면 선유리	전라남도 광양시 옥곡면 선유리	4623033026
전라남도 광양시 옥곡면 수평리	전라남도 광양시 옥곡면 수평리	4623033027
전라남도 광양시 옥곡면 신금리	전라남도 광양시 옥곡면 신금리	4623033024
전라남도 광양시 옥곡면 원월리	전라남도 광양시 옥곡면 원월리	4623033021
전라남도 광양시 옥곡면 장동리	전라남도 광양시 옥곡면 장동리	4623033025
전라남도 광양시 옥룡면 동곡리	전라남도 광양시 옥룡면 동곡리	4623032024
전라남도 광양시 옥룡면 산남리	전라남도 광양시 옥룡면 산남리	4623032021
전라남도 광양시 옥룡면 용곡리	전라남도 광양시 옥룡면 용곡리	4623032026
전라남도 광양시 옥룡면 운곡리	전라남도 광양시 옥룡면 운곡리	4623032028
전라남도 광양시 옥룡면 운평리	전라남도 광양시 옥룡면 운평리	4623032022
전라남도 광양시 옥룡면 율천리	전라남도 광양시 옥룡면 율천리	4623032027
전라남도 광양시 옥룡면 죽천리	전라남도 광양시 옥룡면 죽천리	4623032025
전라남도 광양시 옥룡면 추산리	전라남도 광양시 옥룡면 추산리	4623032023
전라남도 광양시 중군동	전라남도 광양시 중군동	4623010500
전라남도 광양시 중동	전라남도 광양시 중동	4623010600
전라남도 광양시 진상면 금이리	전라남도 광양시 진상면 금이리	4623034021
전라남도 광양시 진상면 비평리	전라남도 광양시 진상면 비평리	4623034023
전라남도 광양시 진상면 섬거리	전라남도 광양시 진상면 섬거리	4623034022
전라남도 광양시 진상면 어치리	전라남도 광양시 진상면 어치리	4623034025
전라남도 광양시 진상면 지원리	전라남도 광양시 진상면 지원리	4623034026
전라남도 광양시 진상면 청암리	전라남도 광양시 진상면 청암리	4623034027
전라남도 광양시 진상면 황죽리	전라남도 광양시 진상면 황죽리	4623034024
전라남도 광양시 진월면 마룡리	전라남도 광양시 진월면 마룡리	4623035023
전라남도 광양시 진월면 망덕리	전라남도 광양시 진월면 망덕리	4623035021
전라남도 광양시 진월면 선소리	전라남도 광양시 진월면 선소리	4623035024
전라남도 광양시 진월면 송금리	전라남도 광양시 진월면 송금리	4623035028
전라남도 광양시 진월면 신구리	전라남도 광양시 진월면 신구리	4623035027
전라남도 광양시 진월면 신아리	전라남도 광양시 진월면 신아리	4623035025
전라남도 광양시 진월면 오사리	전라남도 광양시 진월면 오사리	4623035026
전라남도 광양시 진월면 월길리	전라남도 광양시 진월면 월길리	4623035029
전라남도 광양시 진월면 진정리	전라남도 광양시 진월면 진정리	4623035030
전라남도 광양시 진월면 차사리	전라남도 광양시 진월면 차사리	4623035022
전라남도 광양시 태인동	전라남도 광양시 태인동	4623010900
전라남도 광양시 황금동	전라남도 광양시 황금동	4623010100
전라남도 광양시 황길동	전라남도 광양시 황길동	4623010200
전라남도 구례군 간전면 간문리	전라남도 구례군 간전면 간문리	4673032021
전라남도 구례군 간전면 금산리	전라남도 구례군 간전면 금산리	4673032026
전라남도 구례군 간전면 삼산리	전라남도 구례군 간전면 삼산리	4673032028
전라남도 구례군 간전면 수평리	전라남도 구례군 간전면 수평리	4673032022
전라남도 구례군 간전면 양천리	전라남도 구례군 간전면 양천리	4673032027
전라남도 구례군 간전면 운천리	전라남도 구례군 간전면 운천리	4673032025
전라남도 구례군 간전면 중대리	전라남도 구례군 간전면 중대리	4673032024
전라남도 구례군 간전면 효곡리	전라남도 구례군 간전면 효곡리	4673032029
전라남도 구례군 간전면 흥대리	전라남도 구례군 간전면 흥대리	4673032023
전라남도 구례군 광의면 구만리	전라남도 구례군 광의면 구만리	4673035028
전라남도 구례군 광의면 대산리	전라남도 구례군 광의면 대산리	4673035023
전라남도 구례군 광의면 대전리	전라남도 구례군 광의면 대전리	4673035026
전라남도 구례군 광의면 방광리	전라남도 구례군 광의면 방광리	4673035022
전라남도 구례군 광의면 수월리	전라남도 구례군 광의면 수월리	4673035025
전라남도 구례군 광의면 연파리	전라남도 구례군 광의면 연파리	4673035021
전라남도 구례군 광의면 온당리	전라남도 구례군 광의면 온당리	4673035027
전라남도 구례군 광의면 지천리	전라남도 구례군 광의면 지천리	4673035024
전라남도 구례군 구례읍 계산리	전라남도 구례군 구례읍 계산리	4673025029
전라남도 구례군 구례읍 논곡리	전라남도 구례군 구례읍 논곡리	4673025028
전라남도 구례군 구례읍 백련리	전라남도 구례군 구례읍 백련리	4673025023
전라남도 구례군 구례읍 봉남리	전라남도 구례군 구례읍 봉남리	4673025022
전라남도 구례군 구례읍 봉동리	전라남도 구례군 구례읍 봉동리	4673025021
전라남도 구례군 구례읍 봉북리	전라남도 구례군 구례읍 봉북리	4673025030
전라남도 구례군 구례읍 봉서리	전라남도 구례군 구례읍 봉서리	4673025026
전라남도 구례군 구례읍 산성리	전라남도 구례군 구례읍 산성리	4673025024
전라남도 구례군 구례읍 신월리	전라남도 구례군 구례읍 신월리	4673025025
전라남도 구례군 구례읍 원방리	전라남도 구례군 구례읍 원방리	4673025027
전라남도 구례군 마산면 갑산리	전라남도 구례군 마산면 갑산리	4673034025
전라남도 구례군 마산면 광평리	전라남도 구례군 마산면 광평리	4673034022
전라남도 구례군 마산면 냉천리	전라남도 구례군 마산면 냉천리	4673034026
전라남도 구례군 마산면 마산리	전라남도 구례군 마산면 마산리	4673034021
전라남도 구례군 마산면 사도리	전라남도 구례군 마산면 사도리	4673034023
전라남도 구례군 마산면 황전리	전라남도 구례군 마산면 황전리	4673034024
전라남도 구례군 문척면 금정리	전라남도 구례군 문척면 금정리	4673031023
전라남도 구례군 문척면 월전리	전라남도 구례군 문척면 월전리	4673031021
전라남도 구례군 문척면 죽마리	전라남도 구례군 문척면 죽마리	4673031022
전라남도 구례군 문척면 중산리	전라남도 구례군 문척면 중산리	4673031024
전라남도 구례군 산동면 계천리	전라남도 구례군 산동면 계천리	4673037032
전라남도 구례군 산동면 관산리	전라남도 구례군 산동면 관산리	4673037030
전라남도 구례군 산동면 내산리	전라남도 구례군 산동면 내산리	4673037029
전라남도 구례군 산동면 대평리	전라남도 구례군 산동면 대평리	4673037025
전라남도 구례군 산동면 둔사리	전라남도 구례군 산동면 둔사리	4673037033
전라남도 구례군 산동면 수기리	전라남도 구례군 산동면 수기리	4673037031
전라남도 구례군 산동면 시상리	전라남도 구례군 산동면 시상리	4673037023
전라남도 구례군 산동면 신학리	전라남도 구례군 산동면 신학리	4673037028
전라남도 구례군 산동면 외산리	전라남도 구례군 산동면 외산리	4673037024
전라남도 구례군 산동면 원달리	전라남도 구례군 산동면 원달리	4673037022
전라남도 구례군 산동면 원촌리	전라남도 구례군 산동면 원촌리	4673037021
전라남도 구례군 산동면 위안리	전라남도 구례군 산동면 위안리	4673037034
전라남도 구례군 산동면 이평리	전라남도 구례군 산동면 이평리	4673037027
전라남도 구례군 산동면 좌사리	전라남도 구례군 산동면 좌사리	4673037026
전라남도 구례군 산동면 탑정리	전라남도 구례군 산동면 탑정리	4673037035
전라남도 구례군 용방면 사림리	전라남도 구례군 용방면 사림리	4673036023
전라남도 구례군 용방면 신도리	전라남도 구례군 용방면 신도리	4673036026
전라남도 구례군 용방면 신지리	전라남도 구례군 용방면 신지리	4673036022
전라남도 구례군 용방면 용강리	전라남도 구례군 용방면 용강리	4673036024
전라남도 구례군 용방면 용정리	전라남도 구례군 용방면 용정리	4673036021
전라남도 구례군 용방면 죽정리	전라남도 구례군 용방면 죽정리	4673036027
전라남도 구례군 용방면 중방리	전라남도 구례군 용방면 중방리	4673036025
전라남도 구례군 토지면 구산리	전라남도 구례군 토지면 구산리	4673033021
전라남도 구례군 토지면 금내리	전라남도 구례군 토지면 금내리	4673033030
전라남도 구례군 토지면 내동리	전라남도 구례군 토지면 내동리	4673033027
전라남도 구례군 토지면 내서리	전라남도 구례군 토지면 내서리	4673033028
전라남도 구례군 토지면 문수리	전라남도 구례군 토지면 문수리	4673033029
전라남도 구례군 토지면 송정리	전라남도 구례군 토지면 송정리	4673033026
전라남도 구례군 토지면 오미리	전라남도 구례군 토지면 오미리	4673033025
전라남도 구례군 토지면 외곡리	전라남도 구례군 토지면 외곡리	4673033023
전라남도 구례군 토지면 용두리	전라남도 구례군 토지면 용두리	4673033024
전라남도 구례군 토지면 파도리	전라남도 구례군 토지면 파도리	4673033022
전라남도 나주시 경현동	전라남도 나주시 경현동	4617010800
전라남도 나주시 공산면 가송리	전라남도 나주시 공산면 가송리	4617034026
전라남도 나주시 공산면 금곡리	전라남도 나주시 공산면 금곡리	4617034021
전라남도 나주시 공산면 남창리	전라남도 나주시 공산면 남창리	4617034022
전라남도 나주시 공산면 동촌리	전라남도 나주시 공산면 동촌리	4617034027
전라남도 나주시 공산면 백사리	전라남도 나주시 공산면 백사리	4617034023
전라남도 나주시 공산면 복용리	전라남도 나주시 공산면 복용리	4617034030
전라남도 나주시 공산면 상방리	전라남도 나주시 공산면 상방리	4617034029
전라남도 나주시 공산면 신곡리	전라남도 나주시 공산면 신곡리	4617034024
전라남도 나주시 공산면 중포리	전라남도 나주시 공산면 중포리	4617034025
전라남도 나주시 공산면 화성리	전라남도 나주시 공산면 화성리	4617034028
전라남도 나주시 과원동	전라남도 나주시 과원동	4617011300
전라남도 나주시 관정동	전라남도 나주시 관정동	4617012500
전라남도 나주시 교동	전라남도 나주시 교동	4617010500
전라남도 나주시 금계동	전라남도 나주시 금계동	4617011000
전라남도 나주시 금성동	전라남도 나주시 금성동	4617011100
전라남도 나주시 금천면 고동리	전라남도 나주시 금천면 고동리	4617039022
전라남도 나주시 금천면 광암리	전라남도 나주시 금천면 광암리	4617039023
전라남도 나주시 금천면 동악리	전라남도 나주시 금천면 동악리	4617039027
전라남도 나주시 금천면 석전리	전라남도 나주시 금천면 석전리	4617039028
전라남도 나주시 금천면 신가리	전라남도 나주시 금천면 신가리	4617039030
전라남도 나주시 금천면 신천리	전라남도 나주시 금천면 신천리	4617039024
전라남도 나주시 금천면 오강리	전라남도 나주시 금천면 오강리	4617039021
전라남도 나주시 금천면 원곡리	전라남도 나주시 금천면 원곡리	4617039031
전라남도 나주시 금천면 월산리	전라남도 나주시 금천면 월산리	4617039026
전라남도 나주시 금천면 죽촌리	전라남도 나주시 금천면 죽촌리	4617039025
전라남도 나주시 금천면 촌곡리	전라남도 나주시 금천면 촌곡리	4617039029
전라남도 나주시 남내동	전라남도 나주시 남내동	4617011200
전라남도 나주시 남외동	전라남도 나주시 남외동	4617012000
전라남도 나주시 남평읍 광이리	전라남도 나주시 남평읍 광이리	4617025035
전라남도 나주시 남평읍 광촌리	전라남도 나주시 남평읍 광촌리	4617025033
전라남도 나주시 남평읍 교원리	전라남도 나주시 남평읍 교원리	4617025025
전라남도 나주시 남평읍 교촌리	전라남도 나주시 남평읍 교촌리	4617025024
전라남도 나주시 남평읍 남석리	전라남도 나주시 남평읍 남석리	4617025030
전라남도 나주시 남평읍 남평리	전라남도 나주시 남평읍 남평리	4617025021
전라남도 나주시 남평읍 노동리	전라남도 나주시 남평읍 노동리	4617025032
전라남도 나주시 남평읍 대교리	전라남도 나주시 남평읍 대교리	4617025022
전라남도 나주시 남평읍 동사리	전라남도 나주시 남평읍 동사리	4617025023
전라남도 나주시 남평읍 상곡리	전라남도 나주시 남평읍 상곡리	4617025028
전라남도 나주시 남평읍 서산리	전라남도 나주시 남평읍 서산리	4617025026
전라남도 나주시 남평읍 수원리	전라남도 나주시 남평읍 수원리	4617025034
전라남도 나주시 남평읍 오계리	전라남도 나주시 남평읍 오계리	4617025027
전라남도 나주시 남평읍 우산리	전라남도 나주시 남평읍 우산리	4617025029
전라남도 나주시 남평읍 평산리	전라남도 나주시 남평읍 평산리	4617025036
전라남도 나주시 남평읍 풍림리	전라남도 나주시 남평읍 풍림리	4617025031
전라남도 나주시 노안면 계림리	전라남도 나주시 노안면 계림리	4617038026
전라남도 나주시 노안면 구정리	전라남도 나주시 노안면 구정리	4617038029
전라남도 나주시 노안면 금동리	전라남도 나주시 노안면 금동리	4617038021
전라남도 나주시 노안면 금안리	전라남도 나주시 노안면 금안리	4617038031
전라남도 나주시 노안면 도산리	전라남도 나주시 노안면 도산리	4617038024
전라남도 나주시 노안면 안산리	전라남도 나주시 노안면 안산리	4617038027
전라남도 나주시 노안면 양천리	전라남도 나주시 노안면 양천리	4617038033
전라남도 나주시 노안면 영평리	전라남도 나주시 노안면 영평리	4617038030
전라남도 나주시 노안면 오정리	전라남도 나주시 노안면 오정리	4617038032
전라남도 나주시 노안면 용산리	전라남도 나주시 노안면 용산리	4617038028
전라남도 나주시 노안면 유곡리	전라남도 나주시 노안면 유곡리	4617038025
전라남도 나주시 노안면 장동리	전라남도 나주시 노안면 장동리	4617038022
전라남도 나주시 노안면 학산리	전라남도 나주시 노안면 학산리	4617038023
전라남도 나주시 다도면 궁원리	전라남도 나주시 다도면 궁원리	4617042025
전라남도 나주시 다도면 덕동리	전라남도 나주시 다도면 덕동리	4617042024
전라남도 나주시 다도면 덕림리	전라남도 나주시 다도면 덕림리	4617042030
전라남도 나주시 다도면 도동리	전라남도 나주시 다도면 도동리	4617042031
전라남도 나주시 다도면 마산리	전라남도 나주시 다도면 마산리	4617042028
전라남도 나주시 다도면 방산리	전라남도 나주시 다도면 방산리	4617042027
전라남도 나주시 다도면 송학리	전라남도 나주시 다도면 송학리	4617042022
전라남도 나주시 다도면 신동리	전라남도 나주시 다도면 신동리	4617042026
전라남도 나주시 다도면 암정리	전라남도 나주시 다도면 암정리	4617042029
전라남도 나주시 다도면 판촌리	전라남도 나주시 다도면 판촌리	4617042021
전라남도 나주시 다도면 풍산리	전라남도 나주시 다도면 풍산리	4617042023
전라남도 나주시 다시면 가운리	전라남도 나주시 다시면 가운리	4617036023
전라남도 나주시 다시면 가흥리	전라남도 나주시 다시면 가흥리	4617036026
전라남도 나주시 다시면 동곡리	전라남도 나주시 다시면 동곡리	4617036032
전라남도 나주시 다시면 동당리	전라남도 나주시 다시면 동당리	4617036030
전라남도 나주시 다시면 문동리	전라남도 나주시 다시면 문동리	4617036029
전라남도 나주시 다시면 복암리	전라남도 나주시 다시면 복암리	4617036025
전라남도 나주시 다시면 송촌리	전라남도 나주시 다시면 송촌리	4617036031
전라남도 나주시 다시면 신광리	전라남도 나주시 다시면 신광리	4617036035
전라남도 나주시 다시면 신석리	전라남도 나주시 다시면 신석리	4617036027
전라남도 나주시 다시면 영동리	전라남도 나주시 다시면 영동리	4617036021
전라남도 나주시 다시면 운봉리	전라남도 나주시 다시면 운봉리	4617036034
전라남도 나주시 다시면 월태리	전라남도 나주시 다시면 월태리	4617036022
전라남도 나주시 다시면 죽산리	전라남도 나주시 다시면 죽산리	4617036028
전라남도 나주시 다시면 청정리	전라남도 나주시 다시면 청정리	4617036033
전라남도 나주시 다시면 회진리	전라남도 나주시 다시면 회진리	4617036036
전라남도 나주시 대기동	전라남도 나주시 대기동	4617012900
전라남도 나주시 대호동	전라남도 나주시 대호동	4617011600
전라남도 나주시 동강면 곡천리	전라남도 나주시 동강면 곡천리	4617035027
전라남도 나주시 동강면 대전리	전라남도 나주시 동강면 대전리	4617035024
전라남도 나주시 동강면 대지리	전라남도 나주시 동강면 대지리	4617035028
전라남도 나주시 동강면 양지리	전라남도 나주시 동강면 양지리	4617035030
전라남도 나주시 동강면 옥정리	전라남도 나주시 동강면 옥정리	4617035026
전라남도 나주시 동강면 운산리	전라남도 나주시 동강면 운산리	4617035031
전라남도 나주시 동강면 월송리	전라남도 나주시 동강면 월송리	4617035029
전라남도 나주시 동강면 월양리	전라남도 나주시 동강면 월양리	4617035022
전라남도 나주시 동강면 인동리	전라남도 나주시 동강면 인동리	4617035021
전라남도 나주시 동강면 장동리	전라남도 나주시 동강면 장동리	4617035025
전라남도 나주시 동강면 진천리	전라남도 나주시 동강면 진천리	4617035023
전라남도 나주시 동수동	전라남도 나주시 동수동	4617013100
전라남도 나주시 문평면 계로리	전라남도 나주시 문평면 계로리	4617037026
전라남도 나주시 문평면 국동리	전라남도 나주시 문평면 국동리	4617037028
전라남도 나주시 문평면 대도리	전라남도 나주시 문평면 대도리	4617037025
전라남도 나주시 문평면 동원리	전라남도 나주시 문평면 동원리	4617037024
전라남도 나주시 문평면 북동리	전라남도 나주시 문평면 북동리	4617037023
전라남도 나주시 문평면 산호리	전라남도 나주시 문평면 산호리	4617037030
전라남도 나주시 문평면 송산리	전라남도 나주시 문평면 송산리	4617037022
전라남도 나주시 문평면 안곡리	전라남도 나주시 문평면 안곡리	4617037021
전라남도 나주시 문평면 오룡리	전라남도 나주시 문평면 오룡리	4617037032
전라남도 나주시 문평면 옥당리	전라남도 나주시 문평면 옥당리	4617037029
전라남도 나주시 문평면 학교리	전라남도 나주시 문평면 학교리	4617037027
전라남도 나주시 문평면 학동리	전라남도 나주시 문평면 학동리	4617037031
전라남도 나주시 반남면 대안리	전라남도 나주시 반남면 대안리	4617033026
전라남도 나주시 반남면 덕산리	전라남도 나주시 반남면 덕산리	4617033024
전라남도 나주시 반남면 석천리	전라남도 나주시 반남면 석천리	4617033022
전라남도 나주시 반남면 성계리	전라남도 나주시 반남면 성계리	4617033028
전라남도 나주시 반남면 신촌리	전라남도 나주시 반남면 신촌리	4617033025
전라남도 나주시 반남면 청송리	전라남도 나주시 반남면 청송리	4617033027
전라남도 나주시 반남면 흥덕리	전라남도 나주시 반남면 흥덕리	4617033021
전라남도 나주시 보산동	전라남도 나주시 보산동	4617010900
전라남도 나주시 봉황면 각동리	전라남도 나주시 봉황면 각동리	4617043023
전라남도 나주시 봉황면 덕곡리	전라남도 나주시 봉황면 덕곡리	4617043038
전라남도 나주시 봉황면 덕림리	전라남도 나주시 봉황면 덕림리	4617043034
전라남도 나주시 봉황면 만봉리	전라남도 나주시 봉황면 만봉리	4617043037
전라남도 나주시 봉황면 송현리	전라남도 나주시 봉황면 송현리	4617043024
전라남도 나주시 봉황면 신동리	전라남도 나주시 봉황면 신동리	4617043031
전라남도 나주시 봉황면 오림리	전라남도 나주시 봉황면 오림리	4617043033
전라남도 나주시 봉황면 옥산리	전라남도 나주시 봉황면 옥산리	4617043027
전라남도 나주시 봉황면 와우리	전라남도 나주시 봉황면 와우리	4617043029
전라남도 나주시 봉황면 용곡리	전라남도 나주시 봉황면 용곡리	4617043036
전라남도 나주시 봉황면 용전리	전라남도 나주시 봉황면 용전리	4617043028
전라남도 나주시 봉황면 욱곡리	전라남도 나주시 봉황면 욱곡리	4617043032
전라남도 나주시 봉황면 운곡리	전라남도 나주시 봉황면 운곡리	4617043035
전라남도 나주시 봉황면 유곡리	전라남도 나주시 봉황면 유곡리	4617043026
전라남도 나주시 봉황면 장성리	전라남도 나주시 봉황면 장성리	4617043025
전라남도 나주시 봉황면 죽석리	전라남도 나주시 봉황면 죽석리	4617043021
전라남도 나주시 봉황면 철천리	전라남도 나주시 봉황면 철천리	4617043022
전라남도 나주시 봉황면 황용리	전라남도 나주시 봉황면 황용리	4617043030
전라남도 나주시 부덕동	전라남도 나주시 부덕동	4617012700
전라남도 나주시 빛가람동	전라남도 나주시 빛가람동	4617013400
전라남도 나주시 산정동	전라남도 나주시 산정동	4617010700
전라남도 나주시 산포면 내기리	전라남도 나주시 산포면 내기리	4617040028
전라남도 나주시 산포면 덕례리	전라남도 나주시 산포면 덕례리	4617040029
전라남도 나주시 산포면 등수리	전라남도 나주시 산포면 등수리	4617040026
전라남도 나주시 산포면 등정리	전라남도 나주시 산포면 등정리	4617040027
전라남도 나주시 산포면 매성리	전라남도 나주시 산포면 매성리	4617040021
전라남도 나주시 산포면 산제리	전라남도 나주시 산포면 산제리	4617040025
전라남도 나주시 산포면 송림리	전라남도 나주시 산포면 송림리	4617040023
전라남도 나주시 산포면 신도리	전라남도 나주시 산포면 신도리	4617040022
전라남도 나주시 산포면 화지리	전라남도 나주시 산포면 화지리	4617040024
전라남도 나주시 삼도동	전라남도 나주시 삼도동	4617012200
전라남도 나주시 삼영동	전라남도 나주시 삼영동	4617010400
전라남도 나주시 서내동	전라남도 나주시 서내동	4617010600
전라남도 나주시 석현동	전라남도 나주시 석현동	4617011800
전라남도 나주시 성북동	전라남도 나주시 성북동	4617011400
전라남도 나주시 세지면 교산리	전라남도 나주시 세지면 교산리	4617031027
전라남도 나주시 세지면 내정리	전라남도 나주시 세지면 내정리	4617031023
전라남도 나주시 세지면 대산리	전라남도 나주시 세지면 대산리	4617031022
전라남도 나주시 세지면 동곡리	전라남도 나주시 세지면 동곡리	4617031024
전라남도 나주시 세지면 벽산리	전라남도 나주시 세지면 벽산리	4617031028
전라남도 나주시 세지면 성산리	전라남도 나주시 세지면 성산리	4617031029
전라남도 나주시 세지면 송제리	전라남도 나주시 세지면 송제리	4617031026
전라남도 나주시 세지면 오봉리	전라남도 나주시 세지면 오봉리	4617031021
전라남도 나주시 세지면 죽동리	전라남도 나주시 세지면 죽동리	4617031025
전라남도 나주시 송월동	전라남도 나주시 송월동	4617010200
전라남도 나주시 송촌동	전라남도 나주시 송촌동	4617011700
전라남도 나주시 안창동	전라남도 나주시 안창동	4617010300
전라남도 나주시 영산동	전라남도 나주시 영산동	4617012300
전라남도 나주시 오량동	전라남도 나주시 오량동	4617013200
전라남도 나주시 왕곡면 덕산리	전라남도 나주시 왕곡면 덕산리	4617032021
전라남도 나주시 왕곡면 본양리	전라남도 나주시 왕곡면 본양리	4617032022
전라남도 나주시 왕곡면 송죽리	전라남도 나주시 왕곡면 송죽리	4617032024
전라남도 나주시 왕곡면 신가리	전라남도 나주시 왕곡면 신가리	4617032030
전라남도 나주시 왕곡면 신원리	전라남도 나주시 왕곡면 신원리	4617032029
전라남도 나주시 왕곡면 신포리	전라남도 나주시 왕곡면 신포리	4617032025
전라남도 나주시 왕곡면 양산리	전라남도 나주시 왕곡면 양산리	4617032031
전라남도 나주시 왕곡면 옥곡리	전라남도 나주시 왕곡면 옥곡리	4617032023
전라남도 나주시 왕곡면 월천리	전라남도 나주시 왕곡면 월천리	4617032026
전라남도 나주시 왕곡면 장산리	전라남도 나주시 왕곡면 장산리	4617032032
전라남도 나주시 왕곡면 행전리	전라남도 나주시 왕곡면 행전리	4617032028
전라남도 나주시 왕곡면 화정리	전라남도 나주시 왕곡면 화정리	4617032027
전라남도 나주시 용산동	전라남도 나주시 용산동	4617012400
전라남도 나주시 운곡동	전라남도 나주시 운곡동	4617013000
전라남도 나주시 이창동	전라남도 나주시 이창동	4617012800
전라남도 나주시 죽림동	전라남도 나주시 죽림동	4617012100
전라남도 나주시 중앙동	전라남도 나주시 중앙동	4617011500
전라남도 나주시 진포동	전라남도 나주시 진포동	4617013300
전라남도 나주시 청동	전라남도 나주시 청동	4617011900
전라남도 나주시 토계동	전라남도 나주시 토계동	4617010100
전라남도 나주시 평산동	전라남도 나주시 평산동	4617012600
전라남도 담양군 가사문학면 가암리	전라남도 담양군 가사문학면 가암리	4671033530
전라남도 담양군 가사문학면 경상리	전라남도 담양군 가사문학면 경상리	4671033525
전라남도 담양군 가사문학면 구산리	전라남도 담양군 가사문학면 구산리	4671033528
전라남도 담양군 가사문학면 만월리	전라남도 담양군 가사문학면 만월리	4671033527
전라남도 담양군 가사문학면 무동리	전라남도 담양군 가사문학면 무동리	4671033526
전라남도 담양군 가사문학면 연천리	전라남도 담양군 가사문학면 연천리	4671033523
전라남도 담양군 가사문학면 인암리	전라남도 담양군 가사문학면 인암리	4671033529
전라남도 담양군 가사문학면 정곡리	전라남도 담양군 가사문학면 정곡리	4671033524
전라남도 담양군 가사문학면 지곡리	전라남도 담양군 가사문학면 지곡리	4671033522
전라남도 담양군 가사문학면 풍암리	전라남도 담양군 가사문학면 풍암리	4671033531
전라남도 담양군 가사문학면 학선리	전라남도 담양군 가사문학면 학선리	4671033521
전라남도 담양군 고서면 고읍리	전라남도 담양군 고서면 고읍리	4671032022
전라남도 담양군 고서면 교산리	전라남도 담양군 고서면 교산리	4671032021
전라남도 담양군 고서면 금현리	전라남도 담양군 고서면 금현리	4671032024
전라남도 담양군 고서면 동운리	전라남도 담양군 고서면 동운리	4671032029
전라남도 담양군 고서면 보촌리	전라남도 담양군 고서면 보촌리	4671032026
전라남도 담양군 고서면 분향리	전라남도 담양군 고서면 분향리	4671032023
전라남도 담양군 고서면 산덕리	전라남도 담양군 고서면 산덕리	4671032030
전라남도 담양군 고서면 성월리	전라남도 담양군 고서면 성월리	4671032025
전라남도 담양군 고서면 원강리	전라남도 담양군 고서면 원강리	4671032028
전라남도 담양군 고서면 주산리	전라남도 담양군 고서면 주산리	4671032027
전라남도 담양군 금성면 금성리	전라남도 담양군 금성면 금성리	4671037025
전라남도 담양군 금성면 대곡리	전라남도 담양군 금성면 대곡리	4671037028
전라남도 담양군 금성면 대성리	전라남도 담양군 금성면 대성리	4671037023
전라남도 담양군 금성면 덕성리	전라남도 담양군 금성면 덕성리	4671037026
전라남도 담양군 금성면 봉서리	전라남도 담양군 금성면 봉서리	4671037027
전라남도 담양군 금성면 봉황리	전라남도 담양군 금성면 봉황리	4671037030
전라남도 담양군 금성면 석현리	전라남도 담양군 금성면 석현리	4671037022
전라남도 담양군 금성면 외추리	전라남도 담양군 금성면 외추리	4671037029
전라남도 담양군 금성면 원율리	전라남도 담양군 금성면 원율리	4671037024
전라남도 담양군 금성면 원천리	전라남도 담양군 금성면 원천리	4671037021
전라남도 담양군 담양읍 가산리	전라남도 담양군 담양읍 가산리	4671025038
전라남도 담양군 담양읍 강쟁리	전라남도 담양군 담양읍 강쟁리	4671025030
전라남도 담양군 담양읍 객사리	전라남도 담양군 담양읍 객사리	4671025024
전라남도 담양군 담양읍 금월리	전라남도 담양군 담양읍 금월리	4671025034
전라남도 담양군 담양읍 남산리	전라남도 담양군 담양읍 남산리	4671025026
전라남도 담양군 담양읍 담주리	전라남도 담양군 담양읍 담주리	4671025021
전라남도 담양군 담양읍 만성리	전라남도 담양군 담양읍 만성리	4671025028
전라남도 담양군 담양읍 반룡리	전라남도 담양군 담양읍 반룡리	4671025031
전라남도 담양군 담양읍 백동리	전라남도 담양군 담양읍 백동리	4671025025
전라남도 담양군 담양읍 삼다리	전라남도 담양군 담양읍 삼다리	4671025037
전라남도 담양군 담양읍 삼만리	전라남도 담양군 담양읍 삼만리	4671025035
전라남도 담양군 담양읍 양각리	전라남도 담양군 담양읍 양각리	4671025029
전라남도 담양군 담양읍 오계리	전라남도 담양군 담양읍 오계리	4671025032
전라남도 담양군 담양읍 운교리	전라남도 담양군 담양읍 운교리	4671025036
전라남도 담양군 담양읍 지침리	전라남도 담양군 담양읍 지침리	4671025023
전라남도 담양군 담양읍 천변리	전라남도 담양군 담양읍 천변리	4671025022
전라남도 담양군 담양읍 학동리	전라남도 담양군 담양읍 학동리	4671025033
전라남도 담양군 담양읍 향교리	전라남도 담양군 담양읍 향교리	4671025027
전라남도 담양군 대덕면 갈전리	전라남도 담양군 대덕면 갈전리	4671035029
전라남도 담양군 대덕면 금산리	전라남도 담양군 대덕면 금산리	4671035024
전라남도 담양군 대덕면 매산리	전라남도 담양군 대덕면 매산리	4671035021
전라남도 담양군 대덕면 문학리	전라남도 담양군 대덕면 문학리	4671035026
전라남도 담양군 대덕면 비차리	전라남도 담양군 대덕면 비차리	4671035023
전라남도 담양군 대덕면 성곡리	전라남도 담양군 대덕면 성곡리	4671035025
전라남도 담양군 대덕면 용대리	전라남도 담양군 대덕면 용대리	4671035028
전라남도 담양군 대덕면 운산리	전라남도 담양군 대덕면 운산리	4671035030
전라남도 담양군 대덕면 운암리	전라남도 담양군 대덕면 운암리	4671035027
전라남도 담양군 대덕면 입석리	전라남도 담양군 대덕면 입석리	4671035031
전라남도 담양군 대덕면 장산리	전라남도 담양군 대덕면 장산리	4671035022
전라남도 담양군 대전면 갑향리	전라남도 담양군 대전면 갑향리	4671041032
전라남도 담양군 대전면 강의리	전라남도 담양군 대전면 강의리	4671041027
전라남도 담양군 대전면 대치리	전라남도 담양군 대전면 대치리	4671041021
전라남도 담양군 대전면 병풍리	전라남도 담양군 대전면 병풍리	4671041029
전라남도 담양군 대전면 서옥리	전라남도 담양군 대전면 서옥리	4671041023
전라남도 담양군 대전면 성산리	전라남도 담양군 대전면 성산리	4671041031
전라남도 담양군 대전면 월본리	전라남도 담양군 대전면 월본리	4671041028
전라남도 담양군 대전면 응용리	전라남도 담양군 대전면 응용리	4671041025
전라남도 담양군 대전면 중옥리	전라남도 담양군 대전면 중옥리	4671041024
전라남도 담양군 대전면 태목리	전라남도 담양군 대전면 태목리	4671041026
전라남도 담양군 대전면 평장리	전라남도 담양군 대전면 평장리	4671041022
전라남도 담양군 대전면 행성리	전라남도 담양군 대전면 행성리	4671041030
전라남도 담양군 무정면 덕곡리	전라남도 담양군 무정면 덕곡리	4671036028
전라남도 담양군 무정면 동강리	전라남도 담양군 무정면 동강리	4671036032
전라남도 담양군 무정면 동산리	전라남도 담양군 무정면 동산리	4671036026
전라남도 담양군 무정면 봉안리	전라남도 담양군 무정면 봉안리	4671036021
전라남도 담양군 무정면 서흥리	전라남도 담양군 무정면 서흥리	4671036029
전라남도 담양군 무정면 성도리	전라남도 담양군 무정면 성도리	4671036025
전라남도 담양군 무정면 안평리	전라남도 담양군 무정면 안평리	4671036027
전라남도 담양군 무정면 영천리	전라남도 담양군 무정면 영천리	4671036024
전라남도 담양군 무정면 오례리	전라남도 담양군 무정면 오례리	4671036033
전라남도 담양군 무정면 오룡리	전라남도 담양군 무정면 오룡리	4671036022
전라남도 담양군 무정면 오봉리	전라남도 담양군 무정면 오봉리	4671036023
전라남도 담양군 무정면 정석리	전라남도 담양군 무정면 정석리	4671036030
전라남도 담양군 무정면 평지리	전라남도 담양군 무정면 평지리	4671036031
전라남도 담양군 봉산면 기곡리	전라남도 담양군 봉산면 기곡리	4671031024
전라남도 담양군 봉산면 대추리	전라남도 담양군 봉산면 대추리	4671031021
전라남도 담양군 봉산면 삼지리	전라남도 담양군 봉산면 삼지리	4671031029
전라남도 담양군 봉산면 신학리	전라남도 담양군 봉산면 신학리	4671031023
전라남도 담양군 봉산면 양지리	전라남도 담양군 봉산면 양지리	4671031027
전라남도 담양군 봉산면 연동리	전라남도 담양군 봉산면 연동리	4671031025
전라남도 담양군 봉산면 와우리	전라남도 담양군 봉산면 와우리	4671031028
전라남도 담양군 봉산면 유산리	전라남도 담양군 봉산면 유산리	4671031026
전라남도 담양군 봉산면 제월리	전라남도 담양군 봉산면 제월리	4671031022
전라남도 담양군 수북면 개동리	전라남도 담양군 수북면 개동리	4671040022
전라남도 담양군 수북면 고성리	전라남도 담양군 수북면 고성리	4671040025
전라남도 담양군 수북면 궁산리	전라남도 담양군 수북면 궁산리	4671040028
전라남도 담양군 수북면 나산리	전라남도 담양군 수북면 나산리	4671040021
전라남도 담양군 수북면 남산리	전라남도 담양군 수북면 남산리	4671040032
전라남도 담양군 수북면 대방리	전라남도 담양군 수북면 대방리	4671040027
전라남도 담양군 수북면 대흥리	전라남도 담양군 수북면 대흥리	4671040033
전라남도 담양군 수북면 두정리	전라남도 담양군 수북면 두정리	4671040029
전라남도 담양군 수북면 수북리	전라남도 담양군 수북면 수북리	4671040034
전라남도 담양군 수북면 오정리	전라남도 담양군 수북면 오정리	4671040026
전라남도 담양군 수북면 정중리	전라남도 담양군 수북면 정중리	4671040023
전라남도 담양군 수북면 주평리	전라남도 담양군 수북면 주평리	4671040030
전라남도 담양군 수북면 풍수리	전라남도 담양군 수북면 풍수리	4671040031
전라남도 담양군 수북면 황금리	전라남도 담양군 수북면 황금리	4671040024
전라남도 담양군 용면 도림리	전라남도 담양군 용면 도림리	4671038025
전라남도 담양군 용면 두장리	전라남도 담양군 용면 두장리	4671038021
전라남도 담양군 용면 쌍태리	전라남도 담양군 용면 쌍태리	4671038024
전라남도 담양군 용면 용연리	전라남도 담양군 용면 용연리	4671038027
전라남도 담양군 용면 용치리	전라남도 담양군 용면 용치리	4671038028
전라남도 담양군 용면 월계리	전라남도 담양군 용면 월계리	4671038026
전라남도 담양군 용면 추성리	전라남도 담양군 용면 추성리	4671038023
전라남도 담양군 용면 통천리	전라남도 담양군 용면 통천리	4671038022
전라남도 담양군 월산면 광암리	전라남도 담양군 월산면 광암리	4671039027
전라남도 담양군 월산면 신계리	전라남도 담양군 월산면 신계리	4671039026
전라남도 담양군 월산면 오성리	전라남도 담양군 월산면 오성리	4671039028
전라남도 담양군 월산면 용암리	전라남도 담양군 월산면 용암리	4671039025
전라남도 담양군 월산면 용흥리	전라남도 담양군 월산면 용흥리	4671039024
전라남도 담양군 월산면 월계리	전라남도 담양군 월산면 월계리	4671039029
전라남도 담양군 월산면 월산리	전라남도 담양군 월산면 월산리	4671039021
전라남도 담양군 월산면 월평리	전라남도 담양군 월산면 월평리	4671039022
전라남도 담양군 월산면 중월리	전라남도 담양군 월산면 중월리	4671039023
전라남도 담양군 월산면 화방리	전라남도 담양군 월산면 화방리	4671039030
전라남도 담양군 창평면 광덕리	전라남도 담양군 창평면 광덕리	4671034031
전라남도 담양군 창평면 삼천리	전라남도 담양군 창평면 삼천리	4671034022
전라남도 담양군 창평면 오강리	전라남도 담양군 창평면 오강리	4671034025
전라남도 담양군 창평면 외동리	전라남도 담양군 창평면 외동리	4671034032
전라남도 담양군 창평면 용수리	전라남도 담양군 창평면 용수리	4671034023
전라남도 담양군 창평면 유곡리	전라남도 담양군 창평면 유곡리	4671034029
전라남도 담양군 창평면 유천리	전라남도 담양군 창평면 유천리	4671034024
전라남도 담양군 창평면 의항리	전라남도 담양군 창평면 의항리	4671034026
전라남도 담양군 창평면 일산리	전라남도 담양군 창평면 일산리	4671034027
전라남도 담양군 창평면 장화리	전라남도 담양군 창평면 장화리	4671034028
전라남도 담양군 창평면 창평리	전라남도 담양군 창평면 창평리	4671034021
전라남도 담양군 창평면 해곡리	전라남도 담양군 창평면 해곡리	4671034030
전라남도 목포시 경동1가	전라남도 목포시 경동1가	4611015200
전라남도 목포시 경동2가	전라남도 목포시 경동2가	4611015300
전라남도 목포시 광동1가	전라남도 목포시 광동1가	4611011900
전라남도 목포시 광동2가	전라남도 목포시 광동2가	4611012000
전라남도 목포시 광동3가	전라남도 목포시 광동3가	4611012100
전라남도 목포시 금동1가	전라남도 목포시 금동1가	4611015000
전라남도 목포시 금동2가	전라남도 목포시 금동2가	4611015100
전라남도 목포시 금화동	전라남도 목포시 금화동	4611015500
전라남도 목포시 남교동	전라남도 목포시 남교동	4611010700
전라남도 목포시 달동	전라남도 목포시 달동	4611016100
전라남도 목포시 대성동	전라남도 목포시 대성동	4611010400
전라남도 목포시 대안동	전라남도 목포시 대안동	4611010900
전라남도 목포시 대양동	전라남도 목포시 대양동	4611016300
전라남도 목포시 대의동1가	전라남도 목포시 대의동1가	4611013300
전라남도 목포시 대의동2가	전라남도 목포시 대의동2가	4611013400
전라남도 목포시 대의동3가	전라남도 목포시 대의동3가	4611013500
전라남도 목포시 동명동	전라남도 목포시 동명동	4611011800
전라남도 목포시 만호동	전라남도 목포시 만호동	4611013900
전라남도 목포시 명륜동	전라남도 목포시 명륜동	4611011100
전라남도 목포시 무안동	전라남도 목포시 무안동	4611011300
전라남도 목포시 보광동1가	전라남도 목포시 보광동1가	4611012900
전라남도 목포시 보광동2가	전라남도 목포시 보광동2가	4611013000
전라남도 목포시 보광동3가	전라남도 목포시 보광동3가	4611013100
전라남도 목포시 복만동	전라남도 목포시 복만동	4611011700
전라남도 목포시 북교동	전라남도 목포시 북교동	4611010600
전라남도 목포시 산정동	전라남도 목포시 산정동	4611010200
전라남도 목포시 상동	전라남도 목포시 상동	4611015800
전라남도 목포시 상락동1가	전라남도 목포시 상락동1가	4611011500
전라남도 목포시 상락동2가	전라남도 목포시 상락동2가	4611011600
전라남도 목포시 서산동	전라남도 목포시 서산동	4611015400
전라남도 목포시 석현동	전라남도 목포시 석현동	4611016000
전라남도 목포시 수강동1가	전라남도 목포시 수강동1가	4611014000
전라남도 목포시 수강동2가	전라남도 목포시 수강동2가	4611014100
전라남도 목포시 양동	전라남도 목포시 양동	4611010500
전라남도 목포시 연산동	전라남도 목포시 연산동	4611010300
전라남도 목포시 영해동1가	전라남도 목포시 영해동1가	4611012200
전라남도 목포시 영해동2가	전라남도 목포시 영해동2가	4611012300
전라남도 목포시 옥암동	전라남도 목포시 옥암동	4611016400
전라남도 목포시 온금동	전라남도 목포시 온금동	4611015600
전라남도 목포시 용당동	전라남도 목포시 용당동	4611010100
전라남도 목포시 용해동	전라남도 목포시 용해동	4611015900
전라남도 목포시 유달동	전라남도 목포시 유달동	4611013200
전라남도 목포시 유동	전라남도 목포시 유동	4611014900
전라남도 목포시 율도동	전라남도 목포시 율도동	4611016200
전라남도 목포시 죽교동	전라남도 목포시 죽교동	4611015700
전라남도 목포시 죽동	전라남도 목포시 죽동	4611011200
전라남도 목포시 중동1가	전라남도 목포시 중동1가	4611014700
전라남도 목포시 중동2가	전라남도 목포시 중동2가	4611014800
전라남도 목포시 중앙동1가	전라남도 목포시 중앙동1가	4611013600
전라남도 목포시 중앙동2가	전라남도 목포시 중앙동2가	4611013700
전라남도 목포시 중앙동3가	전라남도 목포시 중앙동3가	4611013800
전라남도 목포시 창평동	전라남도 목포시 창평동	4611011000
전라남도 목포시 축복동1가	전라남도 목포시 축복동1가	4611012600
전라남도 목포시 축복동2가	전라남도 목포시 축복동2가	4611012700
전라남도 목포시 축복동3가	전라남도 목포시 축복동3가	4611012800
전라남도 목포시 측후동	전라남도 목포시 측후동	4611011400
전라남도 목포시 항동	전라남도 목포시 항동	4611014600
전라남도 목포시 해안동1가	전라남도 목포시 해안동1가	4611014200
전라남도 목포시 해안동2가	전라남도 목포시 해안동2가	4611014300
전라남도 목포시 해안동3가	전라남도 목포시 해안동3가	4611014400
전라남도 목포시 해안동4가	전라남도 목포시 해안동4가	4611014500
전라남도 목포시 행복동1가	전라남도 목포시 행복동1가	4611012400
전라남도 목포시 행복동2가	전라남도 목포시 행복동2가	4611012500
전라남도 목포시 호남동	전라남도 목포시 호남동	4611010800
전라남도 무안군 망운면 목동리	전라남도 무안군 망운면 목동리	4684035021
전라남도 무안군 망운면 목서리	전라남도 무안군 망운면 목서리	4684035022
전라남도 무안군 망운면 송현리	전라남도 무안군 망운면 송현리	4684035024
전라남도 무안군 망운면 탄도리	전라남도 무안군 망운면 탄도리	4684035025
전라남도 무안군 망운면 피서리	전라남도 무안군 망운면 피서리	4684035023
전라남도 무안군 몽탄면 구산리	전라남도 무안군 몽탄면 구산리	4684032031
전라남도 무안군 몽탄면 귀학리	전라남도 무안군 몽탄면 귀학리	4684032029
전라남도 무안군 몽탄면 내리	전라남도 무안군 몽탄면 내리	4684032033
전라남도 무안군 몽탄면 다산리	전라남도 무안군 몽탄면 다산리	4684032036
전라남도 무안군 몽탄면 달산리	전라남도 무안군 몽탄면 달산리	4684032021
전라남도 무안군 몽탄면 당호리	전라남도 무안군 몽탄면 당호리	4684032025
전라남도 무안군 몽탄면 대치리	전라남도 무안군 몽탄면 대치리	4684032034
전라남도 무안군 몽탄면 명산리	전라남도 무안군 몽탄면 명산리	4684032026
전라남도 무안군 몽탄면 몽강리	전라남도 무안군 몽탄면 몽강리	4684032027
전라남도 무안군 몽탄면 봉명리	전라남도 무안군 몽탄면 봉명리	4684032022
전라남도 무안군 몽탄면 봉산리	전라남도 무안군 몽탄면 봉산리	4684032038
전라남도 무안군 몽탄면 사창리	전라남도 무안군 몽탄면 사창리	4684032037
전라남도 무안군 몽탄면 사천리	전라남도 무안군 몽탄면 사천리	4684032030
전라남도 무안군 몽탄면 약곡리	전라남도 무안군 몽탄면 약곡리	4684032028
전라남도 무안군 몽탄면 양장리	전라남도 무안군 몽탄면 양장리	4684032023
전라남도 무안군 몽탄면 이산리	전라남도 무안군 몽탄면 이산리	4684032032
전라남도 무안군 몽탄면 청용리	전라남도 무안군 몽탄면 청용리	4684032024
전라남도 무안군 몽탄면 학산리	전라남도 무안군 몽탄면 학산리	4684032035
전라남도 무안군 무안읍 고절리	전라남도 무안군 무안읍 고절리	4684025026
전라남도 무안군 무안읍 교촌리	전라남도 무안군 무안읍 교촌리	4684025024
전라남도 무안군 무안읍 매곡리	전라남도 무안군 무안읍 매곡리	4684025027
전라남도 무안군 무안읍 성남리	전라남도 무안군 무안읍 성남리	4684025023
전라남도 무안군 무안읍 성내리	전라남도 무안군 무안읍 성내리	4684025021
전라남도 무안군 무안읍 성동리	전라남도 무안군 무안읍 성동리	4684025022
전라남도 무안군 무안읍 성암리	전라남도 무안군 무안읍 성암리	4684025028
전라남도 무안군 무안읍 신학리	전라남도 무안군 무안읍 신학리	4684025030
전라남도 무안군 무안읍 용월리	전라남도 무안군 무안읍 용월리	4684025025
전라남도 무안군 무안읍 평용리	전라남도 무안군 무안읍 평용리	4684025029
전라남도 무안군 삼향읍 남악리	전라남도 무안군 삼향읍 남악리	4684025622
전라남도 무안군 삼향읍 맥포리	전라남도 무안군 삼향읍 맥포리	4684025624
전라남도 무안군 삼향읍 왕산리	전라남도 무안군 삼향읍 왕산리	4684025626
전라남도 무안군 삼향읍 용포리	전라남도 무안군 삼향읍 용포리	4684025623
전라남도 무안군 삼향읍 유교리	전라남도 무안군 삼향읍 유교리	4684025625
전라남도 무안군 삼향읍 임성리	전라남도 무안군 삼향읍 임성리	4684025621
전라남도 무안군 삼향읍 지산리	전라남도 무안군 삼향읍 지산리	4684025627
전라남도 무안군 운남면 내리	전라남도 무안군 운남면 내리	4684037024
전라남도 무안군 운남면 동암리	전라남도 무안군 운남면 동암리	4684037022
전라남도 무안군 운남면 성내리	전라남도 무안군 운남면 성내리	4684037025
전라남도 무안군 운남면 연리	전라남도 무안군 운남면 연리	4684037023
전라남도 무안군 운남면 하묘리	전라남도 무안군 운남면 하묘리	4684037021
전라남도 무안군 일로읍 감돈리	전라남도 무안군 일로읍 감돈리	4684025333
전라남도 무안군 일로읍 광암리	전라남도 무안군 일로읍 광암리	4684025329
전라남도 무안군 일로읍 구정리	전라남도 무안군 일로읍 구정리	4684025324
전라남도 무안군 일로읍 망월리	전라남도 무안군 일로읍 망월리	4684025322
전라남도 무안군 일로읍 복룡리	전라남도 무안군 일로읍 복룡리	4684025331
전라남도 무안군 일로읍 산정리	전라남도 무안군 일로읍 산정리	4684025328
전라남도 무안군 일로읍 상신기리	전라남도 무안군 일로읍 상신기리	4684025330
전라남도 무안군 일로읍 용산리	전라남도 무안군 일로읍 용산리	4684025327
전라남도 무안군 일로읍 월암리	전라남도 무안군 일로읍 월암리	4684025326
전라남도 무안군 일로읍 의산리	전라남도 무안군 일로읍 의산리	4684025325
전라남도 무안군 일로읍 죽산리	전라남도 무안군 일로읍 죽산리	4684025323
전라남도 무안군 일로읍 지장리	전라남도 무안군 일로읍 지장리	4684025332
전라남도 무안군 일로읍 청호리	전라남도 무안군 일로읍 청호리	4684025321
전라남도 무안군 청계면 강정리	전라남도 무안군 청계면 강정리	4684033029
전라남도 무안군 청계면 구로리	전라남도 무안군 청계면 구로리	4684033026
전라남도 무안군 청계면 남성리	전라남도 무안군 청계면 남성리	4684033024
전라남도 무안군 청계면 남안리	전라남도 무안군 청계면 남안리	4684033035
전라남도 무안군 청계면 도대리	전라남도 무안군 청계면 도대리	4684033030
전라남도 무안군 청계면 도림리	전라남도 무안군 청계면 도림리	4684033023
전라남도 무안군 청계면 복길리	전라남도 무안군 청계면 복길리	4684033025
전라남도 무안군 청계면 복룡리	전라남도 무안군 청계면 복룡리	4684033028
전라남도 무안군 청계면 사마리	전라남도 무안군 청계면 사마리	4684033036
전라남도 무안군 청계면 상마리	전라남도 무안군 청계면 상마리	4684033027
전라남도 무안군 청계면 서호리	전라남도 무안군 청계면 서호리	4684033031
전라남도 무안군 청계면 송현리	전라남도 무안군 청계면 송현리	4684033032
전라남도 무안군 청계면 월선리	전라남도 무안군 청계면 월선리	4684033021
전라남도 무안군 청계면 청계리	전라남도 무안군 청계면 청계리	4684033022
전라남도 무안군 청계면 청수리	전라남도 무안군 청계면 청수리	4684033033
전라남도 무안군 청계면 청천리	전라남도 무안군 청계면 청천리	4684033037
전라남도 무안군 청계면 태봉리	전라남도 무안군 청계면 태봉리	4684033034
전라남도 무안군 해제면 광산리	전라남도 무안군 해제면 광산리	4684036032
전라남도 무안군 해제면 대사리	전라남도 무안군 해제면 대사리	4684036028
전라남도 무안군 해제면 덕산리	전라남도 무안군 해제면 덕산리	4684036027
전라남도 무안군 해제면 만풍리	전라남도 무안군 해제면 만풍리	4684036023
전라남도 무안군 해제면 산길리	전라남도 무안군 해제면 산길리	4684036033
전라남도 무안군 해제면 석룡리	전라남도 무안군 해제면 석룡리	4684036030
전라남도 무안군 해제면 송석리	전라남도 무안군 해제면 송석리	4684036024
전라남도 무안군 해제면 신정리	전라남도 무안군 해제면 신정리	4684036026
전라남도 무안군 해제면 양매리	전라남도 무안군 해제면 양매리	4684036025
전라남도 무안군 해제면 양월리	전라남도 무안군 해제면 양월리	4684036036
전라남도 무안군 해제면 용학리	전라남도 무안군 해제면 용학리	4684036022
전라남도 무안군 해제면 유월리	전라남도 무안군 해제면 유월리	4684036021
전라남도 무안군 해제면 임수리	전라남도 무안군 해제면 임수리	4684036031
전라남도 무안군 해제면 창매리	전라남도 무안군 해제면 창매리	4684036035
전라남도 무안군 해제면 천장리	전라남도 무안군 해제면 천장리	4684036034
전라남도 무안군 해제면 학송리	전라남도 무안군 해제면 학송리	4684036029
전라남도 무안군 현경면 가입리	전라남도 무안군 현경면 가입리	4684034032
전라남도 무안군 현경면 동산리	전라남도 무안군 현경면 동산리	4684034022
전라남도 무안군 현경면 마산리	전라남도 무안군 현경면 마산리	4684034031
전라남도 무안군 현경면 송정리	전라남도 무안군 현경면 송정리	4684034027
전라남도 무안군 현경면 수양리	전라남도 무안군 현경면 수양리	4684034028
전라남도 무안군 현경면 양학리	전라남도 무안군 현경면 양학리	4684034021
전라남도 무안군 현경면 오류리	전라남도 무안군 현경면 오류리	4684034030
전라남도 무안군 현경면 외반리	전라남도 무안군 현경면 외반리	4684034024
전라남도 무안군 현경면 용정리	전라남도 무안군 현경면 용정리	4684034029
전라남도 무안군 현경면 평산리	전라남도 무안군 현경면 평산리	4684034023
전라남도 무안군 현경면 해운리	전라남도 무안군 현경면 해운리	4684034026
전라남도 무안군 현경면 현화리	전라남도 무안군 현경면 현화리	4684034025
전라남도 보성군 겸백면 남양리	전라남도 보성군 겸백면 남양리	4678033027
전라남도 보성군 겸백면 도안리	전라남도 보성군 겸백면 도안리	4678033025
전라남도 보성군 겸백면 사곡리	전라남도 보성군 겸백면 사곡리	4678033028
전라남도 보성군 겸백면 석호리	전라남도 보성군 겸백면 석호리	4678033021
전라남도 보성군 겸백면 수남리	전라남도 보성군 겸백면 수남리	4678033029
전라남도 보성군 겸백면 용산리	전라남도 보성군 겸백면 용산리	4678033026
전라남도 보성군 겸백면 운림리	전라남도 보성군 겸백면 운림리	4678033022
전라남도 보성군 겸백면 은덕리	전라남도 보성군 겸백면 은덕리	4678033023
전라남도 보성군 겸백면 평호리	전라남도 보성군 겸백면 평호리	4678033024
전라남도 보성군 노동면 감정리	전라남도 보성군 노동면 감정리	4678031023
전라남도 보성군 노동면 거석리	전라남도 보성군 노동면 거석리	4678031027
전라남도 보성군 노동면 광곡리	전라남도 보성군 노동면 광곡리	4678031021
전라남도 보성군 노동면 금호리	전라남도 보성군 노동면 금호리	4678031024
전라남도 보성군 노동면 대련리	전라남도 보성군 노동면 대련리	4678031022
전라남도 보성군 노동면 명봉리	전라남도 보성군 노동면 명봉리	4678031030
전라남도 보성군 노동면 신천리	전라남도 보성군 노동면 신천리	4678031028
전라남도 보성군 노동면 옥마리	전라남도 보성군 노동면 옥마리	4678031025
전라남도 보성군 노동면 용호리	전라남도 보성군 노동면 용호리	4678031026
전라남도 보성군 노동면 학동리	전라남도 보성군 노동면 학동리	4678031029
전라남도 보성군 득량면 도촌리	전라남도 보성군 득량면 도촌리	4678038027
전라남도 보성군 득량면 마천리	전라남도 보성군 득량면 마천리	4678038028
전라남도 보성군 득량면 비봉리	전라남도 보성군 득량면 비봉리	4678038026
전라남도 보성군 득량면 삼정리	전라남도 보성군 득량면 삼정리	4678038021
전라남도 보성군 득량면 송곡리	전라남도 보성군 득량면 송곡리	4678038022
전라남도 보성군 득량면 예당리	전라남도 보성군 득량면 예당리	4678038023
전라남도 보성군 득량면 오봉리	전라남도 보성군 득량면 오봉리	4678038024
전라남도 보성군 득량면 정흥리	전라남도 보성군 득량면 정흥리	4678038029
전라남도 보성군 득량면 해평리	전라남도 보성군 득량면 해평리	4678038025
전라남도 보성군 문덕면 귀산리	전라남도 보성군 문덕면 귀산리	4678036028
전라남도 보성군 문덕면 덕치리	전라남도 보성군 문덕면 덕치리	4678036023
전라남도 보성군 문덕면 동산리	전라남도 보성군 문덕면 동산리	4678036029
전라남도 보성군 문덕면 봉갑리	전라남도 보성군 문덕면 봉갑리	4678036025
전라남도 보성군 문덕면 봉정리	전라남도 보성군 문덕면 봉정리	4678036026
전라남도 보성군 문덕면 양동리	전라남도 보성군 문덕면 양동리	4678036027
전라남도 보성군 문덕면 용암리	전라남도 보성군 문덕면 용암리	4678036022
전라남도 보성군 문덕면 운곡리	전라남도 보성군 문덕면 운곡리	4678036021
전라남도 보성군 문덕면 죽산리	전라남도 보성군 문덕면 죽산리	4678036024
전라남도 보성군 미력면 덕림리	전라남도 보성군 미력면 덕림리	4678032025
전라남도 보성군 미력면 도개리	전라남도 보성군 미력면 도개리	4678032021
전라남도 보성군 미력면 미력리	전라남도 보성군 미력면 미력리	4678032022
전라남도 보성군 미력면 반룡리	전라남도 보성군 미력면 반룡리	4678032026
전라남도 보성군 미력면 용정리	전라남도 보성군 미력면 용정리	4678032024
전라남도 보성군 미력면 초당리	전라남도 보성군 미력면 초당리	4678032027
전라남도 보성군 미력면 화방리	전라남도 보성군 미력면 화방리	4678032023
전라남도 보성군 벌교읍 고읍리	전라남도 보성군 벌교읍 고읍리	4678025324
전라남도 보성군 벌교읍 낙성리	전라남도 보성군 벌교읍 낙성리	4678025325
전라남도 보성군 벌교읍 대포리	전라남도 보성군 벌교읍 대포리	4678025335
전라남도 보성군 벌교읍 마동리	전라남도 보성군 벌교읍 마동리	4678025331
전라남도 보성군 벌교읍 벌교리	전라남도 보성군 벌교읍 벌교리	4678025321
전라남도 보성군 벌교읍 봉림리	전라남도 보성군 벌교읍 봉림리	4678025337
전라남도 보성군 벌교읍 연산리	전라남도 보성군 벌교읍 연산리	4678025336
전라남도 보성군 벌교읍 영등리	전라남도 보성군 벌교읍 영등리	4678025333
전라남도 보성군 벌교읍 옥전리	전라남도 보성군 벌교읍 옥전리	4678025342
전라남도 보성군 벌교읍 장도리	전라남도 보성군 벌교읍 장도리	4678025341
전라남도 보성군 벌교읍 장암리	전라남도 보성군 벌교읍 장암리	4678025334
전라남도 보성군 벌교읍 장양리	전라남도 보성군 벌교읍 장양리	4678025339
전라남도 보성군 벌교읍 장좌리	전라남도 보성군 벌교읍 장좌리	4678025332
전라남도 보성군 벌교읍 전동리	전라남도 보성군 벌교읍 전동리	4678025322
전라남도 보성군 벌교읍 지동리	전라남도 보성군 벌교읍 지동리	4678025323
전라남도 보성군 벌교읍 징광리	전라남도 보성군 벌교읍 징광리	4678025327
전라남도 보성군 벌교읍 척령리	전라남도 보성군 벌교읍 척령리	4678025330
전라남도 보성군 벌교읍 추동리	전라남도 보성군 벌교읍 추동리	4678025326
전라남도 보성군 벌교읍 칠동리	전라남도 보성군 벌교읍 칠동리	4678025329
전라남도 보성군 벌교읍 호동리	전라남도 보성군 벌교읍 호동리	4678025340
전라남도 보성군 벌교읍 회정리	전라남도 보성군 벌교읍 회정리	4678025338
전라남도 보성군 보성읍 대야리	전라남도 보성군 보성읍 대야리	4678025027
전라남도 보성군 보성읍 보성리	전라남도 보성군 보성읍 보성리	4678025021
전라남도 보성군 보성읍 봉산리	전라남도 보성군 보성읍 봉산리	4678025024
전라남도 보성군 보성읍 옥암리	전라남도 보성군 보성읍 옥암리	4678025026
전라남도 보성군 보성읍 옥평리	전라남도 보성군 보성읍 옥평리	4678025023
전라남도 보성군 보성읍 용문리	전라남도 보성군 보성읍 용문리	4678025030
전라남도 보성군 보성읍 우산리	전라남도 보성군 보성읍 우산리	4678025022
전라남도 보성군 보성읍 원봉리	전라남도 보성군 보성읍 원봉리	4678025028
전라남도 보성군 보성읍 주봉리	전라남도 보성군 보성읍 주봉리	4678025029
전라남도 보성군 보성읍 쾌상리	전라남도 보성군 보성읍 쾌상리	4678025025
전라남도 보성군 복내면 계산리	전라남도 보성군 복내면 계산리	4678035030
전라남도 보성군 복내면 동교리	전라남도 보성군 복내면 동교리	4678035032
전라남도 보성군 복내면 반석리	전라남도 보성군 복내면 반석리	4678035022
전라남도 보성군 복내면 복내리	전라남도 보성군 복내면 복내리	4678035021
전라남도 보성군 복내면 봉천리	전라남도 보성군 복내면 봉천리	4678035025
전라남도 보성군 복내면 시천리	전라남도 보성군 복내면 시천리	4678035027
전라남도 보성군 복내면 용동리	전라남도 보성군 복내면 용동리	4678035023
전라남도 보성군 복내면 용전리	전라남도 보성군 복내면 용전리	4678035028
전라남도 보성군 복내면 유정리	전라남도 보성군 복내면 유정리	4678035029
전라남도 보성군 복내면 일봉리	전라남도 보성군 복내면 일봉리	4678035026
전라남도 보성군 복내면 장천리	전라남도 보성군 복내면 장천리	4678035031
전라남도 보성군 복내면 진봉리	전라남도 보성군 복내면 진봉리	4678035024
전라남도 보성군 웅치면 강산리	전라남도 보성군 웅치면 강산리	4678040022
전라남도 보성군 웅치면 대산리	전라남도 보성군 웅치면 대산리	4678040023
전라남도 보성군 웅치면 봉산리	전라남도 보성군 웅치면 봉산리	4678040025
전라남도 보성군 웅치면 용반리	전라남도 보성군 웅치면 용반리	4678040024
전라남도 보성군 웅치면 유산리	전라남도 보성군 웅치면 유산리	4678040026
전라남도 보성군 웅치면 중산리	전라남도 보성군 웅치면 중산리	4678040021
전라남도 보성군 율어면 고죽리	전라남도 보성군 율어면 고죽리	4678034026
전라남도 보성군 율어면 금천리	전라남도 보성군 율어면 금천리	4678034022
전라남도 보성군 율어면 문양리	전라남도 보성군 율어면 문양리	4678034024
전라남도 보성군 율어면 선암리	전라남도 보성군 율어면 선암리	4678034023
전라남도 보성군 율어면 유신리	전라남도 보성군 율어면 유신리	4678034028
전라남도 보성군 율어면 율어리	전라남도 보성군 율어면 율어리	4678034021
전라남도 보성군 율어면 이동리	전라남도 보성군 율어면 이동리	4678034027
전라남도 보성군 율어면 장동리	전라남도 보성군 율어면 장동리	4678034029
전라남도 보성군 율어면 칠음리	전라남도 보성군 율어면 칠음리	4678034025
전라남도 보성군 조성면 귀산리	전라남도 보성군 조성면 귀산리	4678037025
전라남도 보성군 조성면 대곡리	전라남도 보성군 조성면 대곡리	4678037027
전라남도 보성군 조성면 덕산리	전라남도 보성군 조성면 덕산리	4678037030
전라남도 보성군 조성면 동촌리	전라남도 보성군 조성면 동촌리	4678037031
전라남도 보성군 조성면 매현리	전라남도 보성군 조성면 매현리	4678037022
전라남도 보성군 조성면 봉능리	전라남도 보성군 조성면 봉능리	4678037029
전라남도 보성군 조성면 신월리	전라남도 보성군 조성면 신월리	4678037024
전라남도 보성군 조성면 용전리	전라남도 보성군 조성면 용전리	4678037032
전라남도 보성군 조성면 우천리	전라남도 보성군 조성면 우천리	4678037028
전라남도 보성군 조성면 은곡리	전라남도 보성군 조성면 은곡리	4678037023
전라남도 보성군 조성면 조성리	전라남도 보성군 조성면 조성리	4678037021
전라남도 보성군 조성면 축내리	전라남도 보성군 조성면 축내리	4678037026
전라남도 보성군 회천면 객산리	전라남도 보성군 회천면 객산리	4678039032
전라남도 보성군 회천면 군농리	전라남도 보성군 회천면 군농리	4678039028
전라남도 보성군 회천면 동율리	전라남도 보성군 회천면 동율리	4678039027
전라남도 보성군 회천면 벽교리	전라남도 보성군 회천면 벽교리	4678039022
전라남도 보성군 회천면 봉강리	전라남도 보성군 회천면 봉강리	4678039024
전라남도 보성군 회천면 서당리	전라남도 보성군 회천면 서당리	4678039031
전라남도 보성군 회천면 영천리	전라남도 보성군 회천면 영천리	4678039026
전라남도 보성군 회천면 율포리	전라남도 보성군 회천면 율포리	4678039021
전라남도 보성군 회천면 전일리	전라남도 보성군 회천면 전일리	4678039023
전라남도 보성군 회천면 천포리	전라남도 보성군 회천면 천포리	4678039030
전라남도 보성군 회천면 화죽리	전라남도 보성군 회천면 화죽리	4678039029
전라남도 보성군 회천면 회령리	전라남도 보성군 회천면 회령리	4678039025
전라남도 순천시 가곡동	전라남도 순천시 가곡동	4615010900
전라남도 순천시 교량동	전라남도 순천시 교량동	4615012300
전라남도 순천시 금곡동	전라남도 순천시 금곡동	4615010600
전라남도 순천시 낙안면 검암리	전라남도 순천시 낙안면 검암리	4615038027
전라남도 순천시 낙안면 교촌리	전라남도 순천시 낙안면 교촌리	4615038030
전라남도 순천시 낙안면 금산리	전라남도 순천시 낙안면 금산리	4615038036
전라남도 순천시 낙안면 남내리	전라남도 순천시 낙안면 남내리	4615038022
전라남도 순천시 낙안면 내운리	전라남도 순천시 낙안면 내운리	4615038034
전라남도 순천시 낙안면 동내리	전라남도 순천시 낙안면 동내리	4615038021
전라남도 순천시 낙안면 목촌리	전라남도 순천시 낙안면 목촌리	4615038038
전라남도 순천시 낙안면 상송리	전라남도 순천시 낙안면 상송리	4615038025
전라남도 순천시 낙안면 서내리	전라남도 순천시 낙안면 서내리	4615038023
전라남도 순천시 낙안면 석흥리	전라남도 순천시 낙안면 석흥리	4615038039
전라남도 순천시 낙안면 성북리	전라남도 순천시 낙안면 성북리	4615038024
전라남도 순천시 낙안면 신기리	전라남도 순천시 낙안면 신기리	4615038031
전라남도 순천시 낙안면 옥산리	전라남도 순천시 낙안면 옥산리	4615038028
전라남도 순천시 낙안면 용능리	전라남도 순천시 낙안면 용능리	4615038033
전라남도 순천시 낙안면 이곡리	전라남도 순천시 낙안면 이곡리	4615038032
전라남도 순천시 낙안면 창녕리	전라남도 순천시 낙안면 창녕리	4615038035
전라남도 순천시 낙안면 평사리	전라남도 순천시 낙안면 평사리	4615038037
전라남도 순천시 낙안면 평촌리	전라남도 순천시 낙안면 평촌리	4615038029
전라남도 순천시 낙안면 하송리	전라남도 순천시 낙안면 하송리	4615038026
전라남도 순천시 남내동	전라남도 순천시 남내동	4615012000
전라남도 순천시 남정동	전라남도 순천시 남정동	4615011600
전라남도 순천시 대대동	전라남도 순천시 대대동	4615013100
전라남도 순천시 대룡동	전라남도 순천시 대룡동	4615012400
전라남도 순천시 덕암동	전라남도 순천시 덕암동	4615011300
전라남도 순천시 덕월동	전라남도 순천시 덕월동	4615012700
전라남도 순천시 동외동	전라남도 순천시 동외동	4615012200
전라남도 순천시 매곡동	전라남도 순천시 매곡동	4615010700
전라남도 순천시 별량면 구룡리	전라남도 순천시 별량면 구룡리	4615039034
전라남도 순천시 별량면 금치리	전라남도 순천시 별량면 금치리	4615039037
전라남도 순천시 별량면 대곡리	전라남도 순천시 별량면 대곡리	4615039028
전라남도 순천시 별량면 대룡리	전라남도 순천시 별량면 대룡리	4615039038
전라남도 순천시 별량면 덕정리	전라남도 순천시 별량면 덕정리	4615039024
전라남도 순천시 별량면 동송리	전라남도 순천시 별량면 동송리	4615039031
전라남도 순천시 별량면 두고리	전라남도 순천시 별량면 두고리	4615039033
전라남도 순천시 별량면 마산리	전라남도 순천시 별량면 마산리	4615039030
전라남도 순천시 별량면 무풍리	전라남도 순천시 별량면 무풍리	4615039029
전라남도 순천시 별량면 봉림리	전라남도 순천시 별량면 봉림리	4615039021
전라남도 순천시 별량면 송기리	전라남도 순천시 별량면 송기리	4615039035
전라남도 순천시 별량면 송학리	전라남도 순천시 별량면 송학리	4615039023
전라남도 순천시 별량면 쌍림리	전라남도 순천시 별량면 쌍림리	4615039026
전라남도 순천시 별량면 우산리	전라남도 순천시 별량면 우산리	4615039025
전라남도 순천시 별량면 운천리	전라남도 순천시 별량면 운천리	4615039022
전라남도 순천시 별량면 원창리	전라남도 순천시 별량면 원창리	4615039032
전라남도 순천시 별량면 죽산리	전라남도 순천시 별량면 죽산리	4615039036
전라남도 순천시 별량면 학산리	전라남도 순천시 별량면 학산리	4615039027
전라남도 순천시 삼거동	전라남도 순천시 삼거동	4615010100
전라남도 순천시 상사면 도월리	전라남도 순천시 상사면 도월리	4615040024
전라남도 순천시 상사면 마륜리	전라남도 순천시 상사면 마륜리	4615040031
전라남도 순천시 상사면 봉래리	전라남도 순천시 상사면 봉래리	4615040025
전라남도 순천시 상사면 비촌리	전라남도 순천시 상사면 비촌리	4615040029
전라남도 순천시 상사면 쌍지리	전라남도 순천시 상사면 쌍지리	4615040026
전라남도 순천시 상사면 오곡리	전라남도 순천시 상사면 오곡리	4615040030
전라남도 순천시 상사면 용계리	전라남도 순천시 상사면 용계리	4615040023
전라남도 순천시 상사면 용암리	전라남도 순천시 상사면 용암리	4615040028
전라남도 순천시 상사면 응령리	전라남도 순천시 상사면 응령리	4615040022
전라남도 순천시 상사면 초곡리	전라남도 순천시 상사면 초곡리	4615040027
전라남도 순천시 상사면 흘산리	전라남도 순천시 상사면 흘산리	4615040021
전라남도 순천시 생목동	전라남도 순천시 생목동	4615011200
전라남도 순천시 서면 구만리	전라남도 순천시 서면 구만리	4615032023
전라남도 순천시 서면 구상리	전라남도 순천시 서면 구상리	4615032030
전라남도 순천시 서면 대구리	전라남도 순천시 서면 대구리	4615032022
전라남도 순천시 서면 동산리	전라남도 순천시 서면 동산리	4615032025
전라남도 순천시 서면 비월리	전라남도 순천시 서면 비월리	4615032024
전라남도 순천시 서면 선평리	전라남도 순천시 서면 선평리	4615032028
전라남도 순천시 서면 압곡리	전라남도 순천시 서면 압곡리	4615032029
전라남도 순천시 서면 운평리	전라남도 순천시 서면 운평리	4615032026
전라남도 순천시 서면 죽평리	전라남도 순천시 서면 죽평리	4615032027
전라남도 순천시 서면 지본리	전라남도 순천시 서면 지본리	4615032032
전라남도 순천시 서면 청소리	전라남도 순천시 서면 청소리	4615032034
전라남도 순천시 서면 판교리	전라남도 순천시 서면 판교리	4615032033
전라남도 순천시 서면 학구리	전라남도 순천시 서면 학구리	4615032021
전라남도 순천시 서면 흥대리	전라남도 순천시 서면 흥대리	4615032031
전라남도 순천시 석현동	전라남도 순천시 석현동	4615010800
전라남도 순천시 송광면 구룡리	전라남도 순천시 송광면 구룡리	4615036034
전라남도 순천시 송광면 낙수리	전라남도 순천시 송광면 낙수리	4615036024
전라남도 순천시 송광면 대곡리	전라남도 순천시 송광면 대곡리	4615036028
전라남도 순천시 송광면 대흥리	전라남도 순천시 송광면 대흥리	4615036035
전라남도 순천시 송광면 덕산리	전라남도 순천시 송광면 덕산리	4615036030
전라남도 순천시 송광면 봉산리	전라남도 순천시 송광면 봉산리	4615036031
전라남도 순천시 송광면 삼청리	전라남도 순천시 송광면 삼청리	4615036025
전라남도 순천시 송광면 신평리	전라남도 순천시 송광면 신평리	4615036023
전라남도 순천시 송광면 신흥리	전라남도 순천시 송광면 신흥리	4615036022
전라남도 순천시 송광면 오봉리	전라남도 순천시 송광면 오봉리	4615036021
전라남도 순천시 송광면 우산리	전라남도 순천시 송광면 우산리	4615036029
전라남도 순천시 송광면 월산리	전라남도 순천시 송광면 월산리	4615036027
전라남도 순천시 송광면 이읍리	전라남도 순천시 송광면 이읍리	4615036032
전라남도 순천시 송광면 장안리	전라남도 순천시 송광면 장안리	4615036033
전라남도 순천시 송광면 후곡리	전라남도 순천시 송광면 후곡리	4615036026
전라남도 순천시 승주읍 구강리	전라남도 순천시 승주읍 구강리	4615025026
전라남도 순천시 승주읍 남강리	전라남도 순천시 승주읍 남강리	4615025034
전라남도 순천시 승주읍 도정리	전라남도 순천시 승주읍 도정리	4615025027
전라남도 순천시 승주읍 두월리	전라남도 순천시 승주읍 두월리	4615025021
전라남도 순천시 승주읍 봉덕리	전라남도 순천시 승주읍 봉덕리	4615025024
전라남도 순천시 승주읍 서평리	전라남도 순천시 승주읍 서평리	4615025029
전라남도 순천시 승주읍 신성리	전라남도 순천시 승주읍 신성리	4615025030
전라남도 순천시 승주읍 신전리	전라남도 순천시 승주읍 신전리	4615025022
전라남도 순천시 승주읍 신학리	전라남도 순천시 승주읍 신학리	4615025031
전라남도 순천시 승주읍 월계리	전라남도 순천시 승주읍 월계리	4615025028
전라남도 순천시 승주읍 유평리	전라남도 순천시 승주읍 유평리	4615025033
전라남도 순천시 승주읍 유흥리	전라남도 순천시 승주읍 유흥리	4615025023
전라남도 순천시 승주읍 죽학리	전라남도 순천시 승주읍 죽학리	4615025032
전라남도 순천시 승주읍 평중리	전라남도 순천시 승주읍 평중리	4615025025
전라남도 순천시 안풍동	전라남도 순천시 안풍동	4615013000
전라남도 순천시 야흥동	전라남도 순천시 야흥동	4615012800
전라남도 순천시 연향동	전라남도 순천시 연향동	4615011400
전라남도 순천시 영동	전라남도 순천시 영동	4615010300
전라남도 순천시 오천동	전라남도 순천시 오천동	4615012600
전라남도 순천시 옥천동	전라남도 순천시 옥천동	4615010400
전라남도 순천시 와룡동	전라남도 순천시 와룡동	4615010200
전라남도 순천시 왕지동	전라남도 순천시 왕지동	4615013200
전라남도 순천시 외서면 금성리	전라남도 순천시 외서면 금성리	4615037023
전라남도 순천시 외서면 도신리	전라남도 순천시 외서면 도신리	4615037025
전라남도 순천시 외서면 반용리	전라남도 순천시 외서면 반용리	4615037026
전라남도 순천시 외서면 신덕리	전라남도 순천시 외서면 신덕리	4615037021
전라남도 순천시 외서면 쌍율리	전라남도 순천시 외서면 쌍율리	4615037022
전라남도 순천시 외서면 월암리	전라남도 순천시 외서면 월암리	4615037024
전라남도 순천시 외서면 장산리	전라남도 순천시 외서면 장산리	4615037028
전라남도 순천시 외서면 화전리	전라남도 순천시 외서면 화전리	4615037027
전라남도 순천시 용당동	전라남도 순천시 용당동	4615011000
전라남도 순천시 월등면 갈평리	전라남도 순천시 월등면 갈평리	4615034026
전라남도 순천시 월등면 계월리	전라남도 순천시 월등면 계월리	4615034029
전라남도 순천시 월등면 농선리	전라남도 순천시 월등면 농선리	4615034022
전라남도 순천시 월등면 대평리	전라남도 순천시 월등면 대평리	4615034021
전라남도 순천시 월등면 망용리	전라남도 순천시 월등면 망용리	4615034028
전라남도 순천시 월등면 송천리	전라남도 순천시 월등면 송천리	4615034027
전라남도 순천시 월등면 신월리	전라남도 순천시 월등면 신월리	4615034024
전라남도 순천시 월등면 운월리	전라남도 순천시 월등면 운월리	4615034025
전라남도 순천시 월등면 월림리	전라남도 순천시 월등면 월림리	4615034030
전라남도 순천시 월등면 월용리	전라남도 순천시 월등면 월용리	4615034023
전라남도 순천시 인월동	전라남도 순천시 인월동	4615012900
전라남도 순천시 인제동	전라남도 순천시 인제동	4615011700
전라남도 순천시 장천동	전라남도 순천시 장천동	4615011900
전라남도 순천시 저전동	전라남도 순천시 저전동	4615011800
전라남도 순천시 조곡동	전라남도 순천시 조곡동	4615011100
전라남도 순천시 조례동	전라남도 순천시 조례동	4615013300
전라남도 순천시 주암면 갈마리	전라남도 순천시 주암면 갈마리	4615035022
전라남도 순천시 주암면 고산리	전라남도 순천시 주암면 고산리	4615035031
전라남도 순천시 주암면 광천리	전라남도 순천시 주암면 광천리	4615035033
전라남도 순천시 주암면 구산리	전라남도 순천시 주암면 구산리	4615035029
전라남도 순천시 주암면 궁각리	전라남도 순천시 주암면 궁각리	4615035039
전라남도 순천시 주암면 대광리	전라남도 순천시 주암면 대광리	4615035032
전라남도 순천시 주암면 대구리	전라남도 순천시 주암면 대구리	4615035038
전라남도 순천시 주암면 문길리	전라남도 순천시 주암면 문길리	4615035041
전라남도 순천시 주암면 백록리	전라남도 순천시 주암면 백록리	4615035037
전라남도 순천시 주암면 복다리	전라남도 순천시 주암면 복다리	4615035026
전라남도 순천시 주암면 비룡리	전라남도 순천시 주암면 비룡리	4615035034
전라남도 순천시 주암면 어왕리	전라남도 순천시 주암면 어왕리	4615035036
전라남도 순천시 주암면 오산리	전라남도 순천시 주암면 오산리	4615035024
전라남도 순천시 주암면 요곡리	전라남도 순천시 주암면 요곡리	4615035028
전라남도 순천시 주암면 운룡리	전라남도 순천시 주암면 운룡리	4615035040
전라남도 순천시 주암면 주암리	전라남도 순천시 주암면 주암리	4615035023
전라남도 순천시 주암면 죽림리	전라남도 순천시 주암면 죽림리	4615035030
전라남도 순천시 주암면 창촌리	전라남도 순천시 주암면 창촌리	4615035025
전라남도 순천시 주암면 한곡리	전라남도 순천시 주암면 한곡리	4615035035
전라남도 순천시 주암면 행정리	전라남도 순천시 주암면 행정리	4615035021
전라남도 순천시 중앙동	전라남도 순천시 중앙동	4615012100
전라남도 순천시 풍덕동	전라남도 순천시 풍덕동	4615011500
전라남도 순천시 해룡면 남가리	전라남도 순천시 해룡면 남가리	4615031025
전라남도 순천시 해룡면 농주리	전라남도 순천시 해룡면 농주리	4615031036
전라남도 순천시 해룡면 대안리	전라남도 순천시 해룡면 대안리	4615031024
전라남도 순천시 해룡면 도롱리	전라남도 순천시 해룡면 도롱리	4615031032
전라남도 순천시 해룡면 복성리	전라남도 순천시 해룡면 복성리	4615031021
전라남도 순천시 해룡면 상내리	전라남도 순천시 해룡면 상내리	4615031037
전라남도 순천시 해룡면 상삼리	전라남도 순천시 해룡면 상삼리	4615031023
전라남도 순천시 해룡면 선월리	전라남도 순천시 해룡면 선월리	4615031028
전라남도 순천시 해룡면 선학리	전라남도 순천시 해룡면 선학리	4615031035
전라남도 순천시 해룡면 성산리	전라남도 순천시 해룡면 성산리	4615031027
전라남도 순천시 해룡면 신대리	전라남도 순천시 해룡면 신대리	4615031022
전라남도 순천시 해룡면 신성리	전라남도 순천시 해룡면 신성리	4615031029
전라남도 순천시 해룡면 용전리	전라남도 순천시 해룡면 용전리	4615031031
전라남도 순천시 해룡면 월전리	전라남도 순천시 해룡면 월전리	4615031026
전라남도 순천시 해룡면 중흥리	전라남도 순천시 해룡면 중흥리	4615031033
전라남도 순천시 해룡면 하사리	전라남도 순천시 해룡면 하사리	4615031038
전라남도 순천시 해룡면 해창리	전라남도 순천시 해룡면 해창리	4615031034
전라남도 순천시 해룡면 호두리	전라남도 순천시 해룡면 호두리	4615031030
전라남도 순천시 행동	전라남도 순천시 행동	4615010500
전라남도 순천시 홍내동	전라남도 순천시 홍내동	4615012500
전라남도 순천시 황전면 괴목리	전라남도 순천시 황전면 괴목리	4615033024
전라남도 순천시 황전면 금평리	전라남도 순천시 황전면 금평리	4615033032
전라남도 순천시 황전면 내구리	전라남도 순천시 황전면 내구리	4615033028
전라남도 순천시 황전면 대치리	전라남도 순천시 황전면 대치리	4615033033
전라남도 순천시 황전면 덕림리	전라남도 순천시 황전면 덕림리	4615033036
전라남도 순천시 황전면 모전리	전라남도 순천시 황전면 모전리	4615033034
전라남도 순천시 황전면 봉덕리	전라남도 순천시 황전면 봉덕리	4615033029
전라남도 순천시 황전면 비촌리	전라남도 순천시 황전면 비촌리	4615033031
전라남도 순천시 황전면 선변리	전라남도 순천시 황전면 선변리	4615033030
전라남도 순천시 황전면 수평리	전라남도 순천시 황전면 수평리	4615033023
전라남도 순천시 황전면 월산리	전라남도 순천시 황전면 월산리	4615033027
전라남도 순천시 황전면 죽내리	전라남도 순천시 황전면 죽내리	4615033025
전라남도 순천시 황전면 죽청리	전라남도 순천시 황전면 죽청리	4615033021
전라남도 순천시 황전면 평촌리	전라남도 순천시 황전면 평촌리	4615033022
전라남도 순천시 황전면 황학리	전라남도 순천시 황전면 황학리	4615033026
전라남도 순천시 황전면 회룡리	전라남도 순천시 황전면 회룡리	4615033035
전라남도 신안군 도초면 고란리	전라남도 신안군 도초면 고란리	4691035027
전라남도 신안군 도초면 만년리	전라남도 신안군 도초면 만년리	4691035029
전라남도 신안군 도초면 발매리	전라남도 신안군 도초면 발매리	4691035021
전라남도 신안군 도초면 수다리	전라남도 신안군 도초면 수다리	4691035030
전라남도 신안군 도초면 수항리	전라남도 신안군 도초면 수항리	4691035025
전라남도 신안군 도초면 오류리	전라남도 신안군 도초면 오류리	4691035024
전라남도 신안군 도초면 외남리	전라남도 신안군 도초면 외남리	4691035023
전라남도 신안군 도초면 우이도리	전라남도 신안군 도초면 우이도리	4691035031
전라남도 신안군 도초면 이곡리	전라남도 신안군 도초면 이곡리	4691035028
전라남도 신안군 도초면 죽연리	전라남도 신안군 도초면 죽연리	4691035026
전라남도 신안군 도초면 지남리	전라남도 신안군 도초면 지남리	4691035022
전라남도 신안군 비금면 가산리	전라남도 신안군 비금면 가산리	4691034024
전라남도 신안군 비금면 고서리	전라남도 신안군 비금면 고서리	4691034029
전라남도 신안군 비금면 광대리	전라남도 신안군 비금면 광대리	4691034021
전라남도 신안군 비금면 구림리	전라남도 신안군 비금면 구림리	4691034027
전라남도 신안군 비금면 내월리	전라남도 신안군 비금면 내월리	4691034031
전라남도 신안군 비금면 덕산리	전라남도 신안군 비금면 덕산리	4691034025
전라남도 신안군 비금면 도고리	전라남도 신안군 비금면 도고리	4691034023
전라남도 신안군 비금면 수대리	전라남도 신안군 비금면 수대리	4691034032
전라남도 신안군 비금면 수치리	전라남도 신안군 비금면 수치리	4691034033
전라남도 신안군 비금면 신원리	전라남도 신안군 비금면 신원리	4691034028
전라남도 신안군 비금면 용소리	전라남도 신안군 비금면 용소리	4691034022
전라남도 신안군 비금면 죽림리	전라남도 신안군 비금면 죽림리	4691034030
전라남도 신안군 비금면 지당리	전라남도 신안군 비금면 지당리	4691034026
전라남도 신안군 신의면 고평사도리	전라남도 신안군 신의면 고평사도리	4691038025
전라남도 신안군 신의면 상태동리	전라남도 신안군 신의면 상태동리	4691038022
전라남도 신안군 신의면 상태서리	전라남도 신안군 신의면 상태서리	4691038021
전라남도 신안군 신의면 하태동리	전라남도 신안군 신의면 하태동리	4691038024
전라남도 신안군 신의면 하태서리	전라남도 신안군 신의면 하태서리	4691038023
전라남도 신안군 안좌면 구대리	전라남도 신안군 안좌면 구대리	4691040036
전라남도 신안군 안좌면 금산리	전라남도 신안군 안좌면 금산리	4691040021
전라남도 신안군 안좌면 남강리	전라남도 신안군 안좌면 남강리	4691040030
전라남도 신안군 안좌면 내호리	전라남도 신안군 안좌면 내호리	4691040041
전라남도 신안군 안좌면 대리	전라남도 신안군 안좌면 대리	4691040024
전라남도 신안군 안좌면 대우리	전라남도 신안군 안좌면 대우리	4691040039
전라남도 신안군 안좌면 대척리	전라남도 신안군 안좌면 대척리	4691040031
전라남도 신안군 안좌면 마명리	전라남도 신안군 안좌면 마명리	4691040037
전라남도 신안군 안좌면 마진리	전라남도 신안군 안좌면 마진리	4691040045
전라남도 신안군 안좌면 박지리	전라남도 신안군 안좌면 박지리	4691040034
전라남도 신안군 안좌면 반월리	전라남도 신안군 안좌면 반월리	4691040035
전라남도 신안군 안좌면 방월리	전라남도 신안군 안좌면 방월리	4691040040
전라남도 신안군 안좌면 복호리	전라남도 신안군 안좌면 복호리	4691040025
전라남도 신안군 안좌면 산두리	전라남도 신안군 안좌면 산두리	4691040023
전라남도 신안군 안좌면 소곡리	전라남도 신안군 안좌면 소곡리	4691040033
전라남도 신안군 안좌면 시서리	전라남도 신안군 안좌면 시서리	4691040043
전라남도 신안군 안좌면 신촌리	전라남도 신안군 안좌면 신촌리	4691040038
전라남도 신안군 안좌면 여흘리	전라남도 신안군 안좌면 여흘리	4691040029
전라남도 신안군 안좌면 읍동리	전라남도 신안군 안좌면 읍동리	4691040044
전라남도 신안군 안좌면 자라리	전라남도 신안군 안좌면 자라리	4691040026
전라남도 신안군 안좌면 존포리	전라남도 신안군 안좌면 존포리	4691040027
전라남도 신안군 안좌면 창마리	전라남도 신안군 안좌면 창마리	4691040032
전라남도 신안군 안좌면 탄동리	전라남도 신안군 안좌면 탄동리	4691040022
전라남도 신안군 안좌면 한운리	전라남도 신안군 안좌면 한운리	4691040042
전라남도 신안군 안좌면 향목리	전라남도 신안군 안좌면 향목리	4691040028
전라남도 신안군 암태면 기동리	전라남도 신안군 암태면 기동리	4691042026
전라남도 신안군 암태면 단고리	전라남도 신안군 암태면 단고리	4691042024
전라남도 신안군 암태면 당사리	전라남도 신안군 암태면 당사리	4691042029
전라남도 신안군 암태면 도창리	전라남도 신안군 암태면 도창리	4691042021
전라남도 신안군 암태면 송곡리	전라남도 신안군 암태면 송곡리	4691042027
전라남도 신안군 암태면 수곡리	전라남도 신안군 암태면 수곡리	4691042022
전라남도 신안군 암태면 신석리	전라남도 신안군 암태면 신석리	4691042028
전라남도 신안군 암태면 오상리	전라남도 신안군 암태면 오상리	4691042025
전라남도 신안군 암태면 와촌리	전라남도 신안군 암태면 와촌리	4691042023
전라남도 신안군 압해읍 가란리	전라남도 신안군 압해읍 가란리	4691025333
전라남도 신안군 압해읍 가룡리	전라남도 신안군 압해읍 가룡리	4691025322
전라남도 신안군 압해읍 고이리	전라남도 신안군 압해읍 고이리	4691025323
전라남도 신안군 압해읍 대천리	전라남도 신안군 압해읍 대천리	4691025328
전라남도 신안군 압해읍 동서리	전라남도 신안군 압해읍 동서리	4691025327
전라남도 신안군 압해읍 매화리	전라남도 신안군 압해읍 매화리	4691025324
전라남도 신안군 압해읍 복룡리	전라남도 신안군 압해읍 복룡리	4691025321
전라남도 신안군 압해읍 분매리	전라남도 신안군 압해읍 분매리	4691025330
전라남도 신안군 압해읍 송공리	전라남도 신안군 압해읍 송공리	4691025329
전라남도 신안군 압해읍 신용리	전라남도 신안군 압해읍 신용리	4691025325
전라남도 신안군 압해읍 신장리	전라남도 신안군 압해읍 신장리	4691025331
전라남도 신안군 압해읍 장감리	전라남도 신안군 압해읍 장감리	4691025332
전라남도 신안군 압해읍 학교리	전라남도 신안군 압해읍 학교리	4691025326
전라남도 신안군 임자면 광산리	전라남도 신안군 임자면 광산리	4691032023
전라남도 신안군 임자면 대기리	전라남도 신안군 임자면 대기리	4691032022
전라남도 신안군 임자면 도찬리	전라남도 신안군 임자면 도찬리	4691032021
전라남도 신안군 임자면 삼두리	전라남도 신안군 임자면 삼두리	4691032025
전라남도 신안군 임자면 수도리	전라남도 신안군 임자면 수도리	4691032028
전라남도 신안군 임자면 이흑암리	전라남도 신안군 임자면 이흑암리	4691032026
전라남도 신안군 임자면 재원리	전라남도 신안군 임자면 재원리	4691032024
전라남도 신안군 임자면 진리	전라남도 신안군 임자면 진리	4691032027
전라남도 신안군 자은면 고장리	전라남도 신안군 자은면 고장리	4691033028
전라남도 신안군 자은면 구영리	전라남도 신안군 자은면 구영리	4691033029
전라남도 신안군 자은면 대율리	전라남도 신안군 자은면 대율리	4691033023
전라남도 신안군 자은면 면전리	전라남도 신안군 자은면 면전리	4691033026
전라남도 신안군 자은면 백산리	전라남도 신안군 자은면 백산리	4691033027
전라남도 신안군 자은면 송산리	전라남도 신안군 자은면 송산리	4691033022
전라남도 신안군 자은면 유각리	전라남도 신안군 자은면 유각리	4691033025
전라남도 신안군 자은면 유천리	전라남도 신안군 자은면 유천리	4691033024
전라남도 신안군 자은면 한운리	전라남도 신안군 자은면 한운리	4691033021
전라남도 신안군 장산면 공수리	전라남도 신안군 장산면 공수리	4691039024
전라남도 신안군 장산면 다수리	전라남도 신안군 장산면 다수리	4691039026
전라남도 신안군 장산면 대리	전라남도 신안군 장산면 대리	4691039022
전라남도 신안군 장산면 도창리	전라남도 신안군 장산면 도창리	4691039023
전라남도 신안군 장산면 마진도리	전라남도 신안군 장산면 마진도리	4691039027
전라남도 신안군 장산면 오음리	전라남도 신안군 장산면 오음리	4691039021
전라남도 신안군 장산면 팽진리	전라남도 신안군 장산면 팽진리	4691039025
전라남도 신안군 증도면 대초리	전라남도 신안군 증도면 대초리	4691031023
전라남도 신안군 증도면 방축리	전라남도 신안군 증도면 방축리	4691031022
전라남도 신안군 증도면 병풍리	전라남도 신안군 증도면 병풍리	4691031025
전라남도 신안군 증도면 우전리	전라남도 신안군 증도면 우전리	4691031024
전라남도 신안군 증도면 증동리	전라남도 신안군 증도면 증동리	4691031021
전라남도 신안군 지도읍 감정리	전라남도 신안군 지도읍 감정리	4691025024
전라남도 신안군 지도읍 광정리	전라남도 신안군 지도읍 광정리	4691025026
전라남도 신안군 지도읍 내양리	전라남도 신안군 지도읍 내양리	4691025021
전라남도 신안군 지도읍 당촌리	전라남도 신안군 지도읍 당촌리	4691025028
전라남도 신안군 지도읍 봉리	전라남도 신안군 지도읍 봉리	4691025022
전라남도 신안군 지도읍 선도리	전라남도 신안군 지도읍 선도리	4691025031
전라남도 신안군 지도읍 어의리	전라남도 신안군 지도읍 어의리	4691025023
전라남도 신안군 지도읍 읍내리	전라남도 신안군 지도읍 읍내리	4691025025
전라남도 신안군 지도읍 자동리	전라남도 신안군 지도읍 자동리	4691025029
전라남도 신안군 지도읍 탄동리	전라남도 신안군 지도읍 탄동리	4691025027
전라남도 신안군 지도읍 태천리	전라남도 신안군 지도읍 태천리	4691025030
전라남도 신안군 팔금면 당고리	전라남도 신안군 팔금면 당고리	4691041027
전라남도 신안군 팔금면 대심리	전라남도 신안군 팔금면 대심리	4691041021
전라남도 신안군 팔금면 원산리	전라남도 신안군 팔금면 원산리	4691041023
전라남도 신안군 팔금면 읍리	전라남도 신안군 팔금면 읍리	4691041024
전라남도 신안군 팔금면 이목리	전라남도 신안군 팔금면 이목리	4691041026
전라남도 신안군 팔금면 장촌리	전라남도 신안군 팔금면 장촌리	4691041022
전라남도 신안군 팔금면 진고리	전라남도 신안군 팔금면 진고리	4691041025
전라남도 신안군 하의면 능산리	전라남도 신안군 하의면 능산리	4691037026
전라남도 신안군 하의면 대리	전라남도 신안군 하의면 대리	4691037024
전라남도 신안군 하의면 어은리	전라남도 신안군 하의면 어은리	4691037022
전라남도 신안군 하의면 오림리	전라남도 신안군 하의면 오림리	4691037023
전라남도 신안군 하의면 옥도리	전라남도 신안군 하의면 옥도리	4691037027
전라남도 신안군 하의면 웅곡리	전라남도 신안군 하의면 웅곡리	4691037021
전라남도 신안군 하의면 후광리	전라남도 신안군 하의면 후광리	4691037025
전라남도 신안군 흑산면 가거도리	전라남도 신안군 흑산면 가거도리	4691036032
전라남도 신안군 흑산면 다물도리	전라남도 신안군 흑산면 다물도리	4691036034
전라남도 신안군 흑산면 만재도리	전라남도 신안군 흑산면 만재도리	4691036033
전라남도 신안군 흑산면 비리	전라남도 신안군 흑산면 비리	4691036023
전라남도 신안군 흑산면 사리	전라남도 신안군 흑산면 사리	4691036024
전라남도 신안군 흑산면 수리	전라남도 신안군 흑산면 수리	4691036031
전라남도 신안군 흑산면 심리	전라남도 신안군 흑산면 심리	4691036025
전라남도 신안군 흑산면 영산리	전라남도 신안군 흑산면 영산리	4691036026
전라남도 신안군 흑산면 예리	전라남도 신안군 흑산면 예리	4691036022
전라남도 신안군 흑산면 오리	전라남도 신안군 흑산면 오리	4691036028
전라남도 신안군 흑산면 진리	전라남도 신안군 흑산면 진리	4691036021
전라남도 신안군 흑산면 태도리	전라남도 신안군 흑산면 태도리	4691036030
전라남도 신안군 흑산면 홍도리	전라남도 신안군 흑산면 홍도리	4691036029
전라남도 여수시 경호동	전라남도 여수시 경호동	4613012700
전라남도 여수시 고소동	전라남도 여수시 고소동	4613010500
전라남도 여수시 공화동	전라남도 여수시 공화동	4613010300
전라남도 여수시 관문동	전라남도 여수시 관문동	4613010400
전라남도 여수시 광무동	전라남도 여수시 광무동	4613011200
전라남도 여수시 교동	전라남도 여수시 교동	4613010800
전라남도 여수시 국동	전라남도 여수시 국동	4613011700
전라남도 여수시 군자동	전라남도 여수시 군자동	4613010900
전라남도 여수시 낙포동	전라남도 여수시 낙포동	4613014800
전라남도 여수시 남면 두라리	전라남도 여수시 남면 두라리	4613034027
전라남도 여수시 남면 두모리	전라남도 여수시 남면 두모리	4613034023
전라남도 여수시 남면 심장리	전라남도 여수시 남면 심장리	4613034022
전라남도 여수시 남면 안도리	전라남도 여수시 남면 안도리	4613034025
전라남도 여수시 남면 연도리	전라남도 여수시 남면 연도리	4613034026
전라남도 여수시 남면 우학리	전라남도 여수시 남면 우학리	4613034021
전라남도 여수시 남면 유송리	전라남도 여수시 남면 유송리	4613034024
전라남도 여수시 남면 화태리	전라남도 여수시 남면 화태리	4613034028
전라남도 여수시 남면 횡간리	전라남도 여수시 남면 횡간리	4613034029
전라남도 여수시 남산동	전라남도 여수시 남산동	4613011600
전라남도 여수시 덕충동	전라남도 여수시 덕충동	4613012600
전라남도 여수시 돌산읍 군내리	전라남도 여수시 돌산읍 군내리	4613025021
전라남도 여수시 돌산읍 금봉리	전라남도 여수시 돌산읍 금봉리	4613025027
전라남도 여수시 돌산읍 금성리	전라남도 여수시 돌산읍 금성리	4613025023
전라남도 여수시 돌산읍 둔전리	전라남도 여수시 돌산읍 둔전리	4613025028
전라남도 여수시 돌산읍 서덕리	전라남도 여수시 돌산읍 서덕리	4613025026
전라남도 여수시 돌산읍 신복리	전라남도 여수시 돌산읍 신복리	4613025022
전라남도 여수시 돌산읍 우두리	전라남도 여수시 돌산읍 우두리	4613025030
전라남도 여수시 돌산읍 율림리	전라남도 여수시 돌산읍 율림리	4613025024
전라남도 여수시 돌산읍 죽포리	전라남도 여수시 돌산읍 죽포리	4613025025
전라남도 여수시 돌산읍 평사리	전라남도 여수시 돌산읍 평사리	4613025029
전라남도 여수시 동산동	전라남도 여수시 동산동	4613010600
전라남도 여수시 둔덕동	전라남도 여수시 둔덕동	4613012300
전라남도 여수시 만흥동	전라남도 여수시 만흥동	4613012500
전라남도 여수시 묘도동	전라남도 여수시 묘도동	4613014700
전라남도 여수시 문수동	전라남도 여수시 문수동	4613012000
전라남도 여수시 미평동	전라남도 여수시 미평동	4613012200
전라남도 여수시 봉강동	전라남도 여수시 봉강동	4613011400
전라남도 여수시 봉계동	전라남도 여수시 봉계동	4613013900
전라남도 여수시 봉산동	전라남도 여수시 봉산동	4613011500
전라남도 여수시 삼산면 거문리	전라남도 여수시 삼산면 거문리	4613036021
전라남도 여수시 삼산면 덕촌리	전라남도 여수시 삼산면 덕촌리	4613036022
전라남도 여수시 삼산면 동도리	전라남도 여수시 삼산면 동도리	4613036024
전라남도 여수시 삼산면 서도리	전라남도 여수시 삼산면 서도리	4613036023
전라남도 여수시 삼산면 손죽리	전라남도 여수시 삼산면 손죽리	4613036026
전라남도 여수시 삼산면 초도리	전라남도 여수시 삼산면 초도리	4613036025
전라남도 여수시 상암동	전라남도 여수시 상암동	4613015000
전라남도 여수시 서교동	전라남도 여수시 서교동	4613011300
전라남도 여수시 선원동	전라남도 여수시 선원동	4613013500
전라남도 여수시 소라면 관기리	전라남도 여수시 소라면 관기리	4613031023
전라남도 여수시 소라면 대포리	전라남도 여수시 소라면 대포리	4613031028
전라남도 여수시 소라면 덕양리	전라남도 여수시 소라면 덕양리	4613031021
전라남도 여수시 소라면 복산리	전라남도 여수시 소라면 복산리	4613031025
전라남도 여수시 소라면 봉두리	전라남도 여수시 소라면 봉두리	4613031027
전라남도 여수시 소라면 사곡리	전라남도 여수시 소라면 사곡리	4613031026
전라남도 여수시 소라면 죽림리	전라남도 여수시 소라면 죽림리	4613031022
전라남도 여수시 소라면 현천리	전라남도 여수시 소라면 현천리	4613031024
전라남도 여수시 소호동	전라남도 여수시 소호동	4613013100
전라남도 여수시 수정동	전라남도 여수시 수정동	4613010200
전라남도 여수시 시전동	전라남도 여수시 시전동	4613013200
전라남도 여수시 신기동	전라남도 여수시 신기동	4613013300
전라남도 여수시 신덕동	전라남도 여수시 신덕동	4613014900
전라남도 여수시 신월동	전라남도 여수시 신월동	4613011800
전라남도 여수시 안산동	전라남도 여수시 안산동	4613013000
전라남도 여수시 여서동	전라남도 여수시 여서동	4613011900
전라남도 여수시 여천동	전라남도 여수시 여천동	4613013600
전라남도 여수시 연등동	전라남도 여수시 연등동	4613011100
전라남도 여수시 오림동	전라남도 여수시 오림동	4613012100
전라남도 여수시 오천동	전라남도 여수시 오천동	4613012400
전라남도 여수시 웅천동	전라남도 여수시 웅천동	4613013400
전라남도 여수시 월내동	전라남도 여수시 월내동	4613014600
전라남도 여수시 월하동	전라남도 여수시 월하동	4613014200
전라남도 여수시 율촌면 가장리	전라남도 여수시 율촌면 가장리	4613032024
전라남도 여수시 율촌면 반월리	전라남도 여수시 율촌면 반월리	4613032026
전라남도 여수시 율촌면 봉전리	전라남도 여수시 율촌면 봉전리	4613032025
전라남도 여수시 율촌면 산수리	전라남도 여수시 율촌면 산수리	4613032023
전라남도 여수시 율촌면 상봉리	전라남도 여수시 율촌면 상봉리	4613032029
전라남도 여수시 율촌면 신풍리	전라남도 여수시 율촌면 신풍리	4613032028
전라남도 여수시 율촌면 여동리	전라남도 여수시 율촌면 여동리	4613032030
전라남도 여수시 율촌면 월산리	전라남도 여수시 율촌면 월산리	4613032022
전라남도 여수시 율촌면 조화리	전라남도 여수시 율촌면 조화리	4613032021
전라남도 여수시 율촌면 취적리	전라남도 여수시 율촌면 취적리	4613032027
전라남도 여수시 적량동	전라남도 여수시 적량동	4613014500
전라남도 여수시 종화동	전라남도 여수시 종화동	4613010100
전라남도 여수시 주삼동	전라남도 여수시 주삼동	4613013800
전라남도 여수시 중앙동	전라남도 여수시 중앙동	4613010700
전라남도 여수시 중흥동	전라남도 여수시 중흥동	4613014400
전라남도 여수시 충무동	전라남도 여수시 충무동	4613011000
전라남도 여수시 평여동	전라남도 여수시 평여동	4613014300
전라남도 여수시 학동	전라남도 여수시 학동	4613012800
전라남도 여수시 학용동	전라남도 여수시 학용동	4613012900
전라남도 여수시 해산동	전라남도 여수시 해산동	4613014000
전라남도 여수시 호명동	전라남도 여수시 호명동	4613015100
전라남도 여수시 화양면 나진리	전라남도 여수시 화양면 나진리	4613033021
전라남도 여수시 화양면 서촌리	전라남도 여수시 화양면 서촌리	4613033027
전라남도 여수시 화양면 안포리	전라남도 여수시 화양면 안포리	4613033030
전라남도 여수시 화양면 옥적리	전라남도 여수시 화양면 옥적리	4613033025
전라남도 여수시 화양면 용주리	전라남도 여수시 화양면 용주리	4613033022
전라남도 여수시 화양면 이목리	전라남도 여수시 화양면 이목리	4613033028
전라남도 여수시 화양면 이천리	전라남도 여수시 화양면 이천리	4613033024
전라남도 여수시 화양면 장수리	전라남도 여수시 화양면 장수리	4613033029
전라남도 여수시 화양면 창무리	전라남도 여수시 화양면 창무리	4613033023
전라남도 여수시 화양면 화동리	전라남도 여수시 화양면 화동리	4613033026
전라남도 여수시 화장동	전라남도 여수시 화장동	4613013700
전라남도 여수시 화정면 개도리	전라남도 여수시 화정면 개도리	4613035023
전라남도 여수시 화정면 낭도리	전라남도 여수시 화정면 낭도리	4613035027
전라남도 여수시 화정면 백야리	전라남도 여수시 화정면 백야리	4613035021
전라남도 여수시 화정면 상화리	전라남도 여수시 화정면 상화리	4613035025
전라남도 여수시 화정면 여자리	전라남도 여수시 화정면 여자리	4613035030
전라남도 여수시 화정면 월호리	전라남도 여수시 화정면 월호리	4613035022
전라남도 여수시 화정면 적금리	전라남도 여수시 화정면 적금리	4613035029
전라남도 여수시 화정면 제도리	전라남도 여수시 화정면 제도리	4613035024
전라남도 여수시 화정면 조발리	전라남도 여수시 화정면 조발리	4613035028
전라남도 여수시 화정면 하화리	전라남도 여수시 화정면 하화리	4613035026
전라남도 여수시 화치동	전라남도 여수시 화치동	4613014100
전라남도 영광군 군남면 남창리	전라남도 영광군 군남면 남창리	4687035030
전라남도 영광군 군남면 대덕리	전라남도 영광군 군남면 대덕리	4687035028
전라남도 영광군 군남면 도장리	전라남도 영광군 군남면 도장리	4687035023
전라남도 영광군 군남면 동간리	전라남도 영광군 군남면 동간리	4687035022
전라남도 영광군 군남면 동월리	전라남도 영광군 군남면 동월리	4687035025
전라남도 영광군 군남면 반안리	전라남도 영광군 군남면 반안리	4687035032
전라남도 영광군 군남면 백양리	전라남도 영광군 군남면 백양리	4687035024
전라남도 영광군 군남면 설매리	전라남도 영광군 군남면 설매리	4687035026
전라남도 영광군 군남면 양덕리	전라남도 영광군 군남면 양덕리	4687035027
전라남도 영광군 군남면 용암리	전라남도 영광군 군남면 용암리	4687035029
전라남도 영광군 군남면 월흥리	전라남도 영광군 군남면 월흥리	4687035031
전라남도 영광군 군남면 포천리	전라남도 영광군 군남면 포천리	4687035021
전라남도 영광군 군서면 가사리	전라남도 영광군 군서면 가사리	4687034026
전라남도 영광군 군서면 남계리	전라남도 영광군 군서면 남계리	4687034029
전라남도 영광군 군서면 남죽리	전라남도 영광군 군서면 남죽리	4687034022
전라남도 영광군 군서면 덕산리	전라남도 영광군 군서면 덕산리	4687034028
전라남도 영광군 군서면 마읍리	전라남도 영광군 군서면 마읍리	4687034023
전라남도 영광군 군서면 만곡리	전라남도 영광군 군서면 만곡리	4687034030
전라남도 영광군 군서면 만금리	전라남도 영광군 군서면 만금리	4687034024
전라남도 영광군 군서면 매산리	전라남도 영광군 군서면 매산리	4687034027
전라남도 영광군 군서면 보라리	전라남도 영광군 군서면 보라리	4687034021
전라남도 영광군 군서면 송학리	전라남도 영광군 군서면 송학리	4687034025
전라남도 영광군 낙월면 각이리	전라남도 영광군 낙월면 각이리	4687038031
전라남도 영광군 낙월면 상낙월리	전라남도 영광군 낙월면 상낙월리	4687038021
전라남도 영광군 낙월면 석만리	전라남도 영광군 낙월면 석만리	4687038028
전라남도 영광군 낙월면 송이리	전라남도 영광군 낙월면 송이리	4687038024
전라남도 영광군 낙월면 신기리	전라남도 영광군 낙월면 신기리	4687038026
전라남도 영광군 낙월면 영외리	전라남도 영광군 낙월면 영외리	4687038027
전라남도 영광군 낙월면 오도리	전라남도 영광군 낙월면 오도리	4687038030
전라남도 영광군 낙월면 월촌리	전라남도 영광군 낙월면 월촌리	4687038025
전라남도 영광군 낙월면 임병리	전라남도 영광군 낙월면 임병리	4687038023
전라남도 영광군 낙월면 죽도리	전라남도 영광군 낙월면 죽도리	4687038029
전라남도 영광군 낙월면 하낙월리	전라남도 영광군 낙월면 하낙월리	4687038022
전라남도 영광군 대마면 남산리	전라남도 영광군 대마면 남산리	4687031022
전라남도 영광군 대마면 복평리	전라남도 영광군 대마면 복평리	4687031028
전라남도 영광군 대마면 성산리	전라남도 영광군 대마면 성산리	4687031027
전라남도 영광군 대마면 송죽리	전라남도 영광군 대마면 송죽리	4687031023
전라남도 영광군 대마면 원흥리	전라남도 영광군 대마면 원흥리	4687031025
전라남도 영광군 대마면 월산리	전라남도 영광군 대마면 월산리	4687031021
전라남도 영광군 대마면 홍교리	전라남도 영광군 대마면 홍교리	4687031026
전라남도 영광군 대마면 화평리	전라남도 영광군 대마면 화평리	4687031024
전라남도 영광군 묘량면 덕흥리	전라남도 영광군 묘량면 덕흥리	4687032021
전라남도 영광군 묘량면 삼학리	전라남도 영광군 묘량면 삼학리	4687032026
전라남도 영광군 묘량면 삼효리	전라남도 영광군 묘량면 삼효리	4687032024
전라남도 영광군 묘량면 신천리	전라남도 영광군 묘량면 신천리	4687032025
전라남도 영광군 묘량면 연암리	전라남도 영광군 묘량면 연암리	4687032028
전라남도 영광군 묘량면 영양리	전라남도 영광군 묘량면 영양리	4687032022
전라남도 영광군 묘량면 운당리	전라남도 영광군 묘량면 운당리	4687032023
전라남도 영광군 묘량면 월암리	전라남도 영광군 묘량면 월암리	4687032027
전라남도 영광군 백수읍 구수리	전라남도 영광군 백수읍 구수리	4687025337
전라남도 영광군 백수읍 길용리	전라남도 영광군 백수읍 길용리	4687025322
전라남도 영광군 백수읍 논산리	전라남도 영광군 백수읍 논산리	4687025325
전라남도 영광군 백수읍 대신리	전라남도 영광군 백수읍 대신리	4687025321
전라남도 영광군 백수읍 대전리	전라남도 영광군 백수읍 대전리	4687025330
전라남도 영광군 백수읍 백암리	전라남도 영광군 백수읍 백암리	4687025334
전라남도 영광군 백수읍 상사리	전라남도 영광군 백수읍 상사리	4687025335
전라남도 영광군 백수읍 약수리	전라남도 영광군 백수읍 약수리	4687025332
전라남도 영광군 백수읍 양성리	전라남도 영광군 백수읍 양성리	4687025329
전라남도 영광군 백수읍 장산리	전라남도 영광군 백수읍 장산리	4687025324
전라남도 영광군 백수읍 죽사리	전라남도 영광군 백수읍 죽사리	4687025327
전라남도 영광군 백수읍 지산리	전라남도 영광군 백수읍 지산리	4687025331
전라남도 영광군 백수읍 천마리	전라남도 영광군 백수읍 천마리	4687025328
전라남도 영광군 백수읍 천정리	전라남도 영광군 백수읍 천정리	4687025323
전라남도 영광군 백수읍 하사리	전라남도 영광군 백수읍 하사리	4687025336
전라남도 영광군 백수읍 학산리	전라남도 영광군 백수읍 학산리	4687025326
전라남도 영광군 백수읍 홍곡리	전라남도 영광군 백수읍 홍곡리	4687025333
전라남도 영광군 법성면 대덕리	전라남도 영광군 법성면 대덕리	4687037024
전라남도 영광군 법성면 덕흥리	전라남도 영광군 법성면 덕흥리	4687037025
전라남도 영광군 법성면 법성리	전라남도 영광군 법성면 법성리	4687037022
전라남도 영광군 법성면 삼당리	전라남도 영광군 법성면 삼당리	4687037031
전라남도 영광군 법성면 신장리	전라남도 영광군 법성면 신장리	4687037027
전라남도 영광군 법성면 용덕리	전라남도 영광군 법성면 용덕리	4687037030
전라남도 영광군 법성면 용성리	전라남도 영광군 법성면 용성리	4687037029
전라남도 영광군 법성면 월산리	전라남도 영광군 법성면 월산리	4687037028
전라남도 영광군 법성면 입암리	전라남도 영광군 법성면 입암리	4687037026
전라남도 영광군 법성면 진내리	전라남도 영광군 법성면 진내리	4687037021
전라남도 영광군 법성면 화천리	전라남도 영광군 법성면 화천리	4687037023
전라남도 영광군 불갑면 건무리	전라남도 영광군 불갑면 건무리	4687033029
전라남도 영광군 불갑면 금계리	전라남도 영광군 불갑면 금계리	4687033023
전라남도 영광군 불갑면 녹산리	전라남도 영광군 불갑면 녹산리	4687033022
전라남도 영광군 불갑면 모악리	전라남도 영광군 불갑면 모악리	4687033026
전라남도 영광군 불갑면 방마리	전라남도 영광군 불갑면 방마리	4687033024
전라남도 영광군 불갑면 부춘리	전라남도 영광군 불갑면 부춘리	4687033030
전라남도 영광군 불갑면 생곡리	전라남도 영광군 불갑면 생곡리	4687033033
전라남도 영광군 불갑면 순용리	전라남도 영광군 불갑면 순용리	4687033021
전라남도 영광군 불갑면 쌍운리	전라남도 영광군 불갑면 쌍운리	4687033028
전라남도 영광군 불갑면 안맹리	전라남도 영광군 불갑면 안맹리	4687033027
전라남도 영광군 불갑면 우곡리	전라남도 영광군 불갑면 우곡리	4687033032
전라남도 영광군 불갑면 응봉리	전라남도 영광군 불갑면 응봉리	4687033031
전라남도 영광군 불갑면 자비리	전라남도 영광군 불갑면 자비리	4687033025
전라남도 영광군 염산면 두우리	전라남도 영광군 염산면 두우리	4687036027
전라남도 영광군 염산면 봉남리	전라남도 영광군 염산면 봉남리	4687036023
전라남도 영광군 염산면 상계리	전라남도 영광군 염산면 상계리	4687036022
전라남도 영광군 염산면 송암리	전라남도 영광군 염산면 송암리	4687036025
전라남도 영광군 염산면 신성리	전라남도 영광군 염산면 신성리	4687036024
전라남도 영광군 염산면 야월리	전라남도 영광군 염산면 야월리	4687036026
전라남도 영광군 염산면 오동리	전라남도 영광군 염산면 오동리	4687036028
전라남도 영광군 염산면 옥실리	전라남도 영광군 염산면 옥실리	4687036029
전라남도 영광군 염산면 축동리	전라남도 영광군 염산면 축동리	4687036021
전라남도 영광군 영광읍 계송리	전라남도 영광군 영광읍 계송리	4687025033
전라남도 영광군 영광읍 교촌리	전라남도 영광군 영광읍 교촌리	4687025025
전라남도 영광군 영광읍 남천리	전라남도 영광군 영광읍 남천리	4687025023
전라남도 영광군 영광읍 녹사리	전라남도 영광군 영광읍 녹사리	4687025036
전라남도 영광군 영광읍 단주리	전라남도 영광군 영광읍 단주리	4687025028
전라남도 영광군 영광읍 덕호리	전라남도 영광군 영광읍 덕호리	4687025029
전라남도 영광군 영광읍 도동리	전라남도 영광군 영광읍 도동리	4687025024
전라남도 영광군 영광읍 무령리	전라남도 영광군 영광읍 무령리	4687025021
전라남도 영광군 영광읍 백학리	전라남도 영광군 영광읍 백학리	4687025022
전라남도 영광군 영광읍 송림리	전라남도 영광군 영광읍 송림리	4687025038
전라남도 영광군 영광읍 신월리	전라남도 영광군 영광읍 신월리	4687025030
전라남도 영광군 영광읍 신하리	전라남도 영광군 영광읍 신하리	4687025039
전라남도 영광군 영광읍 양평리	전라남도 영광군 영광읍 양평리	4687025031
전라남도 영광군 영광읍 연성리	전라남도 영광군 영광읍 연성리	4687025026
전라남도 영광군 영광읍 와룡리	전라남도 영광군 영광읍 와룡리	4687025032
전라남도 영광군 영광읍 우평리	전라남도 영광군 영광읍 우평리	4687025035
전라남도 영광군 영광읍 월평리	전라남도 영광군 영광읍 월평리	4687025027
전라남도 영광군 영광읍 입석리	전라남도 영광군 영광읍 입석리	4687025034
전라남도 영광군 영광읍 학정리	전라남도 영광군 영광읍 학정리	4687025037
전라남도 영광군 홍농읍 가곡리	전라남도 영광군 홍농읍 가곡리	4687025627
전라남도 영광군 홍농읍 계마리	전라남도 영광군 홍농읍 계마리	4687025623
전라남도 영광군 홍농읍 단덕리	전라남도 영광군 홍농읍 단덕리	4687025628
전라남도 영광군 홍농읍 상하리	전라남도 영광군 홍농읍 상하리	4687025621
전라남도 영광군 홍농읍 성산리	전라남도 영광군 홍농읍 성산리	4687025624
전라남도 영광군 홍농읍 신석리	전라남도 영광군 홍농읍 신석리	4687025629
전라남도 영광군 홍농읍 월암리	전라남도 영광군 홍농읍 월암리	4687025626
전라남도 영광군 홍농읍 진덕리	전라남도 영광군 홍농읍 진덕리	4687025625
전라남도 영광군 홍농읍 칠곡리	전라남도 영광군 홍농읍 칠곡리	4687025622
전라남도 영암군 군서면 도갑리	전라남도 영암군 군서면 도갑리	4683036029
전라남도 영암군 군서면 도장리	전라남도 영암군 군서면 도장리	4683036031
전라남도 영암군 군서면 동구림리	전라남도 영암군 군서면 동구림리	4683036028
전라남도 영암군 군서면 동호리	전라남도 영암군 군서면 동호리	4683036024
전라남도 영암군 군서면 마산리	전라남도 영암군 군서면 마산리	4683036022
전라남도 영암군 군서면 모정리	전라남도 영암군 군서면 모정리	4683036026
전라남도 영암군 군서면 서구림리	전라남도 영암군 군서면 서구림리	4683036027
전라남도 영암군 군서면 성양리	전라남도 영암군 군서면 성양리	4683036023
전라남도 영암군 군서면 양장리	전라남도 영암군 군서면 양장리	4683036025
전라남도 영암군 군서면 월곡리	전라남도 영암군 군서면 월곡리	4683036030
전라남도 영암군 군서면 해창리	전라남도 영암군 군서면 해창리	4683036021
전라남도 영암군 금정면 남송리	전라남도 영암군 금정면 남송리	4683032025
전라남도 영암군 금정면 세류리	전라남도 영암군 금정면 세류리	4683032031
전라남도 영암군 금정면 쌍효리	전라남도 영암군 금정면 쌍효리	4683032030
전라남도 영암군 금정면 아천리	전라남도 영암군 금정면 아천리	4683032022
전라남도 영암군 금정면 안노리	전라남도 영암군 금정면 안노리	4683032026
전라남도 영암군 금정면 연보리	전라남도 영암군 금정면 연보리	4683032021
전라남도 영암군 금정면 연소리	전라남도 영암군 금정면 연소리	4683032028
전라남도 영암군 금정면 와운리	전라남도 영암군 금정면 와운리	4683032027
전라남도 영암군 금정면 용흥리	전라남도 영암군 금정면 용흥리	4683032024
전라남도 영암군 금정면 월평리	전라남도 영암군 금정면 월평리	4683032023
전라남도 영암군 금정면 청용리	전라남도 영암군 금정면 청용리	4683032029
전라남도 영암군 덕진면 금강리	전라남도 영암군 덕진면 금강리	4683031028
전라남도 영암군 덕진면 노송리	전라남도 영암군 덕진면 노송리	4683031021
전라남도 영암군 덕진면 덕진리	전라남도 영암군 덕진면 덕진리	4683031027
전라남도 영암군 덕진면 백계리	전라남도 영암군 덕진면 백계리	4683031024
전라남도 영암군 덕진면 영등리	전라남도 영암군 덕진면 영등리	4683031025
전라남도 영암군 덕진면 영보리	전라남도 영암군 덕진면 영보리	4683031023
전라남도 영암군 덕진면 용산리	전라남도 영암군 덕진면 용산리	4683031026
전라남도 영암군 덕진면 운암리	전라남도 영암군 덕진면 운암리	4683031022
전라남도 영암군 덕진면 장선리	전라남도 영암군 덕진면 장선리	4683031029
전라남도 영암군 도포면 구학리	전라남도 영암군 도포면 구학리	4683035025
전라남도 영암군 도포면 덕화리	전라남도 영암군 도포면 덕화리	4683035023
전라남도 영암군 도포면 도포리	전라남도 영암군 도포면 도포리	4683035024
전라남도 영암군 도포면 봉호리	전라남도 영암군 도포면 봉호리	4683035022
전라남도 영암군 도포면 성산리	전라남도 영암군 도포면 성산리	4683035027
전라남도 영암군 도포면 수산리	전라남도 영암군 도포면 수산리	4683035028
전라남도 영암군 도포면 영호리	전라남도 영암군 도포면 영호리	4683035026
전라남도 영암군 도포면 원항리	전라남도 영암군 도포면 원항리	4683035021
전라남도 영암군 미암면 남산리	전라남도 영암군 미암면 남산리	4683039024
전라남도 영암군 미암면 두억리	전라남도 영암군 미암면 두억리	4683039021
전라남도 영암군 미암면 미암리	전라남도 영암군 미암면 미암리	4683039022
전라남도 영암군 미암면 선황리	전라남도 영암군 미암면 선황리	4683039023
전라남도 영암군 미암면 신포리	전라남도 영암군 미암면 신포리	4683039028
전라남도 영암군 미암면 신한리	전라남도 영암군 미암면 신한리	4683039027
전라남도 영암군 미암면 채지리	전라남도 영암군 미암면 채지리	4683039026
전라남도 영암군 미암면 춘동리	전라남도 영암군 미암면 춘동리	4683039025
전라남도 영암군 미암면 호포리	전라남도 영암군 미암면 호포리	4683039029
전라남도 영암군 삼호읍 나불리	전라남도 영암군 삼호읍 나불리	4683025330
전라남도 영암군 삼호읍 난전리	전라남도 영암군 삼호읍 난전리	4683025327
전라남도 영암군 삼호읍 동호리	전라남도 영암군 삼호읍 동호리	4683025324
전라남도 영암군 삼호읍 망산리	전라남도 영암군 삼호읍 망산리	4683025322
전라남도 영암군 삼호읍 산호리	전라남도 영암군 삼호읍 산호리	4683025325
전라남도 영암군 삼호읍 삼포리	전라남도 영암군 삼호읍 삼포리	4683025328
전라남도 영암군 삼호읍 서창리	전라남도 영암군 삼호읍 서창리	4683025321
전라남도 영암군 삼호읍 서호리	전라남도 영암군 삼호읍 서호리	4683025323
전라남도 영암군 삼호읍 용당리	전라남도 영암군 삼호읍 용당리	4683025329
전라남도 영암군 삼호읍 용앙리	전라남도 영암군 삼호읍 용앙리	4683025326
전라남도 영암군 서호면 금강리	전라남도 영암군 서호면 금강리	4683037029
전라남도 영암군 서호면 몽해리	전라남도 영암군 서호면 몽해리	4683037021
전라남도 영암군 서호면 성재리	전라남도 영암군 서호면 성재리	4683037028
전라남도 영암군 서호면 소산리	전라남도 영암군 서호면 소산리	4683037027
전라남도 영암군 서호면 쌍풍리	전라남도 영암군 서호면 쌍풍리	4683037026
전라남도 영암군 서호면 엄길리	전라남도 영암군 서호면 엄길리	4683037024
전라남도 영암군 서호면 장천리	전라남도 영암군 서호면 장천리	4683037025
전라남도 영암군 서호면 청용리	전라남도 영암군 서호면 청용리	4683037023
전라남도 영암군 서호면 태백리	전라남도 영암군 서호면 태백리	4683037030
전라남도 영암군 서호면 화송리	전라남도 영암군 서호면 화송리	4683037022
전라남도 영암군 시종면 구산리	전라남도 영암군 시종면 구산리	4683034022
전라남도 영암군 시종면 금지리	전라남도 영암군 시종면 금지리	4683034031
전라남도 영암군 시종면 내동리	전라남도 영암군 시종면 내동리	4683034026
전라남도 영암군 시종면 만수리	전라남도 영암군 시종면 만수리	4683034027
전라남도 영암군 시종면 봉소리	전라남도 영암군 시종면 봉소리	4683034023
전라남도 영암군 시종면 신연리	전라남도 영암군 시종면 신연리	4683034033
전라남도 영암군 시종면 신학리	전라남도 영암군 시종면 신학리	4683034024
전라남도 영암군 시종면 신흥리	전라남도 영암군 시종면 신흥리	4683034032
전라남도 영암군 시종면 옥야리	전라남도 영암군 시종면 옥야리	4683034034
전라남도 영암군 시종면 와우리	전라남도 영암군 시종면 와우리	4683034021
전라남도 영암군 시종면 월롱리	전라남도 영암군 시종면 월롱리	4683034029
전라남도 영암군 시종면 월송리	전라남도 영암군 시종면 월송리	4683034025
전라남도 영암군 시종면 월악리	전라남도 영암군 시종면 월악리	4683034030
전라남도 영암군 시종면 태간리	전라남도 영암군 시종면 태간리	4683034028
전라남도 영암군 신북면 갈곡리	전라남도 영암군 신북면 갈곡리	4683033024
전라남도 영암군 신북면 금수리	전라남도 영암군 신북면 금수리	4683033022
전라남도 영암군 신북면 명동리	전라남도 영암군 신북면 명동리	4683033028
전라남도 영암군 신북면 모산리	전라남도 영암군 신북면 모산리	4683033021
전라남도 영암군 신북면 양계리	전라남도 영암군 신북면 양계리	4683033026
전라남도 영암군 신북면 용산리	전라남도 영암군 신북면 용산리	4683033033
전라남도 영암군 신북면 월지리	전라남도 영암군 신북면 월지리	4683033032
전라남도 영암군 신북면 월평리	전라남도 영암군 신북면 월평리	4683033030
전라남도 영암군 신북면 유곡리	전라남도 영암군 신북면 유곡리	4683033023
전라남도 영암군 신북면 이천리	전라남도 영암군 신북면 이천리	4683033029
전라남도 영암군 신북면 장산리	전라남도 영암군 신북면 장산리	4683033027
전라남도 영암군 신북면 학동리	전라남도 영암군 신북면 학동리	4683033025
전라남도 영암군 신북면 행정리	전라남도 영암군 신북면 행정리	4683033031
전라남도 영암군 영암읍 개신리	전라남도 영암군 영암읍 개신리	4683025029
전라남도 영암군 영암읍 교동리	전라남도 영암군 영암읍 교동리	4683025022
전라남도 영암군 영암읍 남풍리	전라남도 영암군 영암읍 남풍리	4683025025
전라남도 영암군 영암읍 농덕리	전라남도 영암군 영암읍 농덕리	4683025034
전라남도 영암군 영암읍 대신리	전라남도 영암군 영암읍 대신리	4683025032
전라남도 영암군 영암읍 동무리	전라남도 영암군 영암읍 동무리	4683025024
전라남도 영암군 영암읍 망호리	전라남도 영암군 영암읍 망호리	4683025030
전라남도 영암군 영암읍 서남리	전라남도 영암군 영암읍 서남리	4683025023
전라남도 영암군 영암읍 송평리	전라남도 영암군 영암읍 송평리	4683025031
전라남도 영암군 영암읍 역리	전라남도 영암군 영암읍 역리	4683025026
전라남도 영암군 영암읍 용흥리	전라남도 영암군 영암읍 용흥리	4683025028
전라남도 영암군 영암읍 장암리	전라남도 영암군 영암읍 장암리	4683025033
전라남도 영암군 영암읍 춘양리	전라남도 영암군 영암읍 춘양리	4683025027
전라남도 영암군 영암읍 학송리	전라남도 영암군 영암읍 학송리	4683025035
전라남도 영암군 영암읍 한대리	전라남도 영암군 영암읍 한대리	4683025036
전라남도 영암군 영암읍 회문리	전라남도 영암군 영암읍 회문리	4683025021
전라남도 영암군 학산면 금계리	전라남도 영암군 학산면 금계리	4683038026
전라남도 영암군 학산면 독천리	전라남도 영암군 학산면 독천리	4683038027
전라남도 영암군 학산면 매월리	전라남도 영암군 학산면 매월리	4683038030
전라남도 영암군 학산면 묵동리	전라남도 영암군 학산면 묵동리	4683038021
전라남도 영암군 학산면 상월리	전라남도 영암군 학산면 상월리	4683038022
전라남도 영암군 학산면 신덕리	전라남도 영암군 학산면 신덕리	4683038028
전라남도 영암군 학산면 용산리	전라남도 영암군 학산면 용산리	4683038023
전라남도 영암군 학산면 용소리	전라남도 영암군 학산면 용소리	4683038025
전라남도 영암군 학산면 은곡리	전라남도 영암군 학산면 은곡리	4683038029
전라남도 영암군 학산면 학계리	전라남도 영암군 학산면 학계리	4683038024
전라남도 완도군 고금면 가교리	전라남도 완도군 고금면 가교리	4689033029
전라남도 완도군 고금면 농상리	전라남도 완도군 고금면 농상리	4689033021
전라남도 완도군 고금면 덕동리	전라남도 완도군 고금면 덕동리	4689033030
전라남도 완도군 고금면 덕암리	전라남도 완도군 고금면 덕암리	4689033022
전라남도 완도군 고금면 도남리	전라남도 완도군 고금면 도남리	4689033023
전라남도 완도군 고금면 봉명리	전라남도 완도군 고금면 봉명리	4689033026
전라남도 완도군 고금면 상정리	전라남도 완도군 고금면 상정리	4689033027
전라남도 완도군 고금면 세동리	전라남도 완도군 고금면 세동리	4689033028
전라남도 완도군 고금면 청용리	전라남도 완도군 고금면 청용리	4689033024
전라남도 완도군 고금면 회룡리	전라남도 완도군 고금면 회룡리	4689033025
전라남도 완도군 군외면 당인리	전라남도 완도군 군외면 당인리	4689031028
전라남도 완도군 군외면 대문리	전라남도 완도군 군외면 대문리	4689031026
전라남도 완도군 군외면 불목리	전라남도 완도군 군외면 불목리	4689031022
전라남도 완도군 군외면 삼두리	전라남도 완도군 군외면 삼두리	4689031027
전라남도 완도군 군외면 신학리	전라남도 완도군 군외면 신학리	4689031025
전라남도 완도군 군외면 영풍리	전라남도 완도군 군외면 영풍리	4689031021
전라남도 완도군 군외면 원동리	전라남도 완도군 군외면 원동리	4689031024
전라남도 완도군 군외면 황진리	전라남도 완도군 군외면 황진리	4689031023
전라남도 완도군 금당면 가학리	전라남도 완도군 금당면 가학리	4689037023
전라남도 완도군 금당면 육산리	전라남도 완도군 금당면 육산리	4689037022
전라남도 완도군 금당면 차우리	전라남도 완도군 금당면 차우리	4689037021
전라남도 완도군 금일읍 동백리	전라남도 완도군 금일읍 동백리	4689025327
전라남도 완도군 금일읍 사동리	전라남도 완도군 금일읍 사동리	4689025328
전라남도 완도군 금일읍 신구리	전라남도 완도군 금일읍 신구리	4689025322
전라남도 완도군 금일읍 월송리	전라남도 완도군 금일읍 월송리	4689025326
전라남도 완도군 금일읍 장원리	전라남도 완도군 금일읍 장원리	4689025329
전라남도 완도군 금일읍 장정리	전라남도 완도군 금일읍 장정리	4689025324
전라남도 완도군 금일읍 척치리	전라남도 완도군 금일읍 척치리	4689025323
전라남도 완도군 금일읍 충동리	전라남도 완도군 금일읍 충동리	4689025325
전라남도 완도군 금일읍 화목리	전라남도 완도군 금일읍 화목리	4689025321
전라남도 완도군 노화읍 고막리	전라남도 완도군 노화읍 고막리	4689025624
전라남도 완도군 노화읍 구석리	전라남도 완도군 노화읍 구석리	4689025626
전라남도 완도군 노화읍 내리	전라남도 완도군 노화읍 내리	4689025629
전라남도 완도군 노화읍 도청리	전라남도 완도군 노화읍 도청리	4689025622
전라남도 완도군 노화읍 동천리	전라남도 완도군 노화읍 동천리	4689025627
전라남도 완도군 노화읍 등산리	전라남도 완도군 노화읍 등산리	4689025623
전라남도 완도군 노화읍 방서리	전라남도 완도군 노화읍 방서리	4689025630
전라남도 완도군 노화읍 신양리	전라남도 완도군 노화읍 신양리	4689025625
전라남도 완도군 노화읍 이포리	전라남도 완도군 노화읍 이포리	4689025621
전라남도 완도군 노화읍 충도리	전라남도 완도군 노화읍 충도리	4689025628
전라남도 완도군 보길면 부황리	전라남도 완도군 보길면 부황리	4689038023
전라남도 완도군 보길면 예송리	전라남도 완도군 보길면 예송리	4689038022
전라남도 완도군 보길면 정자리	전라남도 완도군 보길면 정자리	4689038024
전라남도 완도군 보길면 중통리	전라남도 완도군 보길면 중통리	4689038021
전라남도 완도군 생일면 금곡리	전라남도 완도군 생일면 금곡리	4689039022
전라남도 완도군 생일면 봉선리	전라남도 완도군 생일면 봉선리	4689039023
전라남도 완도군 생일면 유서리	전라남도 완도군 생일면 유서리	4689039021
전라남도 완도군 소안면 가학리	전라남도 완도군 소안면 가학리	4689036023
전라남도 완도군 소안면 당사리	전라남도 완도군 소안면 당사리	4689036027
전라남도 완도군 소안면 맹선리	전라남도 완도군 소안면 맹선리	4689036024
전라남도 완도군 소안면 미라리	전라남도 완도군 소안면 미라리	4689036026
전라남도 완도군 소안면 비자리	전라남도 완도군 소안면 비자리	4689036021
전라남도 완도군 소안면 이월리	전라남도 완도군 소안면 이월리	4689036022
전라남도 완도군 소안면 진산리	전라남도 완도군 소안면 진산리	4689036025
전라남도 완도군 소안면 횡간리	전라남도 완도군 소안면 횡간리	4689036028
전라남도 완도군 신지면 대곡리	전라남도 완도군 신지면 대곡리	4689032022
전라남도 완도군 신지면 동고리	전라남도 완도군 신지면 동고리	4689032026
전라남도 완도군 신지면 송곡리	전라남도 완도군 신지면 송곡리	4689032021
전라남도 완도군 신지면 신리	전라남도 완도군 신지면 신리	4689032025
전라남도 완도군 신지면 신상리	전라남도 완도군 신지면 신상리	4689032023
전라남도 완도군 신지면 월양리	전라남도 완도군 신지면 월양리	4689032024
전라남도 완도군 약산면 관산리	전라남도 완도군 약산면 관산리	4689034023
전라남도 완도군 약산면 득암리	전라남도 완도군 약산면 득암리	4689034024
전라남도 완도군 약산면 우두리	전라남도 완도군 약산면 우두리	4689034022
전라남도 완도군 약산면 장용리	전라남도 완도군 약산면 장용리	4689034021
전라남도 완도군 약산면 해동리	전라남도 완도군 약산면 해동리	4689034025
전라남도 완도군 완도읍 가용리	전라남도 완도군 완도읍 가용리	4689025022
전라남도 완도군 완도읍 군내리	전라남도 완도군 완도읍 군내리	4689025021
전라남도 완도군 완도읍 대신리	전라남도 완도군 완도읍 대신리	4689025030
전라남도 완도군 완도읍 대야리	전라남도 완도군 완도읍 대야리	4689025025
전라남도 완도군 완도읍 망석리	전라남도 완도군 완도읍 망석리	4689025026
전라남도 완도군 완도읍 장좌리	전라남도 완도군 완도읍 장좌리	4689025024
전라남도 완도군 완도읍 정도리	전라남도 완도군 완도읍 정도리	4689025028
전라남도 완도군 완도읍 죽청리	전라남도 완도군 완도읍 죽청리	4689025023
전라남도 완도군 완도읍 중도리	전라남도 완도군 완도읍 중도리	4689025027
전라남도 완도군 완도읍 화흥리	전라남도 완도군 완도읍 화흥리	4689025029
전라남도 완도군 청산면 국산리	전라남도 완도군 청산면 국산리	4689035030
전라남도 완도군 청산면 당락리	전라남도 완도군 청산면 당락리	4689035022
전라남도 완도군 청산면 도청리	전라남도 완도군 청산면 도청리	4689035021
전라남도 완도군 청산면 동촌리	전라남도 완도군 청산면 동촌리	4689035028
전라남도 완도군 청산면 모도리	전라남도 완도군 청산면 모도리	4689035032
전라남도 완도군 청산면 부흥리	전라남도 완도군 청산면 부흥리	4689035025
전라남도 완도군 청산면 상동리	전라남도 완도군 청산면 상동리	4689035027
전라남도 완도군 청산면 신흥리	전라남도 완도군 청산면 신흥리	4689035029
전라남도 완도군 청산면 양중리	전라남도 완도군 청산면 양중리	4689035026
전라남도 완도군 청산면 여서리	전라남도 완도군 청산면 여서리	4689035033
전라남도 완도군 청산면 읍리	전라남도 완도군 청산면 읍리	4689035023
전라남도 완도군 청산면 지리	전라남도 완도군 청산면 지리	4689035031
전라남도 완도군 청산면 청계리	전라남도 완도군 청산면 청계리	4689035024
전라남도 장성군 남면 녹진리	전라남도 장성군 남면 녹진리	4688032022
전라남도 장성군 남면 덕성리	전라남도 장성군 남면 덕성리	4688032023
전라남도 장성군 남면 마령리	전라남도 장성군 남면 마령리	4688032024
전라남도 장성군 남면 분향리	전라남도 장성군 남면 분향리	4688032021
전라남도 장성군 남면 삼태리	전라남도 장성군 남면 삼태리	4688032028
전라남도 장성군 남면 월곡리	전라남도 장성군 남면 월곡리	4688032029
전라남도 장성군 남면 월정리	전라남도 장성군 남면 월정리	4688032027
전라남도 장성군 남면 평산리	전라남도 장성군 남면 평산리	4688032025
전라남도 장성군 남면 행정리	전라남도 장성군 남면 행정리	4688032026
전라남도 장성군 동화면 구룡리	전라남도 장성군 동화면 구룡리	4688033028
전라남도 장성군 동화면 구림리	전라남도 장성군 동화면 구림리	4688033024
전라남도 장성군 동화면 남산리	전라남도 장성군 동화면 남산리	4688033026
전라남도 장성군 동화면 남평리	전라남도 장성군 동화면 남평리	4688033025
전라남도 장성군 동화면 동호리	전라남도 장성군 동화면 동호리	4688033022
전라남도 장성군 동화면 서양리	전라남도 장성군 동화면 서양리	4688033023
전라남도 장성군 동화면 송계리	전라남도 장성군 동화면 송계리	4688033029
전라남도 장성군 동화면 용정리	전라남도 장성군 동화면 용정리	4688033021
전라남도 장성군 동화면 월산리	전라남도 장성군 동화면 월산리	4688033027
전라남도 장성군 북이면 달성리	전라남도 장성군 북이면 달성리	4688039024
전라남도 장성군 북이면 만무리	전라남도 장성군 북이면 만무리	4688039027
전라남도 장성군 북이면 모현리	전라남도 장성군 북이면 모현리	4688039029
전라남도 장성군 북이면 백암리	전라남도 장성군 북이면 백암리	4688039025
전라남도 장성군 북이면 사거리	전라남도 장성군 북이면 사거리	4688039021
전라남도 장성군 북이면 수성리	전라남도 장성군 북이면 수성리	4688039030
전라남도 장성군 북이면 신월리	전라남도 장성군 북이면 신월리	4688039028
전라남도 장성군 북이면 신평리	전라남도 장성군 북이면 신평리	4688039023
전라남도 장성군 북이면 오월리	전라남도 장성군 북이면 오월리	4688039031
전라남도 장성군 북이면 원덕리	전라남도 장성군 북이면 원덕리	4688039022
전라남도 장성군 북이면 조양리	전라남도 장성군 북이면 조양리	4688039032
전라남도 장성군 북이면 죽청리	전라남도 장성군 북이면 죽청리	4688039026
전라남도 장성군 북일면 문암리	전라남도 장성군 북일면 문암리	4688038027
전라남도 장성군 북일면 박산리	전라남도 장성군 북일면 박산리	4688038022
전라남도 장성군 북일면 성덕리	전라남도 장성군 북일면 성덕리	4688038026
전라남도 장성군 북일면 성산리	전라남도 장성군 북일면 성산리	4688038025
전라남도 장성군 북일면 신흥리	전라남도 장성군 북일면 신흥리	4688038021
전라남도 장성군 북일면 오산리	전라남도 장성군 북일면 오산리	4688038023
전라남도 장성군 북일면 월계리	전라남도 장성군 북일면 월계리	4688038024
전라남도 장성군 북하면 단전리	전라남도 장성군 북하면 단전리	4688040023
전라남도 장성군 북하면 대악리	전라남도 장성군 북하면 대악리	4688040022
전라남도 장성군 북하면 대흥리	전라남도 장성군 북하면 대흥리	4688040028
전라남도 장성군 북하면 덕재리	전라남도 장성군 북하면 덕재리	4688040029
전라남도 장성군 북하면 동현리	전라남도 장성군 북하면 동현리	4688040030
전라남도 장성군 북하면 성암리	전라남도 장성군 북하면 성암리	4688040027
전라남도 장성군 북하면 신성리	전라남도 장성군 북하면 신성리	4688040032
전라남도 장성군 북하면 쌍웅리	전라남도 장성군 북하면 쌍웅리	4688040031
전라남도 장성군 북하면 약수리	전라남도 장성군 북하면 약수리	4688040025
전라남도 장성군 북하면 용두리	전라남도 장성군 북하면 용두리	4688040024
전라남도 장성군 북하면 월성리	전라남도 장성군 북하면 월성리	4688040021
전라남도 장성군 북하면 중평리	전라남도 장성군 북하면 중평리	4688040026
전라남도 장성군 삼계면 내계리	전라남도 장성군 삼계면 내계리	4688035035
전라남도 장성군 삼계면 능성리	전라남도 장성군 삼계면 능성리	4688035025
전라남도 장성군 삼계면 덕산리	전라남도 장성군 삼계면 덕산리	4688035028
전라남도 장성군 삼계면 발산리	전라남도 장성군 삼계면 발산리	4688035026
전라남도 장성군 삼계면 부성리	전라남도 장성군 삼계면 부성리	4688035032
전라남도 장성군 삼계면 사창리	전라남도 장성군 삼계면 사창리	4688035021
전라남도 장성군 삼계면 상도리	전라남도 장성군 삼계면 상도리	4688035024
전라남도 장성군 삼계면 생촌리	전라남도 장성군 삼계면 생촌리	4688035031
전라남도 장성군 삼계면 수산리	전라남도 장성군 삼계면 수산리	4688035029
전라남도 장성군 삼계면 수옥리	전라남도 장성군 삼계면 수옥리	4688035027
전라남도 장성군 삼계면 신기리	전라남도 장성군 삼계면 신기리	4688035034
전라남도 장성군 삼계면 월연리	전라남도 장성군 삼계면 월연리	4688035022
전라남도 장성군 삼계면 주산리	전라남도 장성군 삼계면 주산리	4688035023
전라남도 장성군 삼계면 죽림리	전라남도 장성군 삼계면 죽림리	4688035030
전라남도 장성군 삼계면 화산리	전라남도 장성군 삼계면 화산리	4688035033
전라남도 장성군 삼서면 금산리	전라남도 장성군 삼서면 금산리	4688034029
전라남도 장성군 삼서면 대곡리	전라남도 장성군 삼서면 대곡리	4688034021
전라남도 장성군 삼서면 대도리	전라남도 장성군 삼서면 대도리	4688034025
전라남도 장성군 삼서면 두월리	전라남도 장성군 삼서면 두월리	4688034032
전라남도 장성군 삼서면 보생리	전라남도 장성군 삼서면 보생리	4688034031
전라남도 장성군 삼서면 삼계리	전라남도 장성군 삼서면 삼계리	4688034022
전라남도 장성군 삼서면 석마리	전라남도 장성군 삼서면 석마리	4688034030
전라남도 장성군 삼서면 소룡리	전라남도 장성군 삼서면 소룡리	4688034026
전라남도 장성군 삼서면 수양리	전라남도 장성군 삼서면 수양리	4688034034
전라남도 장성군 삼서면 수해리	전라남도 장성군 삼서면 수해리	4688034027
전라남도 장성군 삼서면 우치리	전라남도 장성군 삼서면 우치리	4688034028
전라남도 장성군 삼서면 유평리	전라남도 장성군 삼서면 유평리	4688034023
전라남도 장성군 삼서면 학성리	전라남도 장성군 삼서면 학성리	4688034024
전라남도 장성군 삼서면 홍정리	전라남도 장성군 삼서면 홍정리	4688034033
전라남도 장성군 서삼면 금계리	전라남도 장성군 서삼면 금계리	4688037026
전라남도 장성군 서삼면 대덕리	전라남도 장성군 서삼면 대덕리	4688037024
전라남도 장성군 서삼면 모암리	전라남도 장성군 서삼면 모암리	4688037023
전라남도 장성군 서삼면 송현리	전라남도 장성군 서삼면 송현리	4688037022
전라남도 장성군 서삼면 용흥리	전라남도 장성군 서삼면 용흥리	4688037027
전라남도 장성군 서삼면 장산리	전라남도 장성군 서삼면 장산리	4688037021
전라남도 장성군 서삼면 추암리	전라남도 장성군 서삼면 추암리	4688037025
전라남도 장성군 장성읍 기산리	전라남도 장성군 장성읍 기산리	4688025026
전라남도 장성군 장성읍 단광리	전라남도 장성군 장성읍 단광리	4688025025
전라남도 장성군 장성읍 덕진리	전라남도 장성군 장성읍 덕진리	4688025033
전라남도 장성군 장성읍 백계리	전라남도 장성군 장성읍 백계리	4688025030
전라남도 장성군 장성읍 봉덕리	전라남도 장성군 장성읍 봉덕리	4688025032
전라남도 장성군 장성읍 부흥리	전라남도 장성군 장성읍 부흥리	4688025029
전라남도 장성군 장성읍 상오리	전라남도 장성군 장성읍 상오리	4688025034
전라남도 장성군 장성읍 성산리	전라남도 장성군 장성읍 성산리	4688025022
전라남도 장성군 장성읍 수산리	전라남도 장성군 장성읍 수산리	4688025021
전라남도 장성군 장성읍 안평리	전라남도 장성군 장성읍 안평리	4688025028
전라남도 장성군 장성읍 야은리	전라남도 장성군 장성읍 야은리	4688025035
전라남도 장성군 장성읍 영천리	전라남도 장성군 장성읍 영천리	4688025024
전라남도 장성군 장성읍 용강리	전라남도 장성군 장성읍 용강리	4688025031
전라남도 장성군 장성읍 용곡리	전라남도 장성군 장성읍 용곡리	4688025036
전라남도 장성군 장성읍 유탕리	전라남도 장성군 장성읍 유탕리	4688025023
전라남도 장성군 장성읍 장안리	전라남도 장성군 장성읍 장안리	4688025027
전라남도 장성군 진원면 산동리	전라남도 장성군 진원면 산동리	4688031026
전라남도 장성군 진원면 산정리	전라남도 장성군 진원면 산정리	4688031022
전라남도 장성군 진원면 상림리	전라남도 장성군 진원면 상림리	4688031028
전라남도 장성군 진원면 선적리	전라남도 장성군 진원면 선적리	4688031023
전라남도 장성군 진원면 용산리	전라남도 장성군 진원면 용산리	4688031029
전라남도 장성군 진원면 율곡리	전라남도 장성군 진원면 율곡리	4688031021
전라남도 장성군 진원면 진원리	전라남도 장성군 진원면 진원리	4688031025
전라남도 장성군 진원면 학림리	전라남도 장성군 진원면 학림리	4688031027
전라남도 장성군 진원면 학전리	전라남도 장성군 진원면 학전리	4688031024
전라남도 장성군 황룡면 관동리	전라남도 장성군 황룡면 관동리	4688036032
전라남도 장성군 황룡면 금호리	전라남도 장성군 황룡면 금호리	4688036029
전라남도 장성군 황룡면 맥호리	전라남도 장성군 황룡면 맥호리	4688036031
전라남도 장성군 황룡면 신호리	전라남도 장성군 황룡면 신호리	4688036025
전라남도 장성군 황룡면 아곡리	전라남도 장성군 황룡면 아곡리	4688036028
전라남도 장성군 황룡면 옥정리	전라남도 장성군 황룡면 옥정리	4688036023
전라남도 장성군 황룡면 와룡리	전라남도 장성군 황룡면 와룡리	4688036022
전라남도 장성군 황룡면 월평리	전라남도 장성군 황룡면 월평리	4688036021
전라남도 장성군 황룡면 장산리	전라남도 장성군 황룡면 장산리	4688036026
전라남도 장성군 황룡면 통안리	전라남도 장성군 황룡면 통안리	4688036030
전라남도 장성군 황룡면 필암리	전라남도 장성군 황룡면 필암리	4688036027
전라남도 장성군 황룡면 황룡리	전라남도 장성군 황룡면 황룡리	4688036024
전라남도 장흥군 관산읍 고마리	전라남도 장흥군 관산읍 고마리	4680025336
전라남도 장흥군 관산읍 남송리	전라남도 장흥군 관산읍 남송리	4680025321
전라남도 장흥군 관산읍 농안리	전라남도 장흥군 관산읍 농안리	4680025324
전라남도 장흥군 관산읍 방촌리	전라남도 장흥군 관산읍 방촌리	4680025328
전라남도 장흥군 관산읍 부평리	전라남도 장흥군 관산읍 부평리	4680025323
전라남도 장흥군 관산읍 삼산리	전라남도 장흥군 관산읍 삼산리	4680025332
전라남도 장흥군 관산읍 성산리	전라남도 장흥군 관산읍 성산리	4680025322
전라남도 장흥군 관산읍 송촌리	전라남도 장흥군 관산읍 송촌리	4680025329
전라남도 장흥군 관산읍 신동리	전라남도 장흥군 관산읍 신동리	4680025331
전라남도 장흥군 관산읍 옥당리	전라남도 장흥군 관산읍 옥당리	4680025326
전라남도 장흥군 관산읍 외동리	전라남도 장흥군 관산읍 외동리	4680025333
전라남도 장흥군 관산읍 용전리	전라남도 장흥군 관산읍 용전리	4680025325
전라남도 장흥군 관산읍 죽교리	전라남도 장흥군 관산읍 죽교리	4680025327
전라남도 장흥군 관산읍 죽청리	전라남도 장흥군 관산읍 죽청리	4680025335
전라남도 장흥군 관산읍 지정리	전라남도 장흥군 관산읍 지정리	4680025330
전라남도 장흥군 관산읍 하발리	전라남도 장흥군 관산읍 하발리	4680025334
전라남도 장흥군 대덕읍 가학리	전라남도 장흥군 대덕읍 가학리	4680025629
전라남도 장흥군 대덕읍 도청리	전라남도 장흥군 대덕읍 도청리	4680025624
전라남도 장흥군 대덕읍 분토리	전라남도 장흥군 대덕읍 분토리	4680025627
전라남도 장흥군 대덕읍 신리	전라남도 장흥군 대덕읍 신리	4680025626
전라남도 장흥군 대덕읍 신월리	전라남도 장흥군 대덕읍 신월리	4680025623
전라남도 장흥군 대덕읍 연정리	전라남도 장흥군 대덕읍 연정리	4680025622
전라남도 장흥군 대덕읍 연지리	전라남도 장흥군 대덕읍 연지리	4680025621
전라남도 장흥군 대덕읍 옹암리	전라남도 장흥군 대덕읍 옹암리	4680025628
전라남도 장흥군 대덕읍 잠두리	전라남도 장흥군 대덕읍 잠두리	4680025625
전라남도 장흥군 부산면 구룡리	전라남도 장흥군 부산면 구룡리	4680036022
전라남도 장흥군 부산면 금자리	전라남도 장흥군 부산면 금자리	4680036026
전라남도 장흥군 부산면 기동리	전라남도 장흥군 부산면 기동리	4680036028
전라남도 장흥군 부산면 내안리	전라남도 장흥군 부산면 내안리	4680036021
전라남도 장흥군 부산면 부춘리	전라남도 장흥군 부산면 부춘리	4680036029
전라남도 장흥군 부산면 용반리	전라남도 장흥군 부산면 용반리	4680036025
전라남도 장흥군 부산면 유량리	전라남도 장흥군 부산면 유량리	4680036023
전라남도 장흥군 부산면 지천리	전라남도 장흥군 부산면 지천리	4680036024
전라남도 장흥군 부산면 호계리	전라남도 장흥군 부산면 호계리	4680036027
전라남도 장흥군 안양면 기산리	전라남도 장흥군 안양면 기산리	4680032021
전라남도 장흥군 안양면 당암리	전라남도 장흥군 안양면 당암리	4680032023
전라남도 장흥군 안양면 모령리	전라남도 장흥군 안양면 모령리	4680032026
전라남도 장흥군 안양면 비동리	전라남도 장흥군 안양면 비동리	4680032022
전라남도 장흥군 안양면 사촌리	전라남도 장흥군 안양면 사촌리	4680032032
전라남도 장흥군 안양면 수락리	전라남도 장흥군 안양면 수락리	4680032030
전라남도 장흥군 안양면 수문리	전라남도 장흥군 안양면 수문리	4680032031
전라남도 장흥군 안양면 수양리	전라남도 장흥군 안양면 수양리	4680032025
전라남도 장흥군 안양면 신촌리	전라남도 장흥군 안양면 신촌리	4680032029
전라남도 장흥군 안양면 운흥리	전라남도 장흥군 안양면 운흥리	4680032024
전라남도 장흥군 안양면 지천리	전라남도 장흥군 안양면 지천리	4680032027
전라남도 장흥군 안양면 학송리	전라남도 장흥군 안양면 학송리	4680032028
전라남도 장흥군 안양면 해창리	전라남도 장흥군 안양면 해창리	4680032033
전라남도 장흥군 용산면 계산리	전라남도 장흥군 용산면 계산리	4680031031
전라남도 장흥군 용산면 관지리	전라남도 장흥군 용산면 관지리	4680031026
전라남도 장흥군 용산면 금곡리	전라남도 장흥군 용산면 금곡리	4680031035
전라남도 장흥군 용산면 녹원리	전라남도 장흥군 용산면 녹원리	4680031025
전라남도 장흥군 용산면 덕암리	전라남도 장흥군 용산면 덕암리	4680031032
전라남도 장흥군 용산면 모산리	전라남도 장흥군 용산면 모산리	4680031030
전라남도 장흥군 용산면 상금리	전라남도 장흥군 용산면 상금리	4680031027
전라남도 장흥군 용산면 상발리	전라남도 장흥군 용산면 상발리	4680031034
전라남도 장흥군 용산면 어산리	전라남도 장흥군 용산면 어산리	4680031021
전라남도 장흥군 용산면 운주리	전라남도 장흥군 용산면 운주리	4680031022
전라남도 장흥군 용산면 월송리	전라남도 장흥군 용산면 월송리	4680031024
전라남도 장흥군 용산면 인암리	전라남도 장흥군 용산면 인암리	4680031029
전라남도 장흥군 용산면 접정리	전라남도 장흥군 용산면 접정리	4680031023
전라남도 장흥군 용산면 풍길리	전라남도 장흥군 용산면 풍길리	4680031033
전라남도 장흥군 유치면 관동리	전라남도 장흥군 유치면 관동리	4680035030
전라남도 장흥군 유치면 늑용리	전라남도 장흥군 유치면 늑용리	4680035025
전라남도 장흥군 유치면 단산리	전라남도 장흥군 유치면 단산리	4680035024
전라남도 장흥군 유치면 대리	전라남도 장흥군 유치면 대리	4680035021
전라남도 장흥군 유치면 대천리	전라남도 장흥군 유치면 대천리	4680035033
전라남도 장흥군 유치면 덕산리	전라남도 장흥군 유치면 덕산리	4680035035
전라남도 장흥군 유치면 반월리	전라남도 장흥군 유치면 반월리	4680035029
전라남도 장흥군 유치면 봉덕리	전라남도 장흥군 유치면 봉덕리	4680035032
전라남도 장흥군 유치면 송정리	전라남도 장흥군 유치면 송정리	4680035026
전라남도 장흥군 유치면 신월리	전라남도 장흥군 유치면 신월리	4680035023
전라남도 장흥군 유치면 신풍리	전라남도 장흥군 유치면 신풍리	4680035027
전라남도 장흥군 유치면 오복리	전라남도 장흥군 유치면 오복리	4680035022
전라남도 장흥군 유치면 용문리	전라남도 장흥군 유치면 용문리	4680035031
전라남도 장흥군 유치면 운월리	전라남도 장흥군 유치면 운월리	4680035034
전라남도 장흥군 유치면 원등리	전라남도 장흥군 유치면 원등리	4680035036
전라남도 장흥군 유치면 조양리	전라남도 장흥군 유치면 조양리	4680035028
전라남도 장흥군 장동면 만년리	전라남도 장흥군 장동면 만년리	4680033026
전라남도 장흥군 장동면 반산리	전라남도 장흥군 장동면 반산리	4680033024
전라남도 장흥군 장동면 배산리	전라남도 장흥군 장동면 배산리	4680033023
전라남도 장흥군 장동면 봉동리	전라남도 장흥군 장동면 봉동리	4680033021
전라남도 장흥군 장동면 북교리	전라남도 장흥군 장동면 북교리	4680033025
전라남도 장흥군 장동면 용곡리	전라남도 장흥군 장동면 용곡리	4680033028
전라남도 장흥군 장동면 조양리	전라남도 장흥군 장동면 조양리	4680033022
전라남도 장흥군 장동면 하산리	전라남도 장흥군 장동면 하산리	4680033027
전라남도 장흥군 장평면 광평리	전라남도 장흥군 장평면 광평리	4680034039
전라남도 장흥군 장평면 기동리	전라남도 장흥군 장평면 기동리	4680034030
전라남도 장흥군 장평면 내동리	전라남도 장흥군 장평면 내동리	4680034034
전라남도 장흥군 장평면 녹양리	전라남도 장흥군 장평면 녹양리	4680034032
전라남도 장흥군 장평면 두봉리	전라남도 장흥군 장평면 두봉리	4680034038
전라남도 장흥군 장평면 등촌리	전라남도 장흥군 장평면 등촌리	4680034022
전라남도 장흥군 장평면 병동리	전라남도 장흥군 장평면 병동리	4680034028
전라남도 장흥군 장평면 복흥리	전라남도 장흥군 장평면 복흥리	4680034036
전라남도 장흥군 장평면 봉림리	전라남도 장흥군 장평면 봉림리	4680034026
전라남도 장흥군 장평면 선정리	전라남도 장흥군 장평면 선정리	4680034031
전라남도 장흥군 장평면 양촌리	전라남도 장흥군 장평면 양촌리	4680034023
전라남도 장흥군 장평면 어곡리	전라남도 장흥군 장평면 어곡리	4680034035
전라남도 장흥군 장평면 용강리	전라남도 장흥군 장평면 용강리	4680034021
전라남도 장흥군 장평면 우산리	전라남도 장흥군 장평면 우산리	4680034027
전라남도 장흥군 장평면 임리	전라남도 장흥군 장평면 임리	4680034033
전라남도 장흥군 장평면 제산리	전라남도 장흥군 장평면 제산리	4680034025
전라남도 장흥군 장평면 진산리	전라남도 장흥군 장평면 진산리	4680034037
전라남도 장흥군 장평면 청용리	전라남도 장흥군 장평면 청용리	4680034029
전라남도 장흥군 장평면 축내리	전라남도 장흥군 장평면 축내리	4680034024
전라남도 장흥군 장흥읍 건산리	전라남도 장흥군 장흥읍 건산리	4680025037
전라남도 장흥군 장흥읍 관덕리	전라남도 장흥군 장흥읍 관덕리	4680025044
전라남도 장흥군 장흥읍 교촌리	전라남도 장흥군 장흥읍 교촌리	4680025026
전라남도 장흥군 장흥읍 금산리	전라남도 장흥군 장흥읍 금산리	4680025040
전라남도 장흥군 장흥읍 기양리	전라남도 장흥군 장흥읍 기양리	4680025023
전라남도 장흥군 장흥읍 남동리	전라남도 장흥군 장흥읍 남동리	4680025022
전라남도 장흥군 장흥읍 남외리	전라남도 장흥군 장흥읍 남외리	4680025025
전라남도 장흥군 장흥읍 덕제리	전라남도 장흥군 장흥읍 덕제리	4680025034
전라남도 장흥군 장흥읍 동동리	전라남도 장흥군 장흥읍 동동리	4680025021
전라남도 장흥군 장흥읍 사안리	전라남도 장흥군 장흥읍 사안리	4680025030
전라남도 장흥군 장흥읍 삼산리	전라남도 장흥군 장흥읍 삼산리	4680025039
전라남도 장흥군 장흥읍 상리	전라남도 장흥군 장흥읍 상리	4680025042
전라남도 장흥군 장흥읍 성불리	전라남도 장흥군 장흥읍 성불리	4680025029
전라남도 장흥군 장흥읍 송암리	전라남도 장흥군 장흥읍 송암리	4680025032
전라남도 장흥군 장흥읍 순지리	전라남도 장흥군 장흥읍 순지리	4680025028
전라남도 장흥군 장흥읍 연산리	전라남도 장흥군 장흥읍 연산리	4680025047
전라남도 장흥군 장흥읍 영전리	전라남도 장흥군 장흥읍 영전리	4680025031
전라남도 장흥군 장흥읍 예양리	전라남도 장흥군 장흥읍 예양리	4680025024
전라남도 장흥군 장흥읍 우산리	전라남도 장흥군 장흥읍 우산리	4680025048
전라남도 장흥군 장흥읍 원도리	전라남도 장흥군 장흥읍 원도리	4680025045
전라남도 장흥군 장흥읍 축내리	전라남도 장흥군 장흥읍 축내리	4680025043
전라남도 장흥군 장흥읍 충열리	전라남도 장흥군 장흥읍 충열리	4680025027
전라남도 장흥군 장흥읍 평장리	전라남도 장흥군 장흥읍 평장리	4680025033
전라남도 장흥군 장흥읍 평화리	전라남도 장흥군 장흥읍 평화리	4680025035
전라남도 장흥군 장흥읍 해당리	전라남도 장흥군 장흥읍 해당리	4680025041
전라남도 장흥군 장흥읍 행원리	전라남도 장흥군 장흥읍 행원리	4680025046
전라남도 장흥군 장흥읍 향양리	전라남도 장흥군 장흥읍 향양리	4680025038
전라남도 장흥군 회진면 대리	전라남도 장흥군 회진면 대리	4680037025
전라남도 장흥군 회진면 덕산리	전라남도 장흥군 회진면 덕산리	4680037023
전라남도 장흥군 회진면 신상리	전라남도 장흥군 회진면 신상리	4680037024
전라남도 장흥군 회진면 진목리	전라남도 장흥군 회진면 진목리	4680037021
전라남도 장흥군 회진면 회진리	전라남도 장흥군 회진면 회진리	4680037022
전라남도 진도군 고군면 고성리	전라남도 진도군 고군면 고성리	4690032022
전라남도 진도군 고군면 금계리	전라남도 진도군 고군면 금계리	4690032031
전라남도 진도군 고군면 내산리	전라남도 진도군 고군면 내산리	4690032026
전라남도 진도군 고군면 도평리	전라남도 진도군 고군면 도평리	4690032023
전라남도 진도군 고군면 벽파리	전라남도 진도군 고군면 벽파리	4690032025
전라남도 진도군 고군면 석현리	전라남도 진도군 고군면 석현리	4690032021
전라남도 진도군 고군면 오류리	전라남도 진도군 고군면 오류리	4690032024
전라남도 진도군 고군면 오산리	전라남도 진도군 고군면 오산리	4690032027
전라남도 진도군 고군면 원포리	전라남도 진도군 고군면 원포리	4690032029
전라남도 진도군 고군면 지막리	전라남도 진도군 고군면 지막리	4690032028
전라남도 진도군 고군면 향동리	전라남도 진도군 고군면 향동리	4690032030
전라남도 진도군 군내면 나리	전라남도 진도군 군내면 나리	4690031021
전라남도 진도군 군내면 녹진리	전라남도 진도군 군내면 녹진리	4690031022
전라남도 진도군 군내면 덕병리	전라남도 진도군 군내면 덕병리	4690031023
전라남도 진도군 군내면 둔전리	전라남도 진도군 군내면 둔전리	4690031024
전라남도 진도군 군내면 분토리	전라남도 진도군 군내면 분토리	4690031028
전라남도 진도군 군내면 세등리	전라남도 진도군 군내면 세등리	4690031025
전라남도 진도군 군내면 송산리	전라남도 진도군 군내면 송산리	4690031027
전라남도 진도군 군내면 용장리	전라남도 진도군 군내면 용장리	4690031026
전라남도 진도군 군내면 월가리	전라남도 진도군 군내면 월가리	4690031029
전라남도 진도군 군내면 정자리	전라남도 진도군 군내면 정자리	4690031030
전라남도 진도군 의신면 거룡리	전라남도 진도군 의신면 거룡리	4690033031
전라남도 진도군 의신면 구자도리	전라남도 진도군 의신면 구자도리	4690033035
전라남도 진도군 의신면 금갑리	전라남도 진도군 의신면 금갑리	4690033034
전라남도 진도군 의신면 돈지리	전라남도 진도군 의신면 돈지리	4690033025
전라남도 진도군 의신면 만길리	전라남도 진도군 의신면 만길리	4690033032
전라남도 진도군 의신면 모도리	전라남도 진도군 의신면 모도리	4690033030
전라남도 진도군 의신면 사천리	전라남도 진도군 의신면 사천리	4690033021
전라남도 진도군 의신면 송정리	전라남도 진도군 의신면 송정리	4690033033
전라남도 진도군 의신면 연주리	전라남도 진도군 의신면 연주리	4690033028
전라남도 진도군 의신면 옥대리	전라남도 진도군 의신면 옥대리	4690033026
전라남도 진도군 의신면 창포리	전라남도 진도군 의신면 창포리	4690033024
전라남도 진도군 의신면 청용리	전라남도 진도군 의신면 청용리	4690033027
전라남도 진도군 의신면 초사리	전라남도 진도군 의신면 초사리	4690033029
전라남도 진도군 의신면 칠전리	전라남도 진도군 의신면 칠전리	4690033023
전라남도 진도군 의신면 침계리	전라남도 진도군 의신면 침계리	4690033022
전라남도 진도군 임회면 고정리	전라남도 진도군 임회면 고정리	4690034024
전라남도 진도군 임회면 굴포리	전라남도 진도군 임회면 굴포리	4690034031
전라남도 진도군 임회면 남동리	전라남도 진도군 임회면 남동리	4690034032
전라남도 진도군 임회면 명슬리	전라남도 진도군 임회면 명슬리	4690034021
전라남도 진도군 임회면 백동리	전라남도 진도군 임회면 백동리	4690034030
전라남도 진도군 임회면 봉상리	전라남도 진도군 임회면 봉상리	4690034027
전라남도 진도군 임회면 사령리	전라남도 진도군 임회면 사령리	4690034025
전라남도 진도군 임회면 삼막리	전라남도 진도군 임회면 삼막리	4690034022
전라남도 진도군 임회면 상만리	전라남도 진도군 임회면 상만리	4690034028
전라남도 진도군 임회면 석교리	전라남도 진도군 임회면 석교리	4690034026
전라남도 진도군 임회면 연동리	전라남도 진도군 임회면 연동리	4690034033
전라남도 진도군 임회면 용호리	전라남도 진도군 임회면 용호리	4690034023
전라남도 진도군 임회면 죽림리	전라남도 진도군 임회면 죽림리	4690034029
전라남도 진도군 조도면 가사도리	전라남도 진도군 조도면 가사도리	4690036043
전라남도 진도군 조도면 관매도리	전라남도 진도군 조도면 관매도리	4690036021
전라남도 진도군 조도면 관사도리	전라남도 진도군 조도면 관사도리	4690036028
전라남도 진도군 조도면 나배도리	전라남도 진도군 조도면 나배도리	4690036029
전라남도 진도군 조도면 내병도리	전라남도 진도군 조도면 내병도리	4690036042
전라남도 진도군 조도면 눌옥도리	전라남도 진도군 조도면 눌옥도리	4690036040
전라남도 진도군 조도면 대마도리	전라남도 진도군 조도면 대마도리	4690036026
전라남도 진도군 조도면 독거도리	전라남도 진도군 조도면 독거도리	4690036034
전라남도 진도군 조도면 동거차도리	전라남도 진도군 조도면 동거차도리	4690036022
전라남도 진도군 조도면 맹골도리	전라남도 진도군 조도면 맹골도리	4690036037
전라남도 진도군 조도면 맹성리	전라남도 진도군 조도면 맹성리	4690036030
전라남도 진도군 조도면 모도리	전라남도 진도군 조도면 모도리	4690036036
전라남도 진도군 조도면 서거차도리	전라남도 진도군 조도면 서거차도리	4690036023
전라남도 진도군 조도면 성남도리	전라남도 진도군 조도면 성남도리	4690036032
전라남도 진도군 조도면 소마도리	전라남도 진도군 조도면 소마도리	4690036027
전라남도 진도군 조도면 신육리	전라남도 진도군 조도면 신육리	4690036024
전라남도 진도군 조도면 여미리	전라남도 진도군 조도면 여미리	4690036031
전라남도 진도군 조도면 옥도리	전라남도 진도군 조도면 옥도리	4690036039
전라남도 진도군 조도면 외병도리	전라남도 진도군 조도면 외병도리	4690036041
전라남도 진도군 조도면 죽항도리	전라남도 진도군 조도면 죽항도리	4690036033
전라남도 진도군 조도면 진목도리	전라남도 진도군 조도면 진목도리	4690036038
전라남도 진도군 조도면 창유리	전라남도 진도군 조도면 창유리	4690036025
전라남도 진도군 조도면 청등도리	전라남도 진도군 조도면 청등도리	4690036035
전라남도 진도군 지산면 가치리	전라남도 진도군 지산면 가치리	4690035031
전라남도 진도군 지산면 가학리	전라남도 진도군 지산면 가학리	4690035032
전라남도 진도군 지산면 거제리	전라남도 진도군 지산면 거제리	4690035028
전라남도 진도군 지산면 고야리	전라남도 진도군 지산면 고야리	4690035024
전라남도 진도군 지산면 관마리	전라남도 진도군 지산면 관마리	4690035022
전라남도 진도군 지산면 길은리	전라남도 진도군 지산면 길은리	4690035026
전라남도 진도군 지산면 보전리	전라남도 진도군 지산면 보전리	4690035029
전라남도 진도군 지산면 삼당리	전라남도 진도군 지산면 삼당리	4690035023
전라남도 진도군 지산면 소포리	전라남도 진도군 지산면 소포리	4690035027
전라남도 진도군 지산면 송호리	전라남도 진도군 지산면 송호리	4690035035
전라남도 진도군 지산면 심동리	전라남도 진도군 지산면 심동리	4690035033
전라남도 진도군 지산면 앵무리	전라남도 진도군 지산면 앵무리	4690035025
전라남도 진도군 지산면 오류리	전라남도 진도군 지산면 오류리	4690035034
전라남도 진도군 지산면 와우리	전라남도 진도군 지산면 와우리	4690035030
전라남도 진도군 지산면 인지리	전라남도 진도군 지산면 인지리	4690035021
전라남도 진도군 진도읍 교동리	전라남도 진도군 진도읍 교동리	4690025024
전라남도 진도군 진도읍 남동리	전라남도 진도군 진도읍 남동리	4690025025
전라남도 진도군 진도읍 동외리	전라남도 진도군 진도읍 동외리	4690025021
전라남도 진도군 진도읍 산월리	전라남도 진도군 진도읍 산월리	4690025029
전라남도 진도군 진도읍 성내리	전라남도 진도군 진도읍 성내리	4690025023
전라남도 진도군 진도읍 수역리	전라남도 진도군 진도읍 수역리	4690025027
전라남도 진도군 진도읍 수유리	전라남도 진도군 진도읍 수유리	4690025028
전라남도 진도군 진도읍 쌍정리	전라남도 진도군 진도읍 쌍정리	4690025022
전라남도 진도군 진도읍 염장리	전라남도 진도군 진도읍 염장리	4690025031
전라남도 진도군 진도읍 포산리	전라남도 진도군 진도읍 포산리	4690025026
전라남도 진도군 진도읍 해창리	전라남도 진도군 진도읍 해창리	4690025030
전라남도 함평군 나산면 구산리	전라남도 함평군 나산면 구산리	4686036033
전라남도 함평군 나산면 나산리	전라남도 함평군 나산면 나산리	4686036023
전라남도 함평군 나산면 덕림리	전라남도 함평군 나산면 덕림리	4686036034
전라남도 함평군 나산면 삼축리	전라남도 함평군 나산면 삼축리	4686036021
전라남도 함평군 나산면 송암리	전라남도 함평군 나산면 송암리	4686036025
전라남도 함평군 나산면 수상리	전라남도 함평군 나산면 수상리	4686036027
전라남도 함평군 나산면 수하리	전라남도 함평군 나산면 수하리	4686036022
전라남도 함평군 나산면 신평리	전라남도 함평군 나산면 신평리	4686036024
전라남도 함평군 나산면 용두리	전라남도 함평군 나산면 용두리	4686036028
전라남도 함평군 나산면 우치리	전라남도 함평군 나산면 우치리	4686036029
전라남도 함평군 나산면 원선리	전라남도 함평군 나산면 원선리	4686036032
전라남도 함평군 나산면 월봉리	전라남도 함평군 나산면 월봉리	4686036031
전라남도 함평군 나산면 이문리	전라남도 함평군 나산면 이문리	4686036026
전라남도 함평군 나산면 초포리	전라남도 함평군 나산면 초포리	4686036030
전라남도 함평군 대동면 강운리	전라남도 함평군 대동면 강운리	4686035025
전라남도 함평군 대동면 금곡리	전라남도 함평군 대동면 금곡리	4686035022
전라남도 함평군 대동면 금산리	전라남도 함평군 대동면 금산리	4686035030
전라남도 함평군 대동면 덕산리	전라남도 함평군 대동면 덕산리	4686035027
전라남도 함평군 대동면 백호리	전라남도 함평군 대동면 백호리	4686035023
전라남도 함평군 대동면 상옥리	전라남도 함평군 대동면 상옥리	4686035021
전라남도 함평군 대동면 서호리	전라남도 함평군 대동면 서호리	4686035031
전라남도 함평군 대동면 연암리	전라남도 함평군 대동면 연암리	4686035032
전라남도 함평군 대동면 용성리	전라남도 함평군 대동면 용성리	4686035028
전라남도 함평군 대동면 운교리	전라남도 함평군 대동면 운교리	4686035029
전라남도 함평군 대동면 월송리	전라남도 함평군 대동면 월송리	4686035024
전라남도 함평군 대동면 향교리	전라남도 함평군 대동면 향교리	4686035026
전라남도 함평군 손불면 궁산리	전라남도 함평군 손불면 궁산리	4686031029
전라남도 함평군 손불면 대전리	전라남도 함평군 손불면 대전리	4686031025
전라남도 함평군 손불면 동암리	전라남도 함평군 손불면 동암리	4686031026
전라남도 함평군 손불면 북성리	전라남도 함평군 손불면 북성리	4686031023
전라남도 함평군 손불면 산남리	전라남도 함평군 손불면 산남리	4686031031
전라남도 함평군 손불면 석창리	전라남도 함평군 손불면 석창리	4686031030
전라남도 함평군 손불면 양재리	전라남도 함평군 손불면 양재리	4686031022
전라남도 함평군 손불면 월천리	전라남도 함평군 손불면 월천리	4686031024
전라남도 함평군 손불면 죽암리	전라남도 함평군 손불면 죽암리	4686031028
전라남도 함평군 손불면 죽장리	전라남도 함평군 손불면 죽장리	4686031027
전라남도 함평군 손불면 학산리	전라남도 함평군 손불면 학산리	4686031021
전라남도 함평군 신광면 가덕리	전라남도 함평군 신광면 가덕리	4686032031
전라남도 함평군 신광면 계천리	전라남도 함평군 신광면 계천리	4686032029
전라남도 함평군 신광면 동정리	전라남도 함평군 신광면 동정리	4686032023
전라남도 함평군 신광면 백운리	전라남도 함평군 신광면 백운리	4686032027
전라남도 함평군 신광면 보여리	전라남도 함평군 신광면 보여리	4686032021
전라남도 함평군 신광면 복흥리	전라남도 함평군 신광면 복흥리	4686032028
전라남도 함평군 신광면 삼덕리	전라남도 함평군 신광면 삼덕리	4686032026
전라남도 함평군 신광면 송사리	전라남도 함평군 신광면 송사리	4686032022
전라남도 함평군 신광면 원산리	전라남도 함평군 신광면 원산리	4686032025
전라남도 함평군 신광면 월암리	전라남도 함평군 신광면 월암리	4686032030
전라남도 함평군 신광면 유천리	전라남도 함평군 신광면 유천리	4686032032
전라남도 함평군 신광면 함정리	전라남도 함평군 신광면 함정리	4686032024
전라남도 함평군 엄다면 삼정리	전라남도 함평군 엄다면 삼정리	4686034024
전라남도 함평군 엄다면 성천리	전라남도 함평군 엄다면 성천리	4686034027
전라남도 함평군 엄다면 송로리	전라남도 함평군 엄다면 송로리	4686034022
전라남도 함평군 엄다면 신계리	전라남도 함평군 엄다면 신계리	4686034023
전라남도 함평군 엄다면 엄다리	전라남도 함평군 엄다면 엄다리	4686034021
전라남도 함평군 엄다면 영흥리	전라남도 함평군 엄다면 영흥리	4686034025
전라남도 함평군 엄다면 학야리	전라남도 함평군 엄다면 학야리	4686034026
전라남도 함평군 엄다면 화양리	전라남도 함평군 엄다면 화양리	4686034028
전라남도 함평군 월야면 계림리	전라남도 함평군 월야면 계림리	4686038027
전라남도 함평군 월야면 양정리	전라남도 함평군 월야면 양정리	4686038022
전라남도 함평군 월야면 영월리	전라남도 함평군 월야면 영월리	4686038023
전라남도 함평군 월야면 예덕리	전라남도 함평군 월야면 예덕리	4686038028
전라남도 함평군 월야면 외치리	전라남도 함평군 월야면 외치리	4686038024
전라남도 함평군 월야면 용암리	전라남도 함평군 월야면 용암리	4686038030
전라남도 함평군 월야면 용월리	전라남도 함평군 월야면 용월리	4686038021
전라남도 함평군 월야면 용정리	전라남도 함평군 월야면 용정리	4686038031
전라남도 함평군 월야면 월계리	전라남도 함평군 월야면 월계리	4686038032
전라남도 함평군 월야면 월악리	전라남도 함평군 월야면 월악리	4686038026
전라남도 함평군 월야면 월야리	전라남도 함평군 월야면 월야리	4686038025
전라남도 함평군 월야면 정산리	전라남도 함평군 월야면 정산리	4686038029
전라남도 함평군 학교면 고막리	전라남도 함평군 학교면 고막리	4686033022
전라남도 함평군 학교면 곡창리	전라남도 함평군 학교면 곡창리	4686033025
전라남도 함평군 학교면 금송리	전라남도 함평군 학교면 금송리	4686033023
전라남도 함평군 학교면 마산리	전라남도 함평군 학교면 마산리	4686033030
전라남도 함평군 학교면 복천리	전라남도 함평군 학교면 복천리	4686033021
전라남도 함평군 학교면 사거리	전라남도 함평군 학교면 사거리	4686033027
전라남도 함평군 학교면 석정리	전라남도 함평군 학교면 석정리	4686033031
전라남도 함평군 학교면 월산리	전라남도 함평군 학교면 월산리	4686033028
전라남도 함평군 학교면 월호리	전라남도 함평군 학교면 월호리	4686033024
전라남도 함평군 학교면 죽정리	전라남도 함평군 학교면 죽정리	4686033029
전라남도 함평군 학교면 학교리	전라남도 함평군 학교면 학교리	4686033026
전라남도 함평군 함평읍 가동리	전라남도 함평군 함평읍 가동리	4686025030
전라남도 함평군 함평읍 기각리	전라남도 함평군 함평읍 기각리	4686025022
전라남도 함평군 함평읍 내교리	전라남도 함평군 함평읍 내교리	4686025023
전라남도 함평군 함평읍 대덕리	전라남도 함평군 함평읍 대덕리	4686025034
전라남도 함평군 함평읍 만흥리	전라남도 함평군 함평읍 만흥리	4686025027
전라남도 함평군 함평읍 석성리	전라남도 함평군 함평읍 석성리	4686025031
전라남도 함평군 함평읍 성남리	전라남도 함평군 함평읍 성남리	4686025025
전라남도 함평군 함평읍 수호리	전라남도 함평군 함평읍 수호리	4686025024
전라남도 함평군 함평읍 옥산리	전라남도 함평군 함평읍 옥산리	4686025029
전라남도 함평군 함평읍 자풍리	전라남도 함평군 함평읍 자풍리	4686025026
전라남도 함평군 함평읍 장교리	전라남도 함평군 함평읍 장교리	4686025028
전라남도 함평군 함평읍 장년리	전라남도 함평군 함평읍 장년리	4686025032
전라남도 함평군 함평읍 진양리	전라남도 함평군 함평읍 진양리	4686025033
전라남도 함평군 함평읍 함평리	전라남도 함평군 함평읍 함평리	4686025021
전라남도 함평군 해보면 광암리	전라남도 함평군 해보면 광암리	4686037029
전라남도 함평군 해보면 금계리	전라남도 함평군 해보면 금계리	4686037027
전라남도 함평군 해보면 금덕리	전라남도 함평군 해보면 금덕리	4686037025
전라남도 함평군 해보면 대각리	전라남도 함평군 해보면 대각리	4686037030
전라남도 함평군 해보면 대창리	전라남도 함평군 해보면 대창리	4686037022
전라남도 함평군 해보면 문장리	전라남도 함평군 해보면 문장리	4686037024
전라남도 함평군 해보면 산내리	전라남도 함평군 해보면 산내리	4686037028
전라남도 함평군 해보면 상곡리	전라남도 함평군 해보면 상곡리	4686037021
전라남도 함평군 해보면 용산리	전라남도 함평군 해보면 용산리	4686037023
전라남도 함평군 해보면 해보리	전라남도 함평군 해보면 해보리	4686037026
전라남도 해남군 계곡면 가학리	전라남도 해남군 계곡면 가학리	4682038032
전라남도 해남군 계곡면 강절리	전라남도 해남군 계곡면 강절리	4682038023
전라남도 해남군 계곡면 당산리	전라남도 해남군 계곡면 당산리	4682038024
전라남도 해남군 계곡면 덕정리	전라남도 해남군 계곡면 덕정리	4682038029
전라남도 해남군 계곡면 반계리	전라남도 해남군 계곡면 반계리	4682038027
전라남도 해남군 계곡면 방춘리	전라남도 해남군 계곡면 방춘리	4682038028
전라남도 해남군 계곡면 법곡리	전라남도 해남군 계곡면 법곡리	4682038022
전라남도 해남군 계곡면 사정리	전라남도 해남군 계곡면 사정리	4682038031
전라남도 해남군 계곡면 선진리	전라남도 해남군 계곡면 선진리	4682038026
전라남도 해남군 계곡면 성진리	전라남도 해남군 계곡면 성진리	4682038021
전라남도 해남군 계곡면 신평리	전라남도 해남군 계곡면 신평리	4682038034
전라남도 해남군 계곡면 여수리	전라남도 해남군 계곡면 여수리	4682038030
전라남도 해남군 계곡면 잠두리	전라남도 해남군 계곡면 잠두리	4682038033
전라남도 해남군 계곡면 장소리	전라남도 해남군 계곡면 장소리	4682038025
전라남도 해남군 계곡면 황죽리	전라남도 해남군 계곡면 황죽리	4682038035
전라남도 해남군 마산면 노하리	전라남도 해남군 마산면 노하리	4682039027
전라남도 해남군 마산면 맹진리	전라남도 해남군 마산면 맹진리	4682039023
전라남도 해남군 마산면 산막리	전라남도 해남군 마산면 산막리	4682039026
전라남도 해남군 마산면 상등리	전라남도 해남군 마산면 상등리	4682039031
전라남도 해남군 마산면 송석리	전라남도 해남군 마산면 송석리	4682039024
전라남도 해남군 마산면 연구리	전라남도 해남군 마산면 연구리	4682039028
전라남도 해남군 마산면 외호리	전라남도 해남군 마산면 외호리	4682039025
전라남도 해남군 마산면 용전리	전라남도 해남군 마산면 용전리	4682039030
전라남도 해남군 마산면 장촌리	전라남도 해남군 마산면 장촌리	4682039022
전라남도 해남군 마산면 학의리	전라남도 해남군 마산면 학의리	4682039029
전라남도 해남군 마산면 화내리	전라남도 해남군 마산면 화내리	4682039021
전라남도 해남군 문내면 고당리	전라남도 해남군 문내면 고당리	4682042031
전라남도 해남군 문내면 고평리	전라남도 해남군 문내면 고평리	4682042032
전라남도 해남군 문내면 난대리	전라남도 해남군 문내면 난대리	4682042028
전라남도 해남군 문내면 동외리	전라남도 해남군 문내면 동외리	4682042023
전라남도 해남군 문내면 무고리	전라남도 해남군 문내면 무고리	4682042030
전라남도 해남군 문내면 서상리	전라남도 해남군 문내면 서상리	4682042026
전라남도 해남군 문내면 석교리	전라남도 해남군 문내면 석교리	4682042022
전라남도 해남군 문내면 선두리	전라남도 해남군 문내면 선두리	4682042024
전라남도 해남군 문내면 예락리	전라남도 해남군 문내면 예락리	4682042027
전라남도 해남군 문내면 용암리	전라남도 해남군 문내면 용암리	4682042021
전라남도 해남군 문내면 충평리	전라남도 해남군 문내면 충평리	4682042029
전라남도 해남군 문내면 학동리	전라남도 해남군 문내면 학동리	4682042025
전라남도 해남군 북일면 금당리	전라남도 해남군 북일면 금당리	4682036022
전라남도 해남군 북일면 내동리	전라남도 해남군 북일면 내동리	4682036028
전라남도 해남군 북일면 만수리	전라남도 해남군 북일면 만수리	4682036021
전라남도 해남군 북일면 방산리	전라남도 해남군 북일면 방산리	4682036027
전라남도 해남군 북일면 신월리	전라남도 해남군 북일면 신월리	4682036023
전라남도 해남군 북일면 용일리	전라남도 해남군 북일면 용일리	4682036026
전라남도 해남군 북일면 운전리	전라남도 해남군 북일면 운전리	4682036025
전라남도 해남군 북일면 흥촌리	전라남도 해남군 북일면 흥촌리	4682036024
전라남도 해남군 북평면 남창리	전라남도 해남군 북평면 남창리	4682035021
전라남도 해남군 북평면 동해리	전라남도 해남군 북평면 동해리	4682035027
전라남도 해남군 북평면 서홍리	전라남도 해남군 북평면 서홍리	4682035023
전라남도 해남군 북평면 영전리	전라남도 해남군 북평면 영전리	4682035025
전라남도 해남군 북평면 오산리	전라남도 해남군 북평면 오산리	4682035026
전라남도 해남군 북평면 와룡리	전라남도 해남군 북평면 와룡리	4682035028
전라남도 해남군 북평면 이진리	전라남도 해남군 북평면 이진리	4682035022
전라남도 해남군 북평면 평암리	전라남도 해남군 북평면 평암리	4682035024
전라남도 해남군 산이면 구성리	전라남도 해남군 산이면 구성리	4682041030
전라남도 해남군 산이면 금송리	전라남도 해남군 산이면 금송리	4682041022
전라남도 해남군 산이면 금호리	전라남도 해남군 산이면 금호리	4682041033
전라남도 해남군 산이면 노송리	전라남도 해남군 산이면 노송리	4682041021
전라남도 해남군 산이면 대진리	전라남도 해남군 산이면 대진리	4682041028
전라남도 해남군 산이면 덕송리	전라남도 해남군 산이면 덕송리	4682041029
전라남도 해남군 산이면 덕호리	전라남도 해남군 산이면 덕호리	4682041023
전라남도 해남군 산이면 부동리	전라남도 해남군 산이면 부동리	4682041032
전라남도 해남군 산이면 상공리	전라남도 해남군 산이면 상공리	4682041031
전라남도 해남군 산이면 송천리	전라남도 해남군 산이면 송천리	4682041025
전라남도 해남군 산이면 예정리	전라남도 해남군 산이면 예정리	4682041024
전라남도 해남군 산이면 진산리	전라남도 해남군 산이면 진산리	4682041027
전라남도 해남군 산이면 초송리	전라남도 해남군 산이면 초송리	4682041026
전라남도 해남군 삼산면 구림리	전라남도 해남군 삼산면 구림리	4682031027
전라남도 해남군 삼산면 봉학리	전라남도 해남군 삼산면 봉학리	4682031024
전라남도 해남군 삼산면 상가리	전라남도 해남군 삼산면 상가리	4682031029
전라남도 해남군 삼산면 송정리	전라남도 해남군 삼산면 송정리	4682031023
전라남도 해남군 삼산면 신흥리	전라남도 해남군 삼산면 신흥리	4682031021
전라남도 해남군 삼산면 원진리	전라남도 해남군 삼산면 원진리	4682031025
전라남도 해남군 삼산면 창리	전라남도 해남군 삼산면 창리	4682031022
전라남도 해남군 삼산면 충리	전라남도 해남군 삼산면 충리	4682031026
전라남도 해남군 삼산면 평활리	전라남도 해남군 삼산면 평활리	4682031028
전라남도 해남군 송지면 가차리	전라남도 해남군 송지면 가차리	4682034023
전라남도 해남군 송지면 군곡리	전라남도 해남군 송지면 군곡리	4682034022
전라남도 해남군 송지면 금강리	전라남도 해남군 송지면 금강리	4682034021
전라남도 해남군 송지면 마봉리	전라남도 해남군 송지면 마봉리	4682034032
전라남도 해남군 송지면 미야리	전라남도 해남군 송지면 미야리	4682034026
전라남도 해남군 송지면 산정리	전라남도 해남군 송지면 산정리	4682034027
전라남도 해남군 송지면 서정리	전라남도 해남군 송지면 서정리	4682034034
전라남도 해남군 송지면 소죽리	전라남도 해남군 송지면 소죽리	4682034029
전라남도 해남군 송지면 송호리	전라남도 해남군 송지면 송호리	4682034030
전라남도 해남군 송지면 어란리	전라남도 해남군 송지면 어란리	4682034028
전라남도 해남군 송지면 우근리	전라남도 해남군 송지면 우근리	4682034025
전라남도 해남군 송지면 통호리	전라남도 해남군 송지면 통호리	4682034031
전라남도 해남군 송지면 학가리	전라남도 해남군 송지면 학가리	4682034024
전라남도 해남군 송지면 해원리	전라남도 해남군 송지면 해원리	4682034033
전라남도 해남군 옥천면 대산리	전라남도 해남군 옥천면 대산리	4682037031
전라남도 해남군 옥천면 백호리	전라남도 해남군 옥천면 백호리	4682037032
전라남도 해남군 옥천면 성산리	전라남도 해남군 옥천면 성산리	4682037028
전라남도 해남군 옥천면 송산리	전라남도 해남군 옥천면 송산리	4682037033
전라남도 해남군 옥천면 신계리	전라남도 해남군 옥천면 신계리	4682037023
전라남도 해남군 옥천면 신죽리	전라남도 해남군 옥천면 신죽리	4682037024
전라남도 해남군 옥천면 영신리	전라남도 해남군 옥천면 영신리	4682037022
전라남도 해남군 옥천면 영춘리	전라남도 해남군 옥천면 영춘리	4682037021
전라남도 해남군 옥천면 용동리	전라남도 해남군 옥천면 용동리	4682037034
전라남도 해남군 옥천면 용산리	전라남도 해남군 옥천면 용산리	4682037027
전라남도 해남군 옥천면 월평리	전라남도 해남군 옥천면 월평리	4682037026
전라남도 해남군 옥천면 청신리	전라남도 해남군 옥천면 청신리	4682037030
전라남도 해남군 옥천면 팔산리	전라남도 해남군 옥천면 팔산리	4682037025
전라남도 해남군 옥천면 흑천리	전라남도 해남군 옥천면 흑천리	4682037029
전라남도 해남군 해남읍 고도리	전라남도 해남군 해남읍 고도리	4682025024
전라남도 해남군 해남읍 구교리	전라남도 해남군 해남읍 구교리	4682025036
전라남도 해남군 해남읍 남동리	전라남도 해남군 해남읍 남동리	4682025033
전라남도 해남군 해남읍 남외리	전라남도 해남군 해남읍 남외리	4682025025
전라남도 해남군 해남읍 남천리	전라남도 해남군 해남읍 남천리	4682025034
전라남도 해남군 해남읍 내사리	전라남도 해남군 해남읍 내사리	4682025032
전라남도 해남군 해남읍 백야리	전라남도 해남군 해남읍 백야리	4682025031
전라남도 해남군 해남읍 복평리	전라남도 해남군 해남읍 복평리	4682025037
전라남도 해남군 해남읍 성내리	전라남도 해남군 해남읍 성내리	4682025026
전라남도 해남군 해남읍 수성리	전라남도 해남군 해남읍 수성리	4682025027
전라남도 해남군 해남읍 신안리	전라남도 해남군 해남읍 신안리	4682025028
전라남도 해남군 해남읍 안동리	전라남도 해남군 해남읍 안동리	4682025030
전라남도 해남군 해남읍 연동리	전라남도 해남군 해남읍 연동리	4682025029
전라남도 해남군 해남읍 용정리	전라남도 해남군 해남읍 용정리	4682025035
전라남도 해남군 해남읍 읍내리	전라남도 해남군 해남읍 읍내리	4682025023
전라남도 해남군 해남읍 평동리	전라남도 해남군 해남읍 평동리	4682025022
전라남도 해남군 해남읍 해리	전라남도 해남군 해남읍 해리	4682025021
전라남도 해남군 현산면 고현리	전라남도 해남군 현산면 고현리	4682033023
전라남도 해남군 현산면 구산리	전라남도 해남군 현산면 구산리	4682033030
전라남도 해남군 현산면 구시리	전라남도 해남군 현산면 구시리	4682033022
전라남도 해남군 현산면 덕흥리	전라남도 해남군 현산면 덕흥리	4682033024
전라남도 해남군 현산면 만안리	전라남도 해남군 현산면 만안리	4682033021
전라남도 해남군 현산면 백포리	전라남도 해남군 현산면 백포리	4682033027
전라남도 해남군 현산면 월송리	전라남도 해남군 현산면 월송리	4682033032
전라남도 해남군 현산면 읍호리	전라남도 해남군 현산면 읍호리	4682033026
전라남도 해남군 현산면 일평리	전라남도 해남군 현산면 일평리	4682033025
전라남도 해남군 현산면 조산리	전라남도 해남군 현산면 조산리	4682033031
전라남도 해남군 현산면 초호리	전라남도 해남군 현산면 초호리	4682033028
전라남도 해남군 현산면 황산리	전라남도 해남군 현산면 황산리	4682033029
전라남도 해남군 화산면 가좌리	전라남도 해남군 화산면 가좌리	4682032025
전라남도 해남군 화산면 관동리	전라남도 해남군 화산면 관동리	4682032026
전라남도 해남군 화산면 금풍리	전라남도 해남군 화산면 금풍리	4682032022
전라남도 해남군 화산면 방축리	전라남도 해남군 화산면 방축리	4682032029
전라남도 해남군 화산면 부길리	전라남도 해남군 화산면 부길리	4682032030
전라남도 해남군 화산면 삼마리	전라남도 해남군 화산면 삼마리	4682032035
전라남도 해남군 화산면 석호리	전라남도 해남군 화산면 석호리	4682032032
전라남도 해남군 화산면 송산리	전라남도 해남군 화산면 송산리	4682032031
전라남도 해남군 화산면 안호리	전라남도 해남군 화산면 안호리	4682032033
전라남도 해남군 화산면 연곡리	전라남도 해남군 화산면 연곡리	4682032023
전라남도 해남군 화산면 연정리	전라남도 해남군 화산면 연정리	4682032028
전라남도 해남군 화산면 월호리	전라남도 해남군 화산면 월호리	4682032027
전라남도 해남군 화산면 율동리	전라남도 해남군 화산면 율동리	4682032024
전라남도 해남군 화산면 평호리	전라남도 해남군 화산면 평호리	4682032034
전라남도 해남군 화산면 해창리	전라남도 해남군 화산면 해창리	4682032021
전라남도 해남군 화원면 구림리	전라남도 해남군 화원면 구림리	4682043026
전라남도 해남군 화원면 금평리	전라남도 해남군 화원면 금평리	4682043022
전라남도 해남군 화원면 마산리	전라남도 해남군 화원면 마산리	4682043025
전라남도 해남군 화원면 매월리	전라남도 해남군 화원면 매월리	4682043028
전라남도 해남군 화원면 산호리	전라남도 해남군 화원면 산호리	4682043033
전라남도 해남군 화원면 성산리	전라남도 해남군 화원면 성산리	4682043035
전라남도 해남군 화원면 신덕리	전라남도 해남군 화원면 신덕리	4682043023
전라남도 해남군 화원면 영호리	전라남도 해남군 화원면 영호리	4682043024
전라남도 해남군 화원면 월호리	전라남도 해남군 화원면 월호리	4682043027
전라남도 해남군 화원면 인지리	전라남도 해남군 화원면 인지리	4682043030
전라남도 해남군 화원면 장춘리	전라남도 해남군 화원면 장춘리	4682043034
전라남도 해남군 화원면 주광리	전라남도 해남군 화원면 주광리	4682043031
전라남도 해남군 화원면 청용리	전라남도 해남군 화원면 청용리	4682043021
전라남도 해남군 화원면 치하리	전라남도 해남군 화원면 치하리	4682043036
전라남도 해남군 화원면 화봉리	전라남도 해남군 화원면 화봉리	4682043032
전라남도 해남군 화원면 후산리	전라남도 해남군 화원면 후산리	4682043029
전라남도 해남군 황산면 관춘리	전라남도 해남군 황산면 관춘리	4682040032
전라남도 해남군 황산면 남리리	전라남도 해남군 황산면 남리리	4682040028
전라남도 해남군 황산면 부곡리	전라남도 해남군 황산면 부곡리	4682040031
전라남도 해남군 황산면 송호리	전라남도 해남군 황산면 송호리	4682040024
전라남도 해남군 황산면 연당리	전라남도 해남군 황산면 연당리	4682040029
전라남도 해남군 황산면 연호리	전라남도 해남군 황산면 연호리	4682040023
전라남도 해남군 황산면 옥동리	전라남도 해남군 황산면 옥동리	4682040033
전라남도 해남군 황산면 외입리	전라남도 해남군 황산면 외입리	4682040030
전라남도 해남군 황산면 우항리	전라남도 해남군 황산면 우항리	4682040025
전라남도 해남군 황산면 원호리	전라남도 해남군 황산면 원호리	4682040022
전라남도 해남군 황산면 일신리	전라남도 해남군 황산면 일신리	4682040021
전라남도 해남군 황산면 한자리	전라남도 해남군 황산면 한자리	4682040027
전라남도 해남군 황산면 호동리	전라남도 해남군 황산면 호동리	4682040026
전라남도 화순군 능주면 관영리	전라남도 화순군 능주면 관영리	4679035026
전라남도 화순군 능주면 광사리	전라남도 화순군 능주면 광사리	4679035029
전라남도 화순군 능주면 남정리	전라남도 화순군 능주면 남정리	4679035021
전라남도 화순군 능주면 내리	전라남도 화순군 능주면 내리	4679035025
전라남도 화순군 능주면 만수리	전라남도 화순군 능주면 만수리	4679035031
전라남도 화순군 능주면 만인리	전라남도 화순군 능주면 만인리	4679035028
전라남도 화순군 능주면 백암리	전라남도 화순군 능주면 백암리	4679035030
전라남도 화순군 능주면 석고리	전라남도 화순군 능주면 석고리	4679035023
전라남도 화순군 능주면 원지리	전라남도 화순군 능주면 원지리	4679035032
전라남도 화순군 능주면 잠정리	전라남도 화순군 능주면 잠정리	4679035024
전라남도 화순군 능주면 정남리	전라남도 화순군 능주면 정남리	4679035022
전라남도 화순군 능주면 천덕리	전라남도 화순군 능주면 천덕리	4679035027
전라남도 화순군 도곡면 대곡리	전라남도 화순군 도곡면 대곡리	4679036021
전라남도 화순군 도곡면 덕곡리	전라남도 화순군 도곡면 덕곡리	4679036026
전라남도 화순군 도곡면 미곡리	전라남도 화순군 도곡면 미곡리	4679036030
전라남도 화순군 도곡면 신덕리	전라남도 화순군 도곡면 신덕리	4679036029
전라남도 화순군 도곡면 신성리	전라남도 화순군 도곡면 신성리	4679036027
전라남도 화순군 도곡면 쌍옥리	전라남도 화순군 도곡면 쌍옥리	4679036024
전라남도 화순군 도곡면 원화리	전라남도 화순군 도곡면 원화리	4679036032
전라남도 화순군 도곡면 월곡리	전라남도 화순군 도곡면 월곡리	4679036023
전라남도 화순군 도곡면 죽청리	전라남도 화순군 도곡면 죽청리	4679036031
전라남도 화순군 도곡면 천암리	전라남도 화순군 도곡면 천암리	4679036028
전라남도 화순군 도곡면 평리	전라남도 화순군 도곡면 평리	4679036025
전라남도 화순군 도곡면 효산리	전라남도 화순군 도곡면 효산리	4679036022
전라남도 화순군 도암면 대초리	전라남도 화순군 도암면 대초리	4679037029
전라남도 화순군 도암면 도장리	전라남도 화순군 도암면 도장리	4679037022
전라남도 화순군 도암면 등광리	전라남도 화순군 도암면 등광리	4679037028
전라남도 화순군 도암면 벽지리	전라남도 화순군 도암면 벽지리	4679037023
전라남도 화순군 도암면 봉하리	전라남도 화순군 도암면 봉하리	4679037033
전라남도 화순군 도암면 왕정리	전라남도 화순군 도암면 왕정리	4679037034
전라남도 화순군 도암면 용강리	전라남도 화순군 도암면 용강리	4679037030
전라남도 화순군 도암면 우치리	전라남도 화순군 도암면 우치리	4679037032
전라남도 화순군 도암면 운월리	전라남도 화순군 도암면 운월리	4679037021
전라남도 화순군 도암면 원천리	전라남도 화순군 도암면 원천리	4679037025
전라남도 화순군 도암면 정천리	전라남도 화순군 도암면 정천리	4679037024
전라남도 화순군 도암면 지월리	전라남도 화순군 도암면 지월리	4679037027
전라남도 화순군 도암면 천태리	전라남도 화순군 도암면 천태리	4679037026
전라남도 화순군 도암면 행산리	전라남도 화순군 도암면 행산리	4679037035
전라남도 화순군 도암면 호암리	전라남도 화순군 도암면 호암리	4679037031
전라남도 화순군 동면 경치리	전라남도 화순군 동면 경치리	4679042028
전라남도 화순군 동면 국동리	전라남도 화순군 동면 국동리	4679042024
전라남도 화순군 동면 대포리	전라남도 화순군 동면 대포리	4679042035
전라남도 화순군 동면 마산리	전라남도 화순군 동면 마산리	4679042026
전라남도 화순군 동면 무포리	전라남도 화순군 동면 무포리	4679042027
전라남도 화순군 동면 백용리	전라남도 화순군 동면 백용리	4679042021
전라남도 화순군 동면 복암리	전라남도 화순군 동면 복암리	4679042029
전라남도 화순군 동면 서성리	전라남도 화순군 동면 서성리	4679042023
전라남도 화순군 동면 언도리	전라남도 화순군 동면 언도리	4679042022
전라남도 화순군 동면 오동리	전라남도 화순군 동면 오동리	4679042030
전라남도 화순군 동면 옥호리	전라남도 화순군 동면 옥호리	4679042034
전라남도 화순군 동면 운농리	전라남도 화순군 동면 운농리	4679042033
전라남도 화순군 동면 장동리	전라남도 화순군 동면 장동리	4679042032
전라남도 화순군 동면 천덕리	전라남도 화순군 동면 천덕리	4679042031
전라남도 화순군 동면 청궁리	전라남도 화순군 동면 청궁리	4679042025
전라남도 화순군 동복면 가수리	전라남도 화순군 동복면 가수리	4679040026
전라남도 화순군 동복면 구암리	전라남도 화순군 동복면 구암리	4679040031
전라남도 화순군 동복면 독상리	전라남도 화순군 동복면 독상리	4679040021
전라남도 화순군 동복면 신율리	전라남도 화순군 동복면 신율리	4679040025
전라남도 화순군 동복면 안성리	전라남도 화순군 동복면 안성리	4679040027
전라남도 화순군 동복면 연둔리	전라남도 화순군 동복면 연둔리	4679040030
전라남도 화순군 동복면 연월리	전라남도 화순군 동복면 연월리	4679040028
전라남도 화순군 동복면 유천리	전라남도 화순군 동복면 유천리	4679040024
전라남도 화순군 동복면 읍애리	전라남도 화순군 동복면 읍애리	4679040029
전라남도 화순군 동복면 천변리	전라남도 화순군 동복면 천변리	4679040023
전라남도 화순군 동복면 칠정리	전라남도 화순군 동복면 칠정리	4679040022
전라남도 화순군 동복면 한천리	전라남도 화순군 동복면 한천리	4679040032
전라남도 화순군 백아면 길성리	전라남도 화순군 백아면 길성리	4679039531
전라남도 화순군 백아면 남치리	전라남도 화순군 백아면 남치리	4679039525
전라남도 화순군 백아면 노기리	전라남도 화순군 백아면 노기리	4679039529
전라남도 화순군 백아면 노치리	전라남도 화순군 백아면 노치리	4679039535
전라남도 화순군 백아면 다곡리	전라남도 화순군 백아면 다곡리	4679039533
전라남도 화순군 백아면 맹리	전라남도 화순군 백아면 맹리	4679039524
전라남도 화순군 백아면 방리	전라남도 화순군 백아면 방리	4679039528
전라남도 화순군 백아면 서유리	전라남도 화순군 백아면 서유리	4679039523
전라남도 화순군 백아면 송단리	전라남도 화순군 백아면 송단리	4679039527
전라남도 화순군 백아면 수리	전라남도 화순군 백아면 수리	4679039534
전라남도 화순군 백아면 옥리	전라남도 화순군 백아면 옥리	4679039522
전라남도 화순군 백아면 와천리	전라남도 화순군 백아면 와천리	4679039532
전라남도 화순군 백아면 용곡리	전라남도 화순군 백아면 용곡리	4679039536
전라남도 화순군 백아면 원리	전라남도 화순군 백아면 원리	4679039526
전라남도 화순군 백아면 이천리	전라남도 화순군 백아면 이천리	4679039530
전라남도 화순군 백아면 임곡리	전라남도 화순군 백아면 임곡리	4679039521
전라남도 화순군 사평면 검산리	전라남도 화순군 사평면 검산리	4679041523
전라남도 화순군 사평면 남계리	전라남도 화순군 사평면 남계리	4679041532
전라남도 화순군 사평면 내리	전라남도 화순군 사평면 내리	4679041536
전라남도 화순군 사평면 다산리	전라남도 화순군 사평면 다산리	4679041534
전라남도 화순군 사평면 대곡리	전라남도 화순군 사평면 대곡리	4679041522
전라남도 화순군 사평면 벽송리	전라남도 화순군 사평면 벽송리	4679041526
전라남도 화순군 사평면 복교리	전라남도 화순군 사평면 복교리	4679041531
전라남도 화순군 사평면 사수리	전라남도 화순군 사평면 사수리	4679041529
전라남도 화순군 사평면 사평리	전라남도 화순군 사평면 사평리	4679041521
전라남도 화순군 사평면 용리	전라남도 화순군 사평면 용리	4679041535
전라남도 화순군 사평면 운산리	전라남도 화순군 사평면 운산리	4679041524
전라남도 화순군 사평면 원리	전라남도 화순군 사평면 원리	4679041525
전라남도 화순군 사평면 유마리	전라남도 화순군 사평면 유마리	4679041533
전라남도 화순군 사평면 장전리	전라남도 화순군 사평면 장전리	4679041527
전라남도 화순군 사평면 절산리	전라남도 화순군 사평면 절산리	4679041528
전라남도 화순군 사평면 주산리	전라남도 화순군 사평면 주산리	4679041530
전라남도 화순군 이서면 갈두리	전라남도 화순군 이서면 갈두리	4679038032
전라남도 화순군 이서면 도석리	전라남도 화순군 이서면 도석리	4679038026
전라남도 화순군 이서면 보산리	전라남도 화순군 이서면 보산리	4679038023
전라남도 화순군 이서면 보월리	전라남도 화순군 이서면 보월리	4679038028
전라남도 화순군 이서면 서리	전라남도 화순군 이서면 서리	4679038021
전라남도 화순군 이서면 안심리	전라남도 화순군 이서면 안심리	4679038031
전라남도 화순군 이서면 야사리	전라남도 화순군 이서면 야사리	4679038027
전라남도 화순군 이서면 영평리	전라남도 화순군 이서면 영평리	4679038030
전라남도 화순군 이서면 월산리	전라남도 화순군 이서면 월산리	4679038022
전라남도 화순군 이서면 인계리	전라남도 화순군 이서면 인계리	4679038029
전라남도 화순군 이서면 장학리	전라남도 화순군 이서면 장학리	4679038024
전라남도 화순군 이서면 창랑리	전라남도 화순군 이서면 창랑리	4679038025
전라남도 화순군 이양면 강성리	전라남도 화순군 이양면 강성리	4679034022
전라남도 화순군 이양면 구례리	전라남도 화순군 이양면 구례리	4679034035
전라남도 화순군 이양면 금능리	전라남도 화순군 이양면 금능리	4679034021
전라남도 화순군 이양면 매정리	전라남도 화순군 이양면 매정리	4679034033
전라남도 화순군 이양면 묵곡리	전라남도 화순군 이양면 묵곡리	4679034025
전라남도 화순군 이양면 송정리	전라남도 화순군 이양면 송정리	4679034031
전라남도 화순군 이양면 쌍봉리	전라남도 화순군 이양면 쌍봉리	4679034036
전라남도 화순군 이양면 연화리	전라남도 화순군 이양면 연화리	4679034034
전라남도 화순군 이양면 오류리	전라남도 화순군 이양면 오류리	4679034028
전라남도 화순군 이양면 옥리	전라남도 화순군 이양면 옥리	4679034026
전라남도 화순군 이양면 용반리	전라남도 화순군 이양면 용반리	4679034023
전라남도 화순군 이양면 율계리	전라남도 화순군 이양면 율계리	4679034030
전라남도 화순군 이양면 이양리	전라남도 화순군 이양면 이양리	4679034029
전라남도 화순군 이양면 장치리	전라남도 화순군 이양면 장치리	4679034024
전라남도 화순군 이양면 증리	전라남도 화순군 이양면 증리	4679034037
전라남도 화순군 이양면 초방리	전라남도 화순군 이양면 초방리	4679034032
전라남도 화순군 이양면 품평리	전라남도 화순군 이양면 품평리	4679034027
전라남도 화순군 청풍면 대비리	전라남도 화순군 청풍면 대비리	4679033025
전라남도 화순군 청풍면 백운리	전라남도 화순군 청풍면 백운리	4679033026
전라남도 화순군 청풍면 세청리	전라남도 화순군 청풍면 세청리	4679033024
전라남도 화순군 청풍면 신리	전라남도 화순군 청풍면 신리	4679033030
전라남도 화순군 청풍면 신석리	전라남도 화순군 청풍면 신석리	4679033029
전라남도 화순군 청풍면 어리	전라남도 화순군 청풍면 어리	4679033023
전라남도 화순군 청풍면 이만리	전라남도 화순군 청풍면 이만리	4679033028
전라남도 화순군 청풍면 차리	전라남도 화순군 청풍면 차리	4679033031
전라남도 화순군 청풍면 청용리	전라남도 화순군 청풍면 청용리	4679033027
전라남도 화순군 청풍면 풍암리	전라남도 화순군 청풍면 풍암리	4679033021
전라남도 화순군 청풍면 한지리	전라남도 화순군 청풍면 한지리	4679033022
전라남도 화순군 춘양면 가동리	전라남도 화순군 춘양면 가동리	4679032028
전라남도 화순군 춘양면 가봉리	전라남도 화순군 춘양면 가봉리	4679032031
전라남도 화순군 춘양면 대신리	전라남도 화순군 춘양면 대신리	4679032023
전라남도 화순군 춘양면 변천리	전라남도 화순군 춘양면 변천리	4679032029
전라남도 화순군 춘양면 부곡리	전라남도 화순군 춘양면 부곡리	4679032034
전라남도 화순군 춘양면 산간리	전라남도 화순군 춘양면 산간리	4679032030
전라남도 화순군 춘양면 석정리	전라남도 화순군 춘양면 석정리	4679032021
전라남도 화순군 춘양면 양곡리	전라남도 화순군 춘양면 양곡리	4679032025
전라남도 화순군 춘양면 용곡리	전라남도 화순군 춘양면 용곡리	4679032026
전라남도 화순군 춘양면 용두리	전라남도 화순군 춘양면 용두리	4679032032
전라남도 화순군 춘양면 우봉리	전라남도 화순군 춘양면 우봉리	4679032033
전라남도 화순군 춘양면 월평리	전라남도 화순군 춘양면 월평리	4679032027
전라남도 화순군 춘양면 화림리	전라남도 화순군 춘양면 화림리	4679032022
전라남도 화순군 춘양면 회송리	전라남도 화순군 춘양면 회송리	4679032024
전라남도 화순군 한천면 가암리	전라남도 화순군 한천면 가암리	4679031025
전라남도 화순군 한천면 고시리	전라남도 화순군 한천면 고시리	4679031031
전라남도 화순군 한천면 금전리	전라남도 화순군 한천면 금전리	4679031022
전라남도 화순군 한천면 동가리	전라남도 화순군 한천면 동가리	4679031030
전라남도 화순군 한천면 모산리	전라남도 화순군 한천면 모산리	4679031021
전라남도 화순군 한천면 반곡리	전라남도 화순군 한천면 반곡리	4679031027
전라남도 화순군 한천면 오음리	전라남도 화순군 한천면 오음리	4679031026
전라남도 화순군 한천면 정리	전라남도 화순군 한천면 정리	4679031024
전라남도 화순군 한천면 정우리	전라남도 화순군 한천면 정우리	4679031029
전라남도 화순군 한천면 평리	전라남도 화순군 한천면 평리	4679031028
전라남도 화순군 한천면 한계리	전라남도 화순군 한천면 한계리	4679031023
전라남도 화순군 화순읍 감도리	전라남도 화순군 화순읍 감도리	4679025036
전라남도 화순군 화순읍 강정리	전라남도 화순군 화순읍 강정리	4679025034
전라남도 화순군 화순읍 계소리	전라남도 화순군 화순읍 계소리	4679025037
전라남도 화순군 화순읍 광덕리	전라남도 화순군 화순읍 광덕리	4679025030
전라남도 화순군 화순읍 교리	전라남도 화순군 화순읍 교리	4679025021
전라남도 화순군 화순읍 내평리	전라남도 화순군 화순읍 내평리	4679025041
전라남도 화순군 화순읍 다지리	전라남도 화순군 화순읍 다지리	4679025029
전라남도 화순군 화순읍 대리	전라남도 화순군 화순읍 대리	4679025033
전라남도 화순군 화순읍 도웅리	전라남도 화순군 화순읍 도웅리	4679025038
전라남도 화순군 화순읍 동구리	전라남도 화순군 화순읍 동구리	4679025026
전라남도 화순군 화순읍 만연리	전라남도 화순군 화순읍 만연리	4679025023
전라남도 화순군 화순읍 벽라리	전라남도 화순군 화순읍 벽라리	4679025035
전라남도 화순군 화순읍 삼천리	전라남도 화순군 화순읍 삼천리	4679025031
전라남도 화순군 화순읍 서태리	전라남도 화순군 화순읍 서태리	4679025042
전라남도 화순군 화순읍 세량리	전라남도 화순군 화순읍 세량리	4679025039
전라남도 화순군 화순읍 수만리	전라남도 화순군 화순읍 수만리	4679025044
전라남도 화순군 화순읍 신기리	전라남도 화순군 화순읍 신기리	4679025024
전라남도 화순군 화순읍 앵남리	전라남도 화순군 화순읍 앵남리	4679025043
전라남도 화순군 화순읍 연양리	전라남도 화순군 화순읍 연양리	4679025040
전라남도 화순군 화순읍 유천리	전라남도 화순군 화순읍 유천리	4679025027
전라남도 화순군 화순읍 이십곡리	전라남도 화순군 화순읍 이십곡리	4679025032
전라남도 화순군 화순읍 일심리	전라남도 화순군 화순읍 일심리	4679025028
전라남도 화순군 화순읍 주도리	전라남도 화순군 화순읍 주도리	4679025045
전라남도 화순군 화순읍 향청리	전라남도 화순군 화순읍 향청리	4679025022
전라남도 화순군 화순읍 훈리	전라남도 화순군 화순읍 훈리	4679025025
전라북도 고창군 고수면 남산리	전라북도 고창군 고수면 남산리	4579031025
전라북도 고창군 고수면 두평리	전라북도 고창군 고수면 두평리	4579031033
전라북도 고창군 고수면 봉산리	전라북도 고창군 고수면 봉산리	4579031023
전라북도 고창군 고수면 부곡리	전라북도 고창군 고수면 부곡리	4579031031
전라북도 고창군 고수면 상평리	전라북도 고창군 고수면 상평리	4579031032
전라북도 고창군 고수면 예지리	전라북도 고창군 고수면 예지리	4579031026
전라북도 고창군 고수면 와촌리	전라북도 고창군 고수면 와촌리	4579031021
전라북도 고창군 고수면 우평리	전라북도 고창군 고수면 우평리	4579031024
전라북도 고창군 고수면 은사리	전라북도 고창군 고수면 은사리	4579031034
전라북도 고창군 고수면 인성리	전라북도 고창군 고수면 인성리	4579031027
전라북도 고창군 고수면 장두리	전라북도 고창군 고수면 장두리	4579031028
전라북도 고창군 고수면 초내리	전라북도 고창군 고수면 초내리	4579031029
전라북도 고창군 고수면 평지리	전라북도 고창군 고수면 평지리	4579031030
전라북도 고창군 고수면 황산리	전라북도 고창군 고수면 황산리	4579031022
전라북도 고창군 고창읍 교촌리	전라북도 고창군 고창읍 교촌리	4579025022
전라북도 고창군 고창읍 내동리	전라북도 고창군 고창읍 내동리	4579025029
전라북도 고창군 고창읍 노동리	전라북도 고창군 고창읍 노동리	4579025027
전라북도 고창군 고창읍 덕산리	전라북도 고창군 고창읍 덕산리	4579025030
전라북도 고창군 고창읍 덕정리	전라북도 고창군 고창읍 덕정리	4579025035
전라북도 고창군 고창읍 도산리	전라북도 고창군 고창읍 도산리	4579025032
전라북도 고창군 고창읍 석교리	전라북도 고창군 고창읍 석교리	4579025037
전라북도 고창군 고창읍 석정리	전라북도 고창군 고창읍 석정리	4579025025
전라북도 고창군 고창읍 성두리	전라북도 고창군 고창읍 성두리	4579025038
전라북도 고창군 고창읍 신월리	전라북도 고창군 고창읍 신월리	4579025034
전라북도 고창군 고창읍 월곡리	전라북도 고창군 고창읍 월곡리	4579025023
전라북도 고창군 고창읍 월산리	전라북도 고창군 고창읍 월산리	4579025026
전라북도 고창군 고창읍 월암리	전라북도 고창군 고창읍 월암리	4579025024
전라북도 고창군 고창읍 율계리	전라북도 고창군 고창읍 율계리	4579025036
전라북도 고창군 고창읍 읍내리	전라북도 고창군 고창읍 읍내리	4579025021
전라북도 고창군 고창읍 주곡리	전라북도 고창군 고창읍 주곡리	4579025031
전라북도 고창군 고창읍 죽림리	전라북도 고창군 고창읍 죽림리	4579025033
전라북도 고창군 고창읍 화산리	전라북도 고창군 고창읍 화산리	4579025028
전라북도 고창군 공음면 건동리	전라북도 고창군 공음면 건동리	4579034029
전라북도 고창군 공음면 구암리	전라북도 고창군 공음면 구암리	4579034023
전라북도 고창군 공음면 군유리	전라북도 고창군 공음면 군유리	4579034030
전라북도 고창군 공음면 덕암리	전라북도 고창군 공음면 덕암리	4579034032
전라북도 고창군 공음면 두암리	전라북도 고창군 공음면 두암리	4579034021
전라북도 고창군 공음면 석교리	전라북도 고창군 공음면 석교리	4579034024
전라북도 고창군 공음면 선동리	전라북도 고창군 공음면 선동리	4579034028
전라북도 고창군 공음면 신대리	전라북도 고창군 공음면 신대리	4579034022
전라북도 고창군 공음면 예전리	전라북도 고창군 공음면 예전리	4579034031
전라북도 고창군 공음면 용수리	전라북도 고창군 공음면 용수리	4579034027
전라북도 고창군 공음면 장곡리	전라북도 고창군 공음면 장곡리	4579034025
전라북도 고창군 공음면 칠암리	전라북도 고창군 공음면 칠암리	4579034026
전라북도 고창군 대산면 갈마리	전라북도 고창군 대산면 갈마리	4579038030
전라북도 고창군 대산면 광대리	전라북도 고창군 대산면 광대리	4579038022
전라북도 고창군 대산면 대장리	전라북도 고창군 대산면 대장리	4579038032
전라북도 고창군 대산면 덕천리	전라북도 고창군 대산면 덕천리	4579038023
전라북도 고창군 대산면 매산리	전라북도 고창군 대산면 매산리	4579038025
전라북도 고창군 대산면 산정리	전라북도 고창군 대산면 산정리	4579038026
전라북도 고창군 대산면 상금리	전라북도 고창군 대산면 상금리	4579038035
전라북도 고창군 대산면 성남리	전라북도 고창군 대산면 성남리	4579038021
전라북도 고창군 대산면 연동리	전라북도 고창군 대산면 연동리	4579038029
전라북도 고창군 대산면 율촌리	전라북도 고창군 대산면 율촌리	4579038027
전라북도 고창군 대산면 중산리	전라북도 고창군 대산면 중산리	4579038024
전라북도 고창군 대산면 지석리	전라북도 고창군 대산면 지석리	4579038034
전라북도 고창군 대산면 춘산리	전라북도 고창군 대산면 춘산리	4579038028
전라북도 고창군 대산면 해룡리	전라북도 고창군 대산면 해룡리	4579038031
전라북도 고창군 대산면 회룡리	전라북도 고창군 대산면 회룡리	4579038033
전라북도 고창군 무장면 강남리	전라북도 고창군 무장면 강남리	4579033026
전라북도 고창군 무장면 고라리	전라북도 고창군 무장면 고라리	4579033030
전라북도 고창군 무장면 교흥리	전라북도 고창군 무장면 교흥리	4579033023
전라북도 고창군 무장면 덕림리	전라북도 고창군 무장면 덕림리	4579033028
전라북도 고창군 무장면 도곡리	전라북도 고창군 무장면 도곡리	4579033035
전라북도 고창군 무장면 만화리	전라북도 고창군 무장면 만화리	4579033033
전라북도 고창군 무장면 목우리	전라북도 고창군 무장면 목우리	4579033027
전라북도 고창군 무장면 무장리	전라북도 고창군 무장면 무장리	4579033021
전라북도 고창군 무장면 백양리	전라북도 고창군 무장면 백양리	4579033031
전라북도 고창군 무장면 성내리	전라북도 고창군 무장면 성내리	4579033022
전라북도 고창군 무장면 송계리	전라북도 고창군 무장면 송계리	4579033036
전라북도 고창군 무장면 송현리	전라북도 고창군 무장면 송현리	4579033024
전라북도 고창군 무장면 신촌리	전라북도 고창군 무장면 신촌리	4579033032
전라북도 고창군 무장면 옥산리	전라북도 고창군 무장면 옥산리	4579033029
전라북도 고창군 무장면 원촌리	전라북도 고창군 무장면 원촌리	4579033025
전라북도 고창군 무장면 월림리	전라북도 고창군 무장면 월림리	4579033034
전라북도 고창군 부안면 검산리	전라북도 고창군 부안면 검산리	4579043024
전라북도 고창군 부안면 봉암리	전라북도 고창군 부안면 봉암리	4579043028
전라북도 고창군 부안면 사창리	전라북도 고창군 부안면 사창리	4579043033
전라북도 고창군 부안면 상등리	전라북도 고창군 부안면 상등리	4579043032
전라북도 고창군 부안면 상암리	전라북도 고창군 부안면 상암리	4579043027
전라북도 고창군 부안면 선운리	전라북도 고창군 부안면 선운리	4579043030
전라북도 고창군 부안면 송현리	전라북도 고창군 부안면 송현리	4579043029
전라북도 고창군 부안면 수남리	전라북도 고창군 부안면 수남리	4579043023
전라북도 고창군 부안면 수동리	전라북도 고창군 부안면 수동리	4579043025
전라북도 고창군 부안면 수앙리	전라북도 고창군 부안면 수앙리	4579043026
전라북도 고창군 부안면 오산리	전라북도 고창군 부안면 오산리	4579043022
전라북도 고창군 부안면 용산리	전라북도 고창군 부안면 용산리	4579043031
전라북도 고창군 부안면 운양리	전라북도 고창군 부안면 운양리	4579043034
전라북도 고창군 부안면 중흥리	전라북도 고창군 부안면 중흥리	4579043021
전라북도 고창군 상하면 검산리	전라북도 고창군 상하면 검산리	4579035028
전라북도 고창군 상하면 석남리	전라북도 고창군 상하면 석남리	4579035025
전라북도 고창군 상하면 송곡리	전라북도 고창군 상하면 송곡리	4579035029
전라북도 고창군 상하면 용대리	전라북도 고창군 상하면 용대리	4579035027
전라북도 고창군 상하면 용정리	전라북도 고창군 상하면 용정리	4579035023
전라북도 고창군 상하면 자룡리	전라북도 고창군 상하면 자룡리	4579035024
전라북도 고창군 상하면 장산리	전라북도 고창군 상하면 장산리	4579035021
전라북도 고창군 상하면 장호리	전라북도 고창군 상하면 장호리	4579035022
전라북도 고창군 상하면 하장리	전라북도 고창군 상하면 하장리	4579035026
전라북도 고창군 성내면 대흥리	전라북도 고창군 성내면 대흥리	4579041030
전라북도 고창군 성내면 덕산리	전라북도 고창군 성내면 덕산리	4579041025
전라북도 고창군 성내면 동산리	전라북도 고창군 성내면 동산리	4579041027
전라북도 고창군 성내면 부덕리	전라북도 고창군 성내면 부덕리	4579041024
전라북도 고창군 성내면 산림리	전라북도 고창군 성내면 산림리	4579041033
전라북도 고창군 성내면 신대리	전라북도 고창군 성내면 신대리	4579041031
전라북도 고창군 성내면 신성리	전라북도 고창군 성내면 신성리	4579041026
전라북도 고창군 성내면 양계리	전라북도 고창군 성내면 양계리	4579041021
전라북도 고창군 성내면 옥제리	전라북도 고창군 성내면 옥제리	4579041029
전라북도 고창군 성내면 용교리	전라북도 고창군 성내면 용교리	4579041032
전라북도 고창군 성내면 월산리	전라북도 고창군 성내면 월산리	4579041028
전라북도 고창군 성내면 월성리	전라북도 고창군 성내면 월성리	4579041022
전라북도 고창군 성내면 조동리	전라북도 고창군 성내면 조동리	4579041023
전라북도 고창군 성송면 계당리	전라북도 고창군 성송면 계당리	4579037025
전라북도 고창군 성송면 괴치리	전라북도 고창군 성송면 괴치리	4579037027
전라북도 고창군 성송면 낙양리	전라북도 고창군 성송면 낙양리	4579037031
전라북도 고창군 성송면 무송리	전라북도 고창군 성송면 무송리	4579037023
전라북도 고창군 성송면 사내리	전라북도 고창군 성송면 사내리	4579037030
전라북도 고창군 성송면 산수리	전라북도 고창군 성송면 산수리	4579037021
전라북도 고창군 성송면 암치리	전라북도 고창군 성송면 암치리	4579037024
전라북도 고창군 성송면 판정리	전라북도 고창군 성송면 판정리	4579037026
전라북도 고창군 성송면 하고리	전라북도 고창군 성송면 하고리	4579037022
전라북도 고창군 성송면 학천리	전라북도 고창군 성송면 학천리	4579037029
전라북도 고창군 성송면 향산리	전라북도 고창군 성송면 향산리	4579037028
전라북도 고창군 신림면 가평리	전라북도 고창군 신림면 가평리	4579042025
전라북도 고창군 신림면 덕화리	전라북도 고창군 신림면 덕화리	4579042024
전라북도 고창군 신림면 도림리	전라북도 고창군 신림면 도림리	4579042023
전라북도 고창군 신림면 무림리	전라북도 고창군 신림면 무림리	4579042021
전라북도 고창군 신림면 반룡리	전라북도 고창군 신림면 반룡리	4579042027
전라북도 고창군 신림면 법지리	전라북도 고창군 신림면 법지리	4579042031
전라북도 고창군 신림면 벽송리	전라북도 고창군 신림면 벽송리	4579042032
전라북도 고창군 신림면 부송리	전라북도 고창군 신림면 부송리	4579042033
전라북도 고창군 신림면 세곡리	전라북도 고창군 신림면 세곡리	4579042028
전라북도 고창군 신림면 송용리	전라북도 고창군 신림면 송용리	4579042030
전라북도 고창군 신림면 신평리	전라북도 고창군 신림면 신평리	4579042026
전라북도 고창군 신림면 외화리	전라북도 고창군 신림면 외화리	4579042022
전라북도 고창군 신림면 자포리	전라북도 고창군 신림면 자포리	4579042029
전라북도 고창군 심원면 고전리	전라북도 고창군 심원면 고전리	4579039023
전라북도 고창군 심원면 궁산리	전라북도 고창군 심원면 궁산리	4579039021
전라북도 고창군 심원면 도천리	전라북도 고창군 심원면 도천리	4579039026
전라북도 고창군 심원면 두어리	전라북도 고창군 심원면 두어리	4579039025
전라북도 고창군 심원면 만돌리	전라북도 고창군 심원면 만돌리	4579039024
전라북도 고창군 심원면 연화리	전라북도 고창군 심원면 연화리	4579039027
전라북도 고창군 심원면 용기리	전라북도 고창군 심원면 용기리	4579039030
전라북도 고창군 심원면 월산리	전라북도 고창군 심원면 월산리	4579039028
전라북도 고창군 심원면 주산리	전라북도 고창군 심원면 주산리	4579039022
전라북도 고창군 심원면 하전리	전라북도 고창군 심원면 하전리	4579039029
전라북도 고창군 아산면 계산리	전라북도 고창군 아산면 계산리	4579032033
전라북도 고창군 아산면 구암리	전라북도 고창군 아산면 구암리	4579032034
전라북도 고창군 아산면 남산리	전라북도 고창군 아산면 남산리	4579032028
전라북도 고창군 아산면 대동리	전라북도 고창군 아산면 대동리	4579032026
전라북도 고창군 아산면 목동리	전라북도 고창군 아산면 목동리	4579032023
전라북도 고창군 아산면 반암리	전라북도 고창군 아산면 반암리	4579032035
전라북도 고창군 아산면 봉덕리	전라북도 고창군 아산면 봉덕리	4579032021
전라북도 고창군 아산면 삼인리	전라북도 고창군 아산면 삼인리	4579032036
전라북도 고창군 아산면 상갑리	전라북도 고창군 아산면 상갑리	4579032024
전라북도 고창군 아산면 성산리	전라북도 고창군 아산면 성산리	4579032029
전라북도 고창군 아산면 용계리	전라북도 고창군 아산면 용계리	4579032032
전라북도 고창군 아산면 운곡리	전라북도 고창군 아산면 운곡리	4579032031
전라북도 고창군 아산면 주진리	전라북도 고창군 아산면 주진리	4579032027
전라북도 고창군 아산면 중월리	전라북도 고창군 아산면 중월리	4579032022
전라북도 고창군 아산면 하갑리	전라북도 고창군 아산면 하갑리	4579032025
전라북도 고창군 아산면 학전리	전라북도 고창군 아산면 학전리	4579032030
전라북도 고창군 해리면 고성리	전라북도 고창군 해리면 고성리	4579036023
전라북도 고창군 해리면 광승리	전라북도 고창군 해리면 광승리	4579036031
전라북도 고창군 해리면 금평리	전라북도 고창군 해리면 금평리	4579036030
전라북도 고창군 해리면 동호리	전라북도 고창군 해리면 동호리	4579036032
전라북도 고창군 해리면 라성리	전라북도 고창군 해리면 라성리	4579036027
전라북도 고창군 해리면 방축리	전라북도 고창군 해리면 방축리	4579036029
전라북도 고창군 해리면 사반리	전라북도 고창군 해리면 사반리	4579036028
전라북도 고창군 해리면 송산리	전라북도 고창군 해리면 송산리	4579036024
전라북도 고창군 해리면 안산리	전라북도 고창군 해리면 안산리	4579036025
전라북도 고창군 해리면 왕촌리	전라북도 고창군 해리면 왕촌리	4579036026
전라북도 고창군 해리면 평지리	전라북도 고창군 해리면 평지리	4579036022
전라북도 고창군 해리면 하련리	전라북도 고창군 해리면 하련리	4579036021
전라북도 고창군 흥덕면 교운리	전라북도 고창군 흥덕면 교운리	4579040030
전라북도 고창군 흥덕면 동사리	전라북도 고창군 흥덕면 동사리	4579040022
전라북도 고창군 흥덕면 사천리	전라북도 고창군 흥덕면 사천리	4579040034
전라북도 고창군 흥덕면 사포리	전라북도 고창군 흥덕면 사포리	4579040029
전라북도 고창군 흥덕면 석교리	전라북도 고창군 흥덕면 석교리	4579040033
전라북도 고창군 흥덕면 석우리	전라북도 고창군 흥덕면 석우리	4579040031
전라북도 고창군 흥덕면 송암리	전라북도 고창군 흥덕면 송암리	4579040036
전라북도 고창군 흥덕면 신덕리	전라북도 고창군 흥덕면 신덕리	4579040027
전라북도 고창군 흥덕면 신송리	전라북도 고창군 흥덕면 신송리	4579040024
전라북도 고창군 흥덕면 오호리	전라북도 고창군 흥덕면 오호리	4579040032
전라북도 고창군 흥덕면 용반리	전라북도 고창군 흥덕면 용반리	4579040026
전라북도 고창군 흥덕면 제하리	전라북도 고창군 흥덕면 제하리	4579040035
전라북도 고창군 흥덕면 치룡리	전라북도 고창군 흥덕면 치룡리	4579040023
전라북도 고창군 흥덕면 하남리	전라북도 고창군 흥덕면 하남리	4579040025
전라북도 고창군 흥덕면 후포리	전라북도 고창군 흥덕면 후포리	4579040028
전라북도 고창군 흥덕면 흥덕리	전라북도 고창군 흥덕면 흥덕리	4579040021
전라북도 군산시 개복동	전라북도 군산시 개복동	4513011700
전라북도 군산시 개사동	전라북도 군산시 개사동	4513015000
전라북도 군산시 개정동	전라북도 군산시 개정동	4513013900
전라북도 군산시 개정면 발산리	전라북도 군산시 개정면 발산리	4513036024
전라북도 군산시 개정면 아동리	전라북도 군산시 개정면 아동리	4513036021
전라북도 군산시 개정면 아산리	전라북도 군산시 개정면 아산리	4513036023
전라북도 군산시 개정면 옥석리	전라북도 군산시 개정면 옥석리	4513036026
전라북도 군산시 개정면 운회리	전라북도 군산시 개정면 운회리	4513036022
전라북도 군산시 개정면 통사리	전라북도 군산시 개정면 통사리	4513036025
전라북도 군산시 경암동	전라북도 군산시 경암동	4513013600
전라북도 군산시 경장동	전라북도 군산시 경장동	4513013500
전라북도 군산시 구암동	전라북도 군산시 구암동	4513013700
전라북도 군산시 금광동	전라북도 군산시 금광동	4513010700
전라북도 군산시 금동	전라북도 군산시 금동	4513010300
전라북도 군산시 금암동	전라북도 군산시 금암동	4513013100
전라북도 군산시 나운동	전라북도 군산시 나운동	4513014400
전라북도 군산시 나포면 나포리	전라북도 군산시 나포면 나포리	4513038021
전라북도 군산시 나포면 부곡리	전라북도 군산시 나포면 부곡리	4513038025
전라북도 군산시 나포면 서포리	전라북도 군산시 나포면 서포리	4513038026
전라북도 군산시 나포면 옥곤리	전라북도 군산시 나포면 옥곤리	4513038023
전라북도 군산시 나포면 장상리	전라북도 군산시 나포면 장상리	4513038022
전라북도 군산시 나포면 주곡리	전라북도 군산시 나포면 주곡리	4513038024
전라북도 군산시 내초동	전라북도 군산시 내초동	4513015200
전라북도 군산시 내흥동	전라북도 군산시 내흥동	4513013800
전라북도 군산시 대명동	전라북도 군산시 대명동	4513012700
전라북도 군산시 대야면 광교리	전라북도 군산시 대야면 광교리	4513035024
전라북도 군산시 대야면 보덕리	전라북도 군산시 대야면 보덕리	4513035027
전라북도 군산시 대야면 복교리	전라북도 군산시 대야면 복교리	4513035023
전라북도 군산시 대야면 산월리	전라북도 군산시 대야면 산월리	4513035021
전라북도 군산시 대야면 접산리	전라북도 군산시 대야면 접산리	4513035025
전라북도 군산시 대야면 죽산리	전라북도 군산시 대야면 죽산리	4513035026
전라북도 군산시 대야면 지경리	전라북도 군산시 대야면 지경리	4513035022
전라북도 군산시 동흥남동	전라북도 군산시 동흥남동	4513013200
전라북도 군산시 둔율동	전라북도 군산시 둔율동	4513011300
전라북도 군산시 명산동	전라북도 군산시 명산동	4513011500
전라북도 군산시 문화동	전라북도 군산시 문화동	4513011000
전라북도 군산시 미룡동	전라북도 군산시 미룡동	4513014500
전라북도 군산시 미원동	전라북도 군산시 미원동	4513012900
전라북도 군산시 미장동	전라북도 군산시 미장동	4513014200
전라북도 군산시 비응도동	전라북도 군산시 비응도동	4513014800
전라북도 군산시 사정동	전라북도 군산시 사정동	4513014000
전라북도 군산시 산북동	전라북도 군산시 산북동	4513015100
전라북도 군산시 삼학동	전라북도 군산시 삼학동	4513011100
전라북도 군산시 서수면 관원리	전라북도 군산시 서수면 관원리	4513034023
전라북도 군산시 서수면 금암리	전라북도 군산시 서수면 금암리	4513034026
전라북도 군산시 서수면 마룡리	전라북도 군산시 서수면 마룡리	4513034024
전라북도 군산시 서수면 서수리	전라북도 군산시 서수면 서수리	4513034021
전라북도 군산시 서수면 축동리	전라북도 군산시 서수면 축동리	4513034022
전라북도 군산시 서수면 화등리	전라북도 군산시 서수면 화등리	4513034025
전라북도 군산시 서흥남동	전라북도 군산시 서흥남동	4513013300
전라북도 군산시 선양동	전라북도 군산시 선양동	4513011200
전라북도 군산시 성산면 고봉리	전라북도 군산시 성산면 고봉리	4513037023
전라북도 군산시 성산면 대명리	전라북도 군산시 성산면 대명리	4513037026
전라북도 군산시 성산면 도암리	전라북도 군산시 성산면 도암리	4513037024
전라북도 군산시 성산면 둔덕리	전라북도 군산시 성산면 둔덕리	4513037022
전라북도 군산시 성산면 산곡리	전라북도 군산시 성산면 산곡리	4513037028
전라북도 군산시 성산면 성덕리	전라북도 군산시 성산면 성덕리	4513037021
전라북도 군산시 성산면 여방리	전라북도 군산시 성산면 여방리	4513037025
전라북도 군산시 성산면 창오리	전라북도 군산시 성산면 창오리	4513037027
전라북도 군산시 소룡동	전라북도 군산시 소룡동	4513014600
전라북도 군산시 송창동	전라북도 군산시 송창동	4513011600
전라북도 군산시 송풍동	전라북도 군산시 송풍동	4513010900
전라북도 군산시 수송동	전라북도 군산시 수송동	4513014100
전라북도 군산시 신관동	전라북도 군산시 신관동	4513014900
전라북도 군산시 신영동	전라북도 군산시 신영동	4513012300
전라북도 군산시 신창동	전라북도 군산시 신창동	4513010500
전라북도 군산시 신풍동	전라북도 군산시 신풍동	4513010800
전라북도 군산시 신흥동	전라북도 군산시 신흥동	4513010200
전라북도 군산시 영동	전라북도 군산시 영동	4513012200
전라북도 군산시 영화동	전라북도 군산시 영화동	4513011900
전라북도 군산시 오룡동	전라북도 군산시 오룡동	4513010600
전라북도 군산시 오식도동	전라북도 군산시 오식도동	4513014700
전라북도 군산시 옥구읍 상평리	전라북도 군산시 옥구읍 상평리	4513025022
전라북도 군산시 옥구읍 선제리	전라북도 군산시 옥구읍 선제리	4513025026
전라북도 군산시 옥구읍 수산리	전라북도 군산시 옥구읍 수산리	4513025024
전라북도 군산시 옥구읍 어은리	전라북도 군산시 옥구읍 어은리	4513025027
전라북도 군산시 옥구읍 오곡리	전라북도 군산시 옥구읍 오곡리	4513025025
전라북도 군산시 옥구읍 옥정리	전라북도 군산시 옥구읍 옥정리	4513025021
전라북도 군산시 옥구읍 이곡리	전라북도 군산시 옥구읍 이곡리	4513025023
전라북도 군산시 옥도면 개야도리	전라북도 군산시 옥도면 개야도리	4513039021
전라북도 군산시 옥도면 관리도리	전라북도 군산시 옥도면 관리도리	4513039029
전라북도 군산시 옥도면 대장도리	전라북도 군산시 옥도면 대장도리	4513039033
전라북도 군산시 옥도면 두리도리	전라북도 군산시 옥도면 두리도리	4513039034
전라북도 군산시 옥도면 말도리	전라북도 군산시 옥도면 말도리	4513039030
전라북도 군산시 옥도면 무녀도리	전라북도 군산시 옥도면 무녀도리	4513039025
전라북도 군산시 옥도면 비안도리	전라북도 군산시 옥도면 비안도리	4513039031
전라북도 군산시 옥도면 선유도리	전라북도 군산시 옥도면 선유도리	4513039024
전라북도 군산시 옥도면 신시도리	전라북도 군산시 옥도면 신시도리	4513039026
전라북도 군산시 옥도면 야미도리	전라북도 군산시 옥도면 야미도리	4513039027
전라북도 군산시 옥도면 어청도리	전라북도 군산시 옥도면 어청도리	4513039023
전라북도 군산시 옥도면 연도리	전라북도 군산시 옥도면 연도리	4513039022
전라북도 군산시 옥도면 장자도리	전라북도 군산시 옥도면 장자도리	4513039028
전라북도 군산시 옥도면 죽도리	전라북도 군산시 옥도면 죽도리	4513039032
전라북도 군산시 옥산면 금성리	전라북도 군산시 옥산면 금성리	4513031025
전라북도 군산시 옥산면 남내리	전라북도 군산시 옥산면 남내리	4513031022
전라북도 군산시 옥산면 당북리	전라북도 군산시 옥산면 당북리	4513031024
전라북도 군산시 옥산면 쌍봉리	전라북도 군산시 옥산면 쌍봉리	4513031023
전라북도 군산시 옥산면 옥산리	전라북도 군산시 옥산면 옥산리	4513031021
전라북도 군산시 옥서면 선연리	전라북도 군산시 옥서면 선연리	4513040022
전라북도 군산시 옥서면 옥봉리	전라북도 군산시 옥서면 옥봉리	4513040021
전라북도 군산시 월명동	전라북도 군산시 월명동	4513010400
전라북도 군산시 임피면 미원리	전라북도 군산시 임피면 미원리	4513033023
전라북도 군산시 임피면 보석리	전라북도 군산시 임피면 보석리	4513033024
전라북도 군산시 임피면 술산리	전라북도 군산시 임피면 술산리	4513033025
전라북도 군산시 임피면 영창리	전라북도 군산시 임피면 영창리	4513033027
전라북도 군산시 임피면 월하리	전라북도 군산시 임피면 월하리	4513033026
전라북도 군산시 임피면 읍내리	전라북도 군산시 임피면 읍내리	4513033021
전라북도 군산시 임피면 축산리	전라북도 군산시 임피면 축산리	4513033022
전라북도 군산시 장미동	전라북도 군산시 장미동	4513012000
전라북도 군산시 장재동	전라북도 군산시 장재동	4513012800
전라북도 군산시 조촌동	전라북도 군산시 조촌동	4513013400
전라북도 군산시 죽성동	전라북도 군산시 죽성동	4513012400
전라북도 군산시 중동	전라북도 군산시 중동	4513013000
전라북도 군산시 중앙로1가	전라북도 군산시 중앙로1가	4513011800
전라북도 군산시 중앙로2가	전라북도 군산시 중앙로2가	4513012100
전라북도 군산시 중앙로3가	전라북도 군산시 중앙로3가	4513012600
전라북도 군산시 지곡동	전라북도 군산시 지곡동	4513014300
전라북도 군산시 창성동	전라북도 군산시 창성동	4513011400
전라북도 군산시 평화동	전라북도 군산시 평화동	4513012500
전라북도 군산시 해망동	전라북도 군산시 해망동	4513010100
전라북도 군산시 회현면 고사리	전라북도 군산시 회현면 고사리	4513032025
전라북도 군산시 회현면 금광리	전라북도 군산시 회현면 금광리	4513032022
전라북도 군산시 회현면 대정리	전라북도 군산시 회현면 대정리	4513032023
전라북도 군산시 회현면 세장리	전라북도 군산시 회현면 세장리	4513032024
전라북도 군산시 회현면 원우리	전라북도 군산시 회현면 원우리	4513032027
전라북도 군산시 회현면 월연리	전라북도 군산시 회현면 월연리	4513032021
전라북도 군산시 회현면 증석리	전라북도 군산시 회현면 증석리	4513032028
전라북도 군산시 회현면 학당리	전라북도 군산시 회현면 학당리	4513032026
전라북도 김제시 갈공동	전라북도 김제시 갈공동	4521011100
전라북도 김제시 검산동	전라북도 김제시 검산동	4521010400
전라북도 김제시 공덕면 공덕리	전라북도 김제시 공덕면 공덕리	4521038023
전라북도 김제시 공덕면 동계리	전라북도 김제시 공덕면 동계리	4521038024
전라북도 김제시 공덕면 마현리	전라북도 김제시 공덕면 마현리	4521038021
전라북도 김제시 공덕면 저산리	전라북도 김제시 공덕면 저산리	4521038025
전라북도 김제시 공덕면 제말리	전라북도 김제시 공덕면 제말리	4521038026
전라북도 김제시 공덕면 황산리	전라북도 김제시 공덕면 황산리	4521038022
전라북도 김제시 공덕면 회룡리	전라북도 김제시 공덕면 회룡리	4521038027
전라북도 김제시 광활면 옥포리	전라북도 김제시 광활면 옥포리	4521046021
전라북도 김제시 광활면 은파리	전라북도 김제시 광활면 은파리	4521046022
전라북도 김제시 광활면 창제리	전라북도 김제시 광활면 창제리	4521046023
전라북도 김제시 교동	전라북도 김제시 교동	4521010900
전라북도 김제시 금구면 금구리	전라북도 김제시 금구면 금구리	4521042021
전라북도 김제시 금구면 낙성리	전라북도 김제시 금구면 낙성리	4521042029
전라북도 김제시 금구면 대화리	전라북도 김제시 금구면 대화리	4521042027
전라북도 김제시 금구면 산동리	전라북도 김제시 금구면 산동리	4521042028
전라북도 김제시 금구면 서도리	전라북도 김제시 금구면 서도리	4521042034
전라북도 김제시 금구면 선암리	전라북도 김제시 금구면 선암리	4521042024
전라북도 김제시 금구면 오봉리	전라북도 김제시 금구면 오봉리	4521042026
전라북도 김제시 금구면 옥성리	전라북도 김제시 금구면 옥성리	4521042032
전라북도 김제시 금구면 용복리	전라북도 김제시 금구면 용복리	4521042023
전라북도 김제시 금구면 용지리	전라북도 김제시 금구면 용지리	4521042031
전라북도 김제시 금구면 월전리	전라북도 김제시 금구면 월전리	4521042025
전라북도 김제시 금구면 청운리	전라북도 김제시 금구면 청운리	4521042030
전라북도 김제시 금구면 하신리	전라북도 김제시 금구면 하신리	4521042033
전라북도 김제시 금산면 구월리	전라북도 김제시 금산면 구월리	4521045033
전라북도 김제시 금산면 금산리	전라북도 김제시 금산면 금산리	4521045029
전라북도 김제시 금산면 금성리	전라북도 김제시 금산면 금성리	4521045026
전라북도 김제시 금산면 삼봉리	전라북도 김제시 금산면 삼봉리	4521045031
전라북도 김제시 금산면 선동리	전라북도 김제시 금산면 선동리	4521045025
전라북도 김제시 금산면 성계리	전라북도 김제시 금산면 성계리	4521045021
전라북도 김제시 금산면 쌍용리	전라북도 김제시 금산면 쌍용리	4521045022
전라북도 김제시 금산면 용산리	전라북도 김제시 금산면 용산리	4521045032
전라북도 김제시 금산면 용호리	전라북도 김제시 금산면 용호리	4521045024
전라북도 김제시 금산면 원평리	전라북도 김제시 금산면 원평리	4521045023
전라북도 김제시 금산면 장흥리	전라북도 김제시 금산면 장흥리	4521045028
전라북도 김제시 금산면 청도리	전라북도 김제시 금산면 청도리	4521045030
전라북도 김제시 금산면 화율리	전라북도 김제시 금산면 화율리	4521045027
전라북도 김제시 난봉동	전라북도 김제시 난봉동	4521011700
전라북도 김제시 도장동	전라북도 김제시 도장동	4521012800
전라북도 김제시 만경읍 대동리	전라북도 김제시 만경읍 대동리	4521025023
전라북도 김제시 만경읍 만경리	전라북도 김제시 만경읍 만경리	4521025021
전라북도 김제시 만경읍 몽산리	전라북도 김제시 만경읍 몽산리	4521025027
전라북도 김제시 만경읍 소토리	전라북도 김제시 만경읍 소토리	4521025025
전라북도 김제시 만경읍 송상리	전라북도 김제시 만경읍 송상리	4521025024
전라북도 김제시 만경읍 장산리	전라북도 김제시 만경읍 장산리	4521025022
전라북도 김제시 만경읍 화포리	전라북도 김제시 만경읍 화포리	4521025026
전라북도 김제시 명덕동	전라북도 김제시 명덕동	4521012600
전라북도 김제시 백구면 마산리	전라북도 김제시 백구면 마산리	4521035029
전라북도 김제시 백구면 반월리	전라북도 김제시 백구면 반월리	4521035026
전라북도 김제시 백구면 백구리	전라북도 김제시 백구면 백구리	4521035025
전라북도 김제시 백구면 부용리	전라북도 김제시 백구면 부용리	4521035022
전라북도 김제시 백구면 삼정리	전라북도 김제시 백구면 삼정리	4521035024
전라북도 김제시 백구면 석담리	전라북도 김제시 백구면 석담리	4521035027
전라북도 김제시 백구면 영상리	전라북도 김제시 백구면 영상리	4521035030
전라북도 김제시 백구면 월봉리	전라북도 김제시 백구면 월봉리	4521035021
전라북도 김제시 백구면 유강리	전라북도 김제시 백구면 유강리	4521035023
전라북도 김제시 백구면 학동리	전라북도 김제시 백구면 학동리	4521035028
전라북도 김제시 백산면 부거리	전라북도 김제시 백산면 부거리	4521033029
전라북도 김제시 백산면 상리	전라북도 김제시 백산면 상리	4521033026
전라북도 김제시 백산면 상정리	전라북도 김제시 백산면 상정리	4521033025
전라북도 김제시 백산면 석교리	전라북도 김제시 백산면 석교리	4521033030
전라북도 김제시 백산면 수록리	전라북도 김제시 백산면 수록리	4521033028
전라북도 김제시 백산면 조종리	전라북도 김제시 백산면 조종리	4521033027
전라북도 김제시 백산면 하서리	전라북도 김제시 백산면 하서리	4521033031
전라북도 김제시 백산면 하정리	전라북도 김제시 백산면 하정리	4521033021
전라북도 김제시 백학동	전라북도 김제시 백학동	4521010600
전라북도 김제시 복죽동	전라북도 김제시 복죽동	4521011900
전라북도 김제시 봉남면 구정리	전라북도 김제시 봉남면 구정리	4521043032
전라북도 김제시 봉남면 내광리	전라북도 김제시 봉남면 내광리	4521043034
전라북도 김제시 봉남면 대송리	전라북도 김제시 봉남면 대송리	4521043021
전라북도 김제시 봉남면 신응리	전라북도 김제시 봉남면 신응리	4521043029
전라북도 김제시 봉남면 신호리	전라북도 김제시 봉남면 신호리	4521043024
전라북도 김제시 봉남면 용신리	전라북도 김제시 봉남면 용신리	4521043035
전라북도 김제시 봉남면 종덕리	전라북도 김제시 봉남면 종덕리	4521043030
전라북도 김제시 봉남면 평사리	전라북도 김제시 봉남면 평사리	4521043022
전라북도 김제시 봉남면 행촌리	전라북도 김제시 봉남면 행촌리	4521043031
전라북도 김제시 봉남면 화봉리	전라북도 김제시 봉남면 화봉리	4521043023
전라북도 김제시 봉남면 회성리	전라북도 김제시 봉남면 회성리	4521043033
전라북도 김제시 부량면 금강리	전라북도 김제시 부량면 금강리	4521036026
전라북도 김제시 부량면 대평리	전라북도 김제시 부량면 대평리	4521036021
전라북도 김제시 부량면 신두리	전라북도 김제시 부량면 신두리	4521036023
전라북도 김제시 부량면 신용리	전라북도 김제시 부량면 신용리	4521036024
전라북도 김제시 부량면 옥정리	전라북도 김제시 부량면 옥정리	4521036027
전라북도 김제시 부량면 용성리	전라북도 김제시 부량면 용성리	4521036025
전라북도 김제시 부량면 월승리	전라북도 김제시 부량면 월승리	4521036022
전라북도 김제시 상동동	전라북도 김제시 상동동	4521011400
전라북도 김제시 서암동	전라북도 김제시 서암동	4521010700
전라북도 김제시 서정동	전라북도 김제시 서정동	4521012900
전라북도 김제시 성덕면 남포리	전라북도 김제시 성덕면 남포리	4521040026
전라북도 김제시 성덕면 대목리	전라북도 김제시 성덕면 대목리	4521040022
전라북도 김제시 성덕면 대석리	전라북도 김제시 성덕면 대석리	4521040023
전라북도 김제시 성덕면 묘라리	전라북도 김제시 성덕면 묘라리	4521040024
전라북도 김제시 성덕면 석동리	전라북도 김제시 성덕면 석동리	4521040021
전라북도 김제시 성덕면 성덕리	전라북도 김제시 성덕면 성덕리	4521040025
전라북도 김제시 순동	전라북도 김제시 순동	4521010500
전라북도 김제시 신곡동	전라북도 김제시 신곡동	4521010800
전라북도 김제시 신덕동	전라북도 김제시 신덕동	4521012200
전라북도 김제시 신월동	전라북도 김제시 신월동	4521012400
전라북도 김제시 신풍동	전라북도 김제시 신풍동	4521010200
전라북도 김제시 양전동	전라북도 김제시 양전동	4521013000
전라북도 김제시 연정동	전라북도 김제시 연정동	4521012500
전라북도 김제시 오정동	전라북도 김제시 오정동	4521011800
전라북도 김제시 옥산동	전라북도 김제시 옥산동	4521011000
전라북도 김제시 요촌동	전라북도 김제시 요촌동	4521010100
전라북도 김제시 용동	전라북도 김제시 용동	4521010300
전라북도 김제시 용지면 구암리	전라북도 김제시 용지면 구암리	4521034021
전라북도 김제시 용지면 반교리	전라북도 김제시 용지면 반교리	4521034027
전라북도 김제시 용지면 봉의리	전라북도 김제시 용지면 봉의리	4521034024
전라북도 김제시 용지면 부교리	전라북도 김제시 용지면 부교리	4521034029
전라북도 김제시 용지면 송산리	전라북도 김제시 용지면 송산리	4521034023
전라북도 김제시 용지면 신정리	전라북도 김제시 용지면 신정리	4521034030
전라북도 김제시 용지면 예촌리	전라북도 김제시 용지면 예촌리	4521034022
전라북도 김제시 용지면 와룡리	전라북도 김제시 용지면 와룡리	4521034025
전라북도 김제시 용지면 용수리	전라북도 김제시 용지면 용수리	4521034031
전라북도 김제시 용지면 용암리	전라북도 김제시 용지면 용암리	4521034028
전라북도 김제시 용지면 장신리	전라북도 김제시 용지면 장신리	4521034032
전라북도 김제시 용지면 효정리	전라북도 김제시 용지면 효정리	4521034026
전라북도 김제시 월봉동	전라북도 김제시 월봉동	4521012300
전라북도 김제시 월성동	전라북도 김제시 월성동	4521011500
전라북도 김제시 입석동	전라북도 김제시 입석동	4521012000
전라북도 김제시 장화동	전라북도 김제시 장화동	4521012100
전라북도 김제시 제월동	전라북도 김제시 제월동	4521012700
전라북도 김제시 죽산면 대창리	전라북도 김제시 죽산면 대창리	4521032025
전라북도 김제시 죽산면 서포리	전라북도 김제시 죽산면 서포리	4521032026
전라북도 김제시 죽산면 신흥리	전라북도 김제시 죽산면 신흥리	4521032028
전라북도 김제시 죽산면 연포리	전라북도 김제시 죽산면 연포리	4521032027
전라북도 김제시 죽산면 옥성리	전라북도 김제시 죽산면 옥성리	4521032023
전라북도 김제시 죽산면 종신리	전라북도 김제시 죽산면 종신리	4521032024
전라북도 김제시 죽산면 죽산리	전라북도 김제시 죽산면 죽산리	4521032021
전라북도 김제시 죽산면 홍산리	전라북도 김제시 죽산면 홍산리	4521032022
전라북도 김제시 진봉면 가실리	전라북도 김제시 진봉면 가실리	4521041023
전라북도 김제시 진봉면 고사리	전라북도 김제시 진봉면 고사리	4521041021
전라북도 김제시 진봉면 상궐리	전라북도 김제시 진봉면 상궐리	4521041024
전라북도 김제시 진봉면 심포리	전라북도 김제시 진봉면 심포리	4521041025
전라북도 김제시 진봉면 정당리	전라북도 김제시 진봉면 정당리	4521041022
전라북도 김제시 청하면 관상리	전라북도 김제시 청하면 관상리	4521039024
전라북도 김제시 청하면 대청리	전라북도 김제시 청하면 대청리	4521039023
전라북도 김제시 청하면 동지산리	전라북도 김제시 청하면 동지산리	4521039021
전라북도 김제시 청하면 월현리	전라북도 김제시 청하면 월현리	4521039025
전라북도 김제시 청하면 장산리	전라북도 김제시 청하면 장산리	4521039022
전라북도 김제시 하동	전라북도 김제시 하동	4521011200
전라북도 김제시 황산동	전라북도 김제시 황산동	4521011600
전라북도 김제시 황산면 남산리	전라북도 김제시 황산면 남산리	4521044027
전라북도 김제시 황산면 봉월리	전라북도 김제시 황산면 봉월리	4521044021
전라북도 김제시 황산면 쌍감리	전라북도 김제시 황산면 쌍감리	4521044026
전라북도 김제시 황산면 용마리	전라북도 김제시 황산면 용마리	4521044022
전라북도 김제시 황산면 진흥리	전라북도 김제시 황산면 진흥리	4521044028
전라북도 김제시 황산면 홍정리	전라북도 김제시 황산면 홍정리	4521044023
전라북도 김제시 흥사동	전라북도 김제시 흥사동	4521011300
전라북도 남원시 갈치동	전라북도 남원시 갈치동	4519012000
전라북도 남원시 고죽동	전라북도 남원시 고죽동	4519011800
전라북도 남원시 광치동	전라북도 남원시 광치동	4519011300
전라북도 남원시 금동	전라북도 남원시 금동	4519010600
전라북도 남원시 금지면 귀석리	전라북도 남원시 금지면 귀석리	4519035030
전라북도 남원시 금지면 방촌리	전라북도 남원시 금지면 방촌리	4519035024
전라북도 남원시 금지면 상귀리	전라북도 남원시 금지면 상귀리	4519035029
전라북도 남원시 금지면 상신리	전라북도 남원시 금지면 상신리	4519035027
전라북도 남원시 금지면 서매리	전라북도 남원시 금지면 서매리	4519035023
전라북도 남원시 금지면 신월리	전라북도 남원시 금지면 신월리	4519035028
전라북도 남원시 금지면 옹정리	전라북도 남원시 금지면 옹정리	4519035021
전라북도 남원시 금지면 입암리	전라북도 남원시 금지면 입암리	4519035022
전라북도 남원시 금지면 창산리	전라북도 남원시 금지면 창산리	4519035026
전라북도 남원시 금지면 택내리	전라북도 남원시 금지면 택내리	4519035025
전라북도 남원시 금지면 하도리	전라북도 남원시 금지면 하도리	4519035031
전라북도 남원시 내척동	전라북도 남원시 내척동	4519011400
전라북도 남원시 노암동	전라북도 남원시 노암동	4519012100
전라북도 남원시 대강면 강석리	전라북도 남원시 대강면 강석리	4519036027
전라북도 남원시 대강면 방동리	전라북도 남원시 대강면 방동리	4519036029
전라북도 남원시 대강면 방산리	전라북도 남원시 대강면 방산리	4519036033
전라북도 남원시 대강면 사석리	전라북도 남원시 대강면 사석리	4519036028
전라북도 남원시 대강면 생암리	전라북도 남원시 대강면 생암리	4519036031
전라북도 남원시 대강면 송대리	전라북도 남원시 대강면 송대리	4519036026
전라북도 남원시 대강면 수홍리	전라북도 남원시 대강면 수홍리	4519036022
전라북도 남원시 대강면 신덕리	전라북도 남원시 대강면 신덕리	4519036032
전라북도 남원시 대강면 옥택리	전라북도 남원시 대강면 옥택리	4519036023
전라북도 남원시 대강면 월탄리	전라북도 남원시 대강면 월탄리	4519036030
전라북도 남원시 대강면 입암리	전라북도 남원시 대강면 입암리	4519036025
전라북도 남원시 대강면 평촌리	전라북도 남원시 대강면 평촌리	4519036024
전라북도 남원시 대강면 풍산리	전라북도 남원시 대강면 풍산리	4519036021
전라북도 남원시 대산면 금성리	전라북도 남원시 대산면 금성리	4519037021
전라북도 남원시 대산면 길곡리	전라북도 남원시 대산면 길곡리	4519037028
전라북도 남원시 대산면 대곡리	전라북도 남원시 대산면 대곡리	4519037023
전라북도 남원시 대산면 수덕리	전라북도 남원시 대산면 수덕리	4519037022
전라북도 남원시 대산면 신계리	전라북도 남원시 대산면 신계리	4519037025
전라북도 남원시 대산면 옥율리	전라북도 남원시 대산면 옥율리	4519037027
전라북도 남원시 대산면 운교리	전라북도 남원시 대산면 운교리	4519037026
전라북도 남원시 대산면 풍촌리	전라북도 남원시 대산면 풍촌리	4519037024
전라북도 남원시 덕과면 고정리	전라북도 남원시 덕과면 고정리	4519039024
전라북도 남원시 덕과면 덕촌리	전라북도 남원시 덕과면 덕촌리	4519039025
전라북도 남원시 덕과면 만도리	전라북도 남원시 덕과면 만도리	4519039021
전라북도 남원시 덕과면 사율리	전라북도 남원시 덕과면 사율리	4519039023
전라북도 남원시 덕과면 신양리	전라북도 남원시 덕과면 신양리	4519039022
전라북도 남원시 덕과면 용산리	전라북도 남원시 덕과면 용산리	4519039026
전라북도 남원시 도통동	전라북도 남원시 도통동	4519011600
전라북도 남원시 동충동	전라북도 남원시 동충동	4519010100
전라북도 남원시 보절면 괴양리	전라북도 남원시 보절면 괴양리	4519040022
전라북도 남원시 보절면 금다리	전라북도 남원시 보절면 금다리	4519040024
전라북도 남원시 보절면 도룡리	전라북도 남원시 보절면 도룡리	4519040027
전라북도 남원시 보절면 사촌리	전라북도 남원시 보절면 사촌리	4519040028
전라북도 남원시 보절면 서치리	전라북도 남원시 보절면 서치리	4519040021
전라북도 남원시 보절면 성시리	전라북도 남원시 보절면 성시리	4519040029
전라북도 남원시 보절면 신파리	전라북도 남원시 보절면 신파리	4519040025
전라북도 남원시 보절면 진기리	전라북도 남원시 보절면 진기리	4519040023
전라북도 남원시 보절면 황벌리	전라북도 남원시 보절면 황벌리	4519040026
전라북도 남원시 사매면 계수리	전라북도 남원시 사매면 계수리	4519038022
전라북도 남원시 사매면 관풍리	전라북도 남원시 사매면 관풍리	4519038028
전라북도 남원시 사매면 대신리	전라북도 남원시 사매면 대신리	4519038029
전라북도 남원시 사매면 대율리	전라북도 남원시 사매면 대율리	4519038025
전라북도 남원시 사매면 서도리	전라북도 남원시 사매면 서도리	4519038021
전라북도 남원시 사매면 오신리	전라북도 남원시 사매면 오신리	4519038027
전라북도 남원시 사매면 월평리	전라북도 남원시 사매면 월평리	4519038026
전라북도 남원시 사매면 인화리	전라북도 남원시 사매면 인화리	4519038023
전라북도 남원시 사매면 화정리	전라북도 남원시 사매면 화정리	4519038024
전라북도 남원시 산곡동	전라북도 남원시 산곡동	4519011500
전라북도 남원시 산내면 내령리	전라북도 남원시 산내면 내령리	4519046026
전라북도 남원시 산내면 대정리	전라북도 남원시 산내면 대정리	4519046023
전라북도 남원시 산내면 덕동리	전라북도 남원시 산내면 덕동리	4519046028
전라북도 남원시 산내면 백일리	전라북도 남원시 산내면 백일리	4519046022
전라북도 남원시 산내면 부운리	전라북도 남원시 산내면 부운리	4519046027
전라북도 남원시 산내면 입석리	전라북도 남원시 산내면 입석리	4519046025
전라북도 남원시 산내면 장항리	전라북도 남원시 산내면 장항리	4519046024
전라북도 남원시 산내면 중황리	전라북도 남원시 산내면 중황리	4519046021
전라북도 남원시 산동면 대기리	전라북도 남원시 산동면 대기리	4519041025
전라북도 남원시 산동면 대상리	전라북도 남원시 산동면 대상리	4519041027
전라북도 남원시 산동면 목동리	전라북도 남원시 산동면 목동리	4519041021
전라북도 남원시 산동면 부절리	전라북도 남원시 산동면 부절리	4519041023
전라북도 남원시 산동면 식련리	전라북도 남원시 산동면 식련리	4519041022
전라북도 남원시 산동면 월석리	전라북도 남원시 산동면 월석리	4519041026
전라북도 남원시 산동면 태평리	전라북도 남원시 산동면 태평리	4519041024
전라북도 남원시 송동면 두신리	전라북도 남원시 송동면 두신리	4519033032
전라북도 남원시 송동면 사촌리	전라북도 남원시 송동면 사촌리	4519033023
전라북도 남원시 송동면 세전리	전라북도 남원시 송동면 세전리	4519033033
전라북도 남원시 송동면 송기리	전라북도 남원시 송동면 송기리	4519033027
전라북도 남원시 송동면 송내리	전라북도 남원시 송동면 송내리	4519033022
전라북도 남원시 송동면 송상리	전라북도 남원시 송동면 송상리	4519033024
전라북도 남원시 송동면 신평리	전라북도 남원시 송동면 신평리	4519033021
전라북도 남원시 송동면 양평리	전라북도 남원시 송동면 양평리	4519033031
전라북도 남원시 송동면 연산리	전라북도 남원시 송동면 연산리	4519033030
전라북도 남원시 송동면 영동리	전라북도 남원시 송동면 영동리	4519033029
전라북도 남원시 송동면 장국리	전라북도 남원시 송동면 장국리	4519033025
전라북도 남원시 송동면 장포리	전라북도 남원시 송동면 장포리	4519033028
전라북도 남원시 송동면 흑송리	전라북도 남원시 송동면 흑송리	4519033026
전라북도 남원시 수지면 고평리	전라북도 남원시 수지면 고평리	4519032026
전라북도 남원시 수지면 남창리	전라북도 남원시 수지면 남창리	4519032021
전라북도 남원시 수지면 산정리	전라북도 남원시 수지면 산정리	4519032023
전라북도 남원시 수지면 유암리	전라북도 남원시 수지면 유암리	4519032024
전라북도 남원시 수지면 초리	전라북도 남원시 수지면 초리	4519032022
전라북도 남원시 수지면 호곡리	전라북도 남원시 수지면 호곡리	4519032025
전라북도 남원시 식정동	전라북도 남원시 식정동	4519011900
전라북도 남원시 신정동	전라북도 남원시 신정동	4519010900
전라북도 남원시 신촌동	전라북도 남원시 신촌동	4519012300
전라북도 남원시 쌍교동	전라북도 남원시 쌍교동	4519010400
전라북도 남원시 아영면 갈계리	전라북도 남원시 아영면 갈계리	4519045024
전라북도 남원시 아영면 구상리	전라북도 남원시 아영면 구상리	4519045028
전라북도 남원시 아영면 두락리	전라북도 남원시 아영면 두락리	4519045031
전라북도 남원시 아영면 봉대리	전라북도 남원시 아영면 봉대리	4519045022
전라북도 남원시 아영면 성리	전라북도 남원시 아영면 성리	4519045027
전라북도 남원시 아영면 아곡리	전라북도 남원시 아영면 아곡리	4519045021
전라북도 남원시 아영면 월산리	전라북도 남원시 아영면 월산리	4519045026
전라북도 남원시 아영면 의지리	전라북도 남원시 아영면 의지리	4519045030
전라북도 남원시 아영면 인풍리	전라북도 남원시 아영면 인풍리	4519045023
전라북도 남원시 아영면 일대리	전라북도 남원시 아영면 일대리	4519045029
전라북도 남원시 아영면 청계리	전라북도 남원시 아영면 청계리	4519045025
전라북도 남원시 어현동	전라북도 남원시 어현동	4519012200
전라북도 남원시 왕정동	전라북도 남원시 왕정동	4519010800
전라북도 남원시 용정동	전라북도 남원시 용정동	4519011200
전라북도 남원시 운봉읍 가산리	전라북도 남원시 운봉읍 가산리	4519025036
전라북도 남원시 운봉읍 공안리	전라북도 남원시 운봉읍 공안리	4519025023
전라북도 남원시 운봉읍 권포리	전라북도 남원시 운봉읍 권포리	4519025032
전라북도 남원시 운봉읍 덕산리	전라북도 남원시 운봉읍 덕산리	4519025022
전라북도 남원시 운봉읍 동천리	전라북도 남원시 운봉읍 동천리	4519025026
전라북도 남원시 운봉읍 매요리	전라북도 남원시 운봉읍 매요리	4519025035
전라북도 남원시 운봉읍 북천리	전라북도 남원시 운봉읍 북천리	4519025028
전라북도 남원시 운봉읍 산덕리	전라북도 남원시 운봉읍 산덕리	4519025025
전라북도 남원시 운봉읍 서천리	전라북도 남원시 운봉읍 서천리	4519025029
전라북도 남원시 운봉읍 신기리	전라북도 남원시 운봉읍 신기리	4519025034
전라북도 남원시 운봉읍 용산리	전라북도 남원시 운봉읍 용산리	4519025027
전라북도 남원시 운봉읍 임리	전라북도 남원시 운봉읍 임리	4519025033
전라북도 남원시 운봉읍 장교리	전라북도 남원시 운봉읍 장교리	4519025031
전라북도 남원시 운봉읍 주촌리	전라북도 남원시 운봉읍 주촌리	4519025021
전라북도 남원시 운봉읍 준향리	전라북도 남원시 운봉읍 준향리	4519025030
전라북도 남원시 운봉읍 행정리	전라북도 남원시 운봉읍 행정리	4519025024
전라북도 남원시 운봉읍 화수리	전라북도 남원시 운봉읍 화수리	4519025037
전라북도 남원시 월락동	전라북도 남원시 월락동	4519011700
전라북도 남원시 이백면 강기리	전라북도 남원시 이백면 강기리	4519042026
전라북도 남원시 이백면 과립리	전라북도 남원시 이백면 과립리	4519042029
전라북도 남원시 이백면 남계리	전라북도 남원시 이백면 남계리	4519042025
전라북도 남원시 이백면 내동리	전라북도 남원시 이백면 내동리	4519042024
전라북도 남원시 이백면 서곡리	전라북도 남원시 이백면 서곡리	4519042023
전라북도 남원시 이백면 양가리	전라북도 남원시 이백면 양가리	4519042027
전라북도 남원시 이백면 척문리	전라북도 남원시 이백면 척문리	4519042022
전라북도 남원시 이백면 초촌리	전라북도 남원시 이백면 초촌리	4519042021
전라북도 남원시 이백면 평촌리	전라북도 남원시 이백면 평촌리	4519042028
전라북도 남원시 이백면 효기리	전라북도 남원시 이백면 효기리	4519042030
전라북도 남원시 인월면 건지리	전라북도 남원시 인월면 건지리	4519047025
전라북도 남원시 인월면 상우리	전라북도 남원시 인월면 상우리	4519047027
전라북도 남원시 인월면 서무리	전라북도 남원시 인월면 서무리	4519047023
전라북도 남원시 인월면 성산리	전라북도 남원시 인월면 성산리	4519047028
전라북도 남원시 인월면 유곡리	전라북도 남원시 인월면 유곡리	4519047026
전라북도 남원시 인월면 인월리	전라북도 남원시 인월면 인월리	4519047022
전라북도 남원시 인월면 자래리	전라북도 남원시 인월면 자래리	4519047029
전라북도 남원시 인월면 중군리	전라북도 남원시 인월면 중군리	4519047021
전라북도 남원시 인월면 취암리	전라북도 남원시 인월면 취암리	4519047024
전라북도 남원시 조산동	전라북도 남원시 조산동	4519010700
전라북도 남원시 주생면 낙동리	전라북도 남원시 주생면 낙동리	4519034027
전라북도 남원시 주생면 내동리	전라북도 남원시 주생면 내동리	4519034028
전라북도 남원시 주생면 도산리	전라북도 남원시 주생면 도산리	4519034029
전라북도 남원시 주생면 상동리	전라북도 남원시 주생면 상동리	4519034021
전라북도 남원시 주생면 영천리	전라북도 남원시 주생면 영천리	4519034025
전라북도 남원시 주생면 정송리	전라북도 남원시 주생면 정송리	4519034024
전라북도 남원시 주생면 제천리	전라북도 남원시 주생면 제천리	4519034026
전라북도 남원시 주생면 중동리	전라북도 남원시 주생면 중동리	4519034022
전라북도 남원시 주생면 지당리	전라북도 남원시 주생면 지당리	4519034023
전라북도 남원시 주천면 고기리	전라북도 남원시 주천면 고기리	4519031030
전라북도 남원시 주천면 덕치리	전라북도 남원시 주천면 덕치리	4519031031
전라북도 남원시 주천면 배덕리	전라북도 남원시 주천면 배덕리	4519031022
전라북도 남원시 주천면 송치리	전라북도 남원시 주천면 송치리	4519031023
전라북도 남원시 주천면 용궁리	전라북도 남원시 주천면 용궁리	4519031029
전라북도 남원시 주천면 용담리	전라북도 남원시 주천면 용담리	4519031024
전라북도 남원시 주천면 은송리	전라북도 남원시 주천면 은송리	4519031027
전라북도 남원시 주천면 장안리	전라북도 남원시 주천면 장안리	4519031026
전라북도 남원시 주천면 주천리	전라북도 남원시 주천면 주천리	4519031021
전라북도 남원시 주천면 호경리	전라북도 남원시 주천면 호경리	4519031028
전라북도 남원시 주천면 호기리	전라북도 남원시 주천면 호기리	4519031025
전라북도 남원시 죽항동	전라북도 남원시 죽항동	4519010300
전라북도 남원시 천거동	전라북도 남원시 천거동	4519010500
전라북도 남원시 하정동	전라북도 남원시 하정동	4519010200
전라북도 남원시 향교동	전라북도 남원시 향교동	4519011100
전라북도 남원시 화정동	전라북도 남원시 화정동	4519011000
전라북도 무주군 무주읍 가옥리	전라북도 무주군 무주읍 가옥리	4573025028
전라북도 무주군 무주읍 내도리	전라북도 무주군 무주읍 내도리	4573025025
전라북도 무주군 무주읍 당산리	전라북도 무주군 무주읍 당산리	4573025022
전라북도 무주군 무주읍 대차리	전라북도 무주군 무주읍 대차리	4573025026
전라북도 무주군 무주읍 오산리	전라북도 무주군 무주읍 오산리	4573025023
전라북도 무주군 무주읍 용포리	전라북도 무주군 무주읍 용포리	4573025027
전라북도 무주군 무주읍 읍내리	전라북도 무주군 무주읍 읍내리	4573025021
전라북도 무주군 무주읍 장백리	전라북도 무주군 무주읍 장백리	4573025024
전라북도 무주군 무풍면 금평리	전라북도 무주군 무풍면 금평리	4573031022
전라북도 무주군 무풍면 덕지리	전라북도 무주군 무풍면 덕지리	4573031027
전라북도 무주군 무풍면 삼거리	전라북도 무주군 무풍면 삼거리	4573031028
전라북도 무주군 무풍면 은산리	전라북도 무주군 무풍면 은산리	4573031026
전라북도 무주군 무풍면 증산리	전라북도 무주군 무풍면 증산리	4573031025
전라북도 무주군 무풍면 지성리	전라북도 무주군 무풍면 지성리	4573031023
전라북도 무주군 무풍면 철목리	전라북도 무주군 무풍면 철목리	4573031024
전라북도 무주군 무풍면 현내리	전라북도 무주군 무풍면 현내리	4573031021
전라북도 무주군 부남면 가당리	전라북도 무주군 부남면 가당리	4573035026
전라북도 무주군 부남면 고창리	전라북도 무주군 부남면 고창리	4573035023
전라북도 무주군 부남면 굴암리	전라북도 무주군 부남면 굴암리	4573035025
전라북도 무주군 부남면 대소리	전라북도 무주군 부남면 대소리	4573035022
전라북도 무주군 부남면 대유리	전라북도 무주군 부남면 대유리	4573035021
전라북도 무주군 부남면 장안리	전라북도 무주군 부남면 장안리	4573035024
전라북도 무주군 설천면 기곡리	전라북도 무주군 설천면 기곡리	4573032021
전라북도 무주군 설천면 길산리	전라북도 무주군 설천면 길산리	4573032022
전라북도 무주군 설천면 대불리	전라북도 무주군 설천면 대불리	4573032025
전라북도 무주군 설천면 두길리	전라북도 무주군 설천면 두길리	4573032028
전라북도 무주군 설천면 미천리	전라북도 무주군 설천면 미천리	4573032026
전라북도 무주군 설천면 삼공리	전라북도 무주군 설천면 삼공리	4573032030
전라북도 무주군 설천면 소천리	전라북도 무주군 설천면 소천리	4573032024
전라북도 무주군 설천면 심곡리	전라북도 무주군 설천면 심곡리	4573032029
전라북도 무주군 설천면 장덕리	전라북도 무주군 설천면 장덕리	4573032027
전라북도 무주군 설천면 청량리	전라북도 무주군 설천면 청량리	4573032023
전라북도 무주군 안성면 공정리	전라북도 무주군 안성면 공정리	4573034024
전라북도 무주군 안성면 공진리	전라북도 무주군 안성면 공진리	4573034022
전라북도 무주군 안성면 금평리	전라북도 무주군 안성면 금평리	4573034026
전라북도 무주군 안성면 덕산리	전라북도 무주군 안성면 덕산리	4573034025
전라북도 무주군 안성면 사전리	전라북도 무주군 안성면 사전리	4573034027
전라북도 무주군 안성면 장기리	전라북도 무주군 안성면 장기리	4573034021
전라북도 무주군 안성면 죽천리	전라북도 무주군 안성면 죽천리	4573034023
전라북도 무주군 안성면 진도리	전라북도 무주군 안성면 진도리	4573034028
전라북도 무주군 적상면 괴목리	전라북도 무주군 적상면 괴목리	4573033028
전라북도 무주군 적상면 방이리	전라북도 무주군 적상면 방이리	4573033025
전라북도 무주군 적상면 북창리	전라북도 무주군 적상면 북창리	4573033026
전라북도 무주군 적상면 사산리	전라북도 무주군 적상면 사산리	4573033021
전라북도 무주군 적상면 사천리	전라북도 무주군 적상면 사천리	4573033022
전라북도 무주군 적상면 삼가리	전라북도 무주군 적상면 삼가리	4573033023
전라북도 무주군 적상면 삼유리	전라북도 무주군 적상면 삼유리	4573033024
전라북도 무주군 적상면 포내리	전라북도 무주군 적상면 포내리	4573033027
전라북도 부안군 계화면 계화리	전라북도 부안군 계화면 계화리	4580034021
전라북도 부안군 계화면 궁안리	전라북도 부안군 계화면 궁안리	4580034024
전라북도 부안군 계화면 양산리	전라북도 부안군 계화면 양산리	4580034023
전라북도 부안군 계화면 의복리	전라북도 부안군 계화면 의복리	4580034025
전라북도 부안군 계화면 창북리	전라북도 부안군 계화면 창북리	4580034022
전라북도 부안군 동진면 내기리	전라북도 부안군 동진면 내기리	4580032022
전라북도 부안군 동진면 당상리	전라북도 부안군 동진면 당상리	4580032029
전라북도 부안군 동진면 동전리	전라북도 부안군 동진면 동전리	4580032025
전라북도 부안군 동진면 본덕리	전라북도 부안군 동진면 본덕리	4580032027
전라북도 부안군 동진면 봉황리	전라북도 부안군 동진면 봉황리	4580032021
전라북도 부안군 동진면 안성리	전라북도 부안군 동진면 안성리	4580032026
전라북도 부안군 동진면 장등리	전라북도 부안군 동진면 장등리	4580032024
전라북도 부안군 동진면 증산리	전라북도 부안군 동진면 증산리	4580032028
전라북도 부안군 동진면 하장리	전라북도 부안군 동진면 하장리	4580032023
전라북도 부안군 백산면 거룡리	전라북도 부안군 백산면 거룡리	4580038026
전라북도 부안군 백산면 금판리	전라북도 부안군 백산면 금판리	4580038021
전라북도 부안군 백산면 대수리	전라북도 부안군 백산면 대수리	4580038024
전라북도 부안군 백산면 대죽리	전라북도 부안군 백산면 대죽리	4580038027
전라북도 부안군 백산면 덕신리	전라북도 부안군 백산면 덕신리	4580038030
전라북도 부안군 백산면 신평리	전라북도 부안군 백산면 신평리	4580038031
전라북도 부안군 백산면 오곡리	전라북도 부안군 백산면 오곡리	4580038029
전라북도 부안군 백산면 용계리	전라북도 부안군 백산면 용계리	4580038022
전라북도 부안군 백산면 원천리	전라북도 부안군 백산면 원천리	4580038023
전라북도 부안군 백산면 죽림리	전라북도 부안군 백산면 죽림리	4580038032
전라북도 부안군 백산면 평교리	전라북도 부안군 백산면 평교리	4580038028
전라북도 부안군 백산면 하청리	전라북도 부안군 백산면 하청리	4580038025
전라북도 부안군 변산면 격포리	전라북도 부안군 변산면 격포리	4580036022
전라북도 부안군 변산면 대항리	전라북도 부안군 변산면 대항리	4580036026
전라북도 부안군 변산면 도청리	전라북도 부안군 변산면 도청리	4580036021
전라북도 부안군 변산면 마포리	전라북도 부안군 변산면 마포리	4580036023
전라북도 부안군 변산면 운산리	전라북도 부안군 변산면 운산리	4580036024
전라북도 부안군 변산면 중계리	전라북도 부안군 변산면 중계리	4580036027
전라북도 부안군 변산면 지서리	전라북도 부안군 변산면 지서리	4580036025
전라북도 부안군 보안면 남포리	전라북도 부안군 보안면 남포리	4580035023
전라북도 부안군 보안면 부곡리	전라북도 부안군 보안면 부곡리	4580035030
전라북도 부안군 보안면 상림리	전라북도 부안군 보안면 상림리	4580035028
전라북도 부안군 보안면 상입석리	전라북도 부안군 보안면 상입석리	4580035022
전라북도 부안군 보안면 신복리	전라북도 부안군 보안면 신복리	4580035025
전라북도 부안군 보안면 영전리	전라북도 부안군 보안면 영전리	4580035021
전라북도 부안군 보안면 우동리	전라북도 부안군 보안면 우동리	4580035024
전라북도 부안군 보안면 월천리	전라북도 부안군 보안면 월천리	4580035029
전라북도 부안군 보안면 유천리	전라북도 부안군 보안면 유천리	4580035026
전라북도 부안군 보안면 하입석리	전라북도 부안군 보안면 하입석리	4580035027
전라북도 부안군 부안읍 내요리	전라북도 부안군 부안읍 내요리	4580025030
전라북도 부안군 부안읍 동중리	전라북도 부안군 부안읍 동중리	4580025021
전라북도 부안군 부안읍 모산리	전라북도 부안군 부안읍 모산리	4580025026
전라북도 부안군 부안읍 봉덕리	전라북도 부안군 부안읍 봉덕리	4580025024
전라북도 부안군 부안읍 서외리	전라북도 부안군 부안읍 서외리	4580025022
전라북도 부안군 부안읍 선은리	전라북도 부안군 부안읍 선은리	4580025023
전라북도 부안군 부안읍 신운리	전라북도 부안군 부안읍 신운리	4580025025
전라북도 부안군 부안읍 신흥리	전라북도 부안군 부안읍 신흥리	4580025032
전라북도 부안군 부안읍 연곡리	전라북도 부안군 부안읍 연곡리	4580025028
전라북도 부안군 부안읍 옹중리	전라북도 부안군 부안읍 옹중리	4580025029
전라북도 부안군 부안읍 외하리	전라북도 부안군 부안읍 외하리	4580025031
전라북도 부안군 부안읍 행중리	전라북도 부안군 부안읍 행중리	4580025027
전라북도 부안군 상서면 가오리	전라북도 부안군 상서면 가오리	4580039022
전라북도 부안군 상서면 감교리	전라북도 부안군 상서면 감교리	4580039021
전라북도 부안군 상서면 고잔리	전라북도 부안군 상서면 고잔리	4580039023
전라북도 부안군 상서면 용서리	전라북도 부안군 상서면 용서리	4580039024
전라북도 부안군 상서면 장동리	전라북도 부안군 상서면 장동리	4580039025
전라북도 부안군 상서면 청림리	전라북도 부안군 상서면 청림리	4580039027
전라북도 부안군 상서면 통정리	전라북도 부안군 상서면 통정리	4580039026
전라북도 부안군 위도면 거륜리	전라북도 부안군 위도면 거륜리	4580042025
전라북도 부안군 위도면 대리	전라북도 부안군 위도면 대리	4580042024
전라북도 부안군 위도면 상왕등리	전라북도 부안군 위도면 상왕등리	4580042027
전라북도 부안군 위도면 식도리	전라북도 부안군 위도면 식도리	4580042026
전라북도 부안군 위도면 정금리	전라북도 부안군 위도면 정금리	4580042022
전라북도 부안군 위도면 진리	전라북도 부안군 위도면 진리	4580042021
전라북도 부안군 위도면 치도리	전라북도 부안군 위도면 치도리	4580042023
전라북도 부안군 위도면 하왕등리	전라북도 부안군 위도면 하왕등리	4580042028
전라북도 부안군 주산면 갈촌리	전라북도 부안군 주산면 갈촌리	4580031025
전라북도 부안군 주산면 덕림리	전라북도 부안군 주산면 덕림리	4580031022
전라북도 부안군 주산면 돈계리	전라북도 부안군 주산면 돈계리	4580031027
전라북도 부안군 주산면 동정리	전라북도 부안군 주산면 동정리	4580031023
전라북도 부안군 주산면 백석리	전라북도 부안군 주산면 백석리	4580031028
전라북도 부안군 주산면 사산리	전라북도 부안군 주산면 사산리	4580031026
전라북도 부안군 주산면 소산리	전라북도 부안군 주산면 소산리	4580031024
전라북도 부안군 주산면 소주리	전라북도 부안군 주산면 소주리	4580031021
전라북도 부안군 줄포면 난산리	전라북도 부안군 줄포면 난산리	4580041025
전라북도 부안군 줄포면 대동리	전라북도 부안군 줄포면 대동리	4580041027
전라북도 부안군 줄포면 신리	전라북도 부안군 줄포면 신리	4580041024
전라북도 부안군 줄포면 우포리	전라북도 부안군 줄포면 우포리	4580041023
전라북도 부안군 줄포면 장동리	전라북도 부안군 줄포면 장동리	4580041022
전라북도 부안군 줄포면 줄포리	전라북도 부안군 줄포면 줄포리	4580041021
전라북도 부안군 줄포면 파산리	전라북도 부안군 줄포면 파산리	4580041026
전라북도 부안군 진서면 곰소리	전라북도 부안군 진서면 곰소리	4580037024
전라북도 부안군 진서면 석포리	전라북도 부안군 진서면 석포리	4580037022
전라북도 부안군 진서면 운호리	전라북도 부안군 진서면 운호리	4580037023
전라북도 부안군 진서면 진서리	전라북도 부안군 진서면 진서리	4580037021
전라북도 부안군 하서면 백련리	전라북도 부안군 하서면 백련리	4580040024
전라북도 부안군 하서면 석상리	전라북도 부안군 하서면 석상리	4580040023
전라북도 부안군 하서면 언독리	전라북도 부안군 하서면 언독리	4580040022
전라북도 부안군 하서면 장신리	전라북도 부안군 하서면 장신리	4580040025
전라북도 부안군 하서면 청호리	전라북도 부안군 하서면 청호리	4580040021
전라북도 부안군 행안면 대초리	전라북도 부안군 행안면 대초리	4580033024
전라북도 부안군 행안면 삼간리	전라북도 부안군 행안면 삼간리	4580033022
전라북도 부안군 행안면 신기리	전라북도 부안군 행안면 신기리	4580033025
전라북도 부안군 행안면 역리	전라북도 부안군 행안면 역리	4580033021
전라북도 부안군 행안면 진동리	전라북도 부안군 행안면 진동리	4580033023
전라북도 순창군 구림면 구곡리	전라북도 순창군 구림면 구곡리	4577040033
전라북도 순창군 구림면 구산리	전라북도 순창군 구림면 구산리	4577040023
전라북도 순창군 구림면 구암리	전라북도 순창군 구림면 구암리	4577040022
전라북도 순창군 구림면 금창리	전라북도 순창군 구림면 금창리	4577040028
전라북도 순창군 구림면 금천리	전라북도 순창군 구림면 금천리	4577040027
전라북도 순창군 구림면 방화리	전라북도 순창군 구림면 방화리	4577040029
전라북도 순창군 구림면 성곡리	전라북도 순창군 구림면 성곡리	4577040024
전라북도 순창군 구림면 안정리	전라북도 순창군 구림면 안정리	4577040026
전라북도 순창군 구림면 운남리	전라북도 순창군 구림면 운남리	4577040021
전라북도 순창군 구림면 운북리	전라북도 순창군 구림면 운북리	4577040030
전라북도 순창군 구림면 월정리	전라북도 순창군 구림면 월정리	4577040031
전라북도 순창군 구림면 율북리	전라북도 순창군 구림면 율북리	4577040025
전라북도 순창군 구림면 자양리	전라북도 순창군 구림면 자양리	4577040032
전라북도 순창군 구림면 화암리	전라북도 순창군 구림면 화암리	4577040034
전라북도 순창군 금과면 고례리	전라북도 순창군 금과면 고례리	4577034033
전라북도 순창군 금과면 남계리	전라북도 순창군 금과면 남계리	4577034028
전라북도 순창군 금과면 내동리	전라북도 순창군 금과면 내동리	4577034023
전라북도 순창군 금과면 대성리	전라북도 순창군 금과면 대성리	4577034025
전라북도 순창군 금과면 동전리	전라북도 순창군 금과면 동전리	4577034024
전라북도 순창군 금과면 매우리	전라북도 순창군 금과면 매우리	4577034035
전라북도 순창군 금과면 목동리	전라북도 순창군 금과면 목동리	4577034030
전라북도 순창군 금과면 발산리	전라북도 순창군 금과면 발산리	4577034022
전라북도 순창군 금과면 방성리	전라북도 순창군 금과면 방성리	4577034027
전라북도 순창군 금과면 방축리	전라북도 순창군 금과면 방축리	4577034032
전라북도 순창군 금과면 수양리	전라북도 순창군 금과면 수양리	4577034021
전라북도 순창군 금과면 장장리	전라북도 순창군 금과면 장장리	4577034034
전라북도 순창군 금과면 청용리	전라북도 순창군 금과면 청용리	4577034026
전라북도 순창군 동계면 관전리	전라북도 순창군 동계면 관전리	4577032026
전라북도 순창군 동계면 구미리	전라북도 순창군 동계면 구미리	4577032024
전라북도 순창군 동계면 내령리	전라북도 순창군 동계면 내령리	4577032032
전라북도 순창군 동계면 동심리	전라북도 순창군 동계면 동심리	4577032025
전라북도 순창군 동계면 서호리	전라북도 순창군 동계면 서호리	4577032022
전라북도 순창군 동계면 수장리	전라북도 순창군 동계면 수장리	4577032033
전라북도 순창군 동계면 수정리	전라북도 순창군 동계면 수정리	4577032030
전라북도 순창군 동계면 신흥리	전라북도 순창군 동계면 신흥리	4577032027
전라북도 순창군 동계면 어치리	전라북도 순창군 동계면 어치리	4577032023
전라북도 순창군 동계면 유산리	전라북도 순창군 동계면 유산리	4577032028
전라북도 순창군 동계면 이동리	전라북도 순창군 동계면 이동리	4577032029
전라북도 순창군 동계면 주월리	전라북도 순창군 동계면 주월리	4577032031
전라북도 순창군 동계면 현포리	전라북도 순창군 동계면 현포리	4577032021
전라북도 순창군 복흥면 금월리	전라북도 순창군 복흥면 금월리	4577037028
전라북도 순창군 복흥면 농암리	전라북도 순창군 복흥면 농암리	4577037026
전라북도 순창군 복흥면 답동리	전라북도 순창군 복흥면 답동리	4577037036
전라북도 순창군 복흥면 대방리	전라북도 순창군 복흥면 대방리	4577037030
전라북도 순창군 복흥면 동산리	전라북도 순창군 복흥면 동산리	4577037022
전라북도 순창군 복흥면 반월리	전라북도 순창군 복흥면 반월리	4577037024
전라북도 순창군 복흥면 봉덕리	전라북도 순창군 복흥면 봉덕리	4577037025
전라북도 순창군 복흥면 산정리	전라북도 순창군 복흥면 산정리	4577037032
전라북도 순창군 복흥면 상송리	전라북도 순창군 복흥면 상송리	4577037034
전라북도 순창군 복흥면 서마리	전라북도 순창군 복흥면 서마리	4577037021
전라북도 순창군 복흥면 석보리	전라북도 순창군 복흥면 석보리	4577037037
전라북도 순창군 복흥면 어은리	전라북도 순창군 복흥면 어은리	4577037029
전라북도 순창군 복흥면 정산리	전라북도 순창군 복흥면 정산리	4577037031
전라북도 순창군 복흥면 주평리	전라북도 순창군 복흥면 주평리	4577037033
전라북도 순창군 복흥면 지선리	전라북도 순창군 복흥면 지선리	4577037027
전라북도 순창군 복흥면 하리	전라북도 순창군 복흥면 하리	4577037035
전라북도 순창군 복흥면 화양리	전라북도 순창군 복흥면 화양리	4577037023
전라북도 순창군 순창읍 가남리	전라북도 순창군 순창읍 가남리	4577025027
전라북도 순창군 순창읍 교성리	전라북도 순창군 순창읍 교성리	4577025026
전라북도 순창군 순창읍 남계리	전라북도 순창군 순창읍 남계리	4577025022
전라북도 순창군 순창읍 백산리	전라북도 순창군 순창읍 백산리	4577025025
전라북도 순창군 순창읍 복실리	전라북도 순창군 순창읍 복실리	4577025024
전라북도 순창군 순창읍 순화리	전라북도 순창군 순창읍 순화리	4577025021
전라북도 순창군 순창읍 신남리	전라북도 순창군 순창읍 신남리	4577025028
전라북도 순창군 순창읍 장덕리	전라북도 순창군 순창읍 장덕리	4577025023
전라북도 순창군 쌍치면 금성리	전라북도 순창군 쌍치면 금성리	4577036038
전라북도 순창군 쌍치면 금평리	전라북도 순창군 쌍치면 금평리	4577036032
전라북도 순창군 쌍치면 도고리	전라북도 순창군 쌍치면 도고리	4577036031
전라북도 순창군 쌍치면 둔전리	전라북도 순창군 쌍치면 둔전리	4577036026
전라북도 순창군 쌍치면 방산리	전라북도 순창군 쌍치면 방산리	4577036021
전라북도 순창군 쌍치면 시산리	전라북도 순창군 쌍치면 시산리	4577036027
전라북도 순창군 쌍치면 신성리	전라북도 순창군 쌍치면 신성리	4577036023
전라북도 순창군 쌍치면 쌍계리	전라북도 순창군 쌍치면 쌍계리	4577036033
전라북도 순창군 쌍치면 양신리	전라북도 순창군 쌍치면 양신리	4577036035
전라북도 순창군 쌍치면 오봉리	전라북도 순창군 쌍치면 오봉리	4577036039
전라북도 순창군 쌍치면 옥산리	전라북도 순창군 쌍치면 옥산리	4577036028
전라북도 순창군 쌍치면 용전리	전라북도 순창군 쌍치면 용전리	4577036037
전라북도 순창군 쌍치면 운암리	전라북도 순창군 쌍치면 운암리	4577036036
전라북도 순창군 쌍치면 전암리	전라북도 순창군 쌍치면 전암리	4577036034
전라북도 순창군 쌍치면 종곡리	전라북도 순창군 쌍치면 종곡리	4577036040
전라북도 순창군 쌍치면 종암리	전라북도 순창군 쌍치면 종암리	4577036029
전라북도 순창군 쌍치면 중안리	전라북도 순창군 쌍치면 중안리	4577036025
전라북도 순창군 쌍치면 탕곡리	전라북도 순창군 쌍치면 탕곡리	4577036024
전라북도 순창군 쌍치면 학선리	전라북도 순창군 쌍치면 학선리	4577036030
전라북도 순창군 유등면 건곡리	전라북도 순창군 유등면 건곡리	4577039022
전라북도 순창군 유등면 무수리	전라북도 순창군 유등면 무수리	4577039026
전라북도 순창군 유등면 오교리	전라북도 순창군 유등면 오교리	4577039024
전라북도 순창군 유등면 외이리	전라북도 순창군 유등면 외이리	4577039023
전라북도 순창군 유등면 유촌리	전라북도 순창군 유등면 유촌리	4577039025
전라북도 순창군 유등면 창신리	전라북도 순창군 유등면 창신리	4577039021
전라북도 순창군 인계면 가성리	전라북도 순창군 인계면 가성리	4577031028
전라북도 순창군 인계면 갑동리	전라북도 순창군 인계면 갑동리	4577031021
전라북도 순창군 인계면 노동리	전라북도 순창군 인계면 노동리	4577031031
전라북도 순창군 인계면 도룡리	전라북도 순창군 인계면 도룡리	4577031022
전라북도 순창군 인계면 마흘리	전라북도 순창군 인계면 마흘리	4577031027
전라북도 순창군 인계면 세룡리	전라북도 순창군 인계면 세룡리	4577031026
전라북도 순창군 인계면 심초리	전라북도 순창군 인계면 심초리	4577031025
전라북도 순창군 인계면 쌍암리	전라북도 순창군 인계면 쌍암리	4577031023
전라북도 순창군 인계면 중산리	전라북도 순창군 인계면 중산리	4577031029
전라북도 순창군 인계면 지산리	전라북도 순창군 인계면 지산리	4577031030
전라북도 순창군 인계면 탑리	전라북도 순창군 인계면 탑리	4577031024
전라북도 순창군 적성면 고원리	전라북도 순창군 적성면 고원리	4577038024
전라북도 순창군 적성면 괴정리	전라북도 순창군 적성면 괴정리	4577038027
전라북도 순창군 적성면 내월리	전라북도 순창군 적성면 내월리	4577038025
전라북도 순창군 적성면 대산리	전라북도 순창군 적성면 대산리	4577038022
전라북도 순창군 적성면 석산리	전라북도 순창군 적성면 석산리	4577038028
전라북도 순창군 적성면 운림리	전라북도 순창군 적성면 운림리	4577038023
전라북도 순창군 적성면 지북리	전라북도 순창군 적성면 지북리	4577038021
전라북도 순창군 적성면 평남리	전라북도 순창군 적성면 평남리	4577038026
전라북도 순창군 팔덕면 광암리	전라북도 순창군 팔덕면 광암리	4577035024
전라북도 순창군 팔덕면 구룡리	전라북도 순창군 팔덕면 구룡리	4577035021
전라북도 순창군 팔덕면 덕천리	전라북도 순창군 팔덕면 덕천리	4577035030
전라북도 순창군 팔덕면 산동리	전라북도 순창군 팔덕면 산동리	4577035027
전라북도 순창군 팔덕면 서흥리	전라북도 순창군 팔덕면 서흥리	4577035026
전라북도 순창군 팔덕면 용산리	전라북도 순창군 팔덕면 용산리	4577035022
전라북도 순창군 팔덕면 월곡리	전라북도 순창군 팔덕면 월곡리	4577035023
전라북도 순창군 팔덕면 장안리	전라북도 순창군 팔덕면 장안리	4577035028
전라북도 순창군 팔덕면 창덕리	전라북도 순창군 팔덕면 창덕리	4577035029
전라북도 순창군 팔덕면 청계리	전라북도 순창군 팔덕면 청계리	4577035025
전라북도 순창군 풍산면 금곡리	전라북도 순창군 풍산면 금곡리	4577033024
전라북도 순창군 풍산면 대가리	전라북도 순창군 풍산면 대가리	4577033028
전라북도 순창군 풍산면 두승리	전라북도 순창군 풍산면 두승리	4577033029
전라북도 순창군 풍산면 반월리	전라북도 순창군 풍산면 반월리	4577033021
전라북도 순창군 풍산면 삼촌리	전라북도 순창군 풍산면 삼촌리	4577033023
전라북도 순창군 풍산면 상촌리	전라북도 순창군 풍산면 상촌리	4577033030
전라북도 순창군 풍산면 용내리	전라북도 순창군 풍산면 용내리	4577033031
전라북도 순창군 풍산면 우곡리	전라북도 순창군 풍산면 우곡리	4577033026
전라북도 순창군 풍산면 유정리	전라북도 순창군 풍산면 유정리	4577033022
전라북도 순창군 풍산면 죽곡리	전라북도 순창군 풍산면 죽곡리	4577033032
전라북도 순창군 풍산면 죽전리	전라북도 순창군 풍산면 죽전리	4577033025
전라북도 순창군 풍산면 한내리	전라북도 순창군 풍산면 한내리	4577033027
전라북도 완주군 경천면 가천리	전라북도 완주군 경천면 가천리	4571041022
전라북도 완주군 경천면 경천리	전라북도 완주군 경천면 경천리	4571041023
전라북도 완주군 경천면 용복리	전라북도 완주군 경천면 용복리	4571041021
전라북도 완주군 고산면 남봉리	전라북도 완주군 고산면 남봉리	4571036025
전라북도 완주군 고산면 삼기리	전라북도 완주군 고산면 삼기리	4571036030
전라북도 완주군 고산면 서봉리	전라북도 완주군 고산면 서봉리	4571036022
전라북도 완주군 고산면 성재리	전라북도 완주군 고산면 성재리	4571036028
전라북도 완주군 고산면 소향리	전라북도 완주군 고산면 소향리	4571036031
전라북도 완주군 고산면 양야리	전라북도 완주군 고산면 양야리	4571036027
전라북도 완주군 고산면 어우리	전라북도 완주군 고산면 어우리	4571036024
전라북도 완주군 고산면 오산리	전라북도 완주군 고산면 오산리	4571036029
전라북도 완주군 고산면 율곡리	전라북도 완주군 고산면 율곡리	4571036023
전라북도 완주군 고산면 읍내리	전라북도 완주군 고산면 읍내리	4571036021
전라북도 완주군 고산면 화정리	전라북도 완주군 고산면 화정리	4571036026
전라북도 완주군 구이면 계곡리	전라북도 완주군 구이면 계곡리	4571035027
전라북도 완주군 구이면 광곡리	전라북도 완주군 구이면 광곡리	4571035022
전라북도 완주군 구이면 덕천리	전라북도 완주군 구이면 덕천리	4571035023
전라북도 완주군 구이면 두현리	전라북도 완주군 구이면 두현리	4571035024
전라북도 완주군 구이면 백여리	전라북도 완주군 구이면 백여리	4571035028
전라북도 완주군 구이면 안덕리	전라북도 완주군 구이면 안덕리	4571035029
전라북도 완주군 구이면 원기리	전라북도 완주군 구이면 원기리	4571035025
전라북도 완주군 구이면 평촌리	전라북도 완주군 구이면 평촌리	4571035021
전라북도 완주군 구이면 항가리	전라북도 완주군 구이면 항가리	4571035026
전라북도 완주군 동상면 대아리	전라북도 완주군 동상면 대아리	4571040024
전라북도 완주군 동상면 사봉리	전라북도 완주군 동상면 사봉리	4571040022
전라북도 완주군 동상면 수만리	전라북도 완주군 동상면 수만리	4571040023
전라북도 완주군 동상면 신월리	전라북도 완주군 동상면 신월리	4571040021
전라북도 완주군 봉동읍 고천리	전라북도 완주군 봉동읍 고천리	4571025332
전라북도 완주군 봉동읍 구만리	전라북도 완주군 봉동읍 구만리	4571025334
전라북도 완주군 봉동읍 구미리	전라북도 완주군 봉동읍 구미리	4571025331
전라북도 완주군 봉동읍 구암리	전라북도 완주군 봉동읍 구암리	4571025323
전라북도 완주군 봉동읍 낙평리	전라북도 완주군 봉동읍 낙평리	4571025329
전라북도 완주군 봉동읍 둔산리	전라북도 완주군 봉동읍 둔산리	4571025324
전라북도 완주군 봉동읍 성덕리	전라북도 완주군 봉동읍 성덕리	4571025330
전라북도 완주군 봉동읍 신성리	전라북도 완주군 봉동읍 신성리	4571025333
전라북도 완주군 봉동읍 용암리	전라북도 완주군 봉동읍 용암리	4571025325
전라북도 완주군 봉동읍 율소리	전라북도 완주군 봉동읍 율소리	4571025327
전라북도 완주군 봉동읍 은하리	전라북도 완주군 봉동읍 은하리	4571025326
전라북도 완주군 봉동읍 장구리	전라북도 완주군 봉동읍 장구리	4571025322
전라북도 완주군 봉동읍 장기리	전라북도 완주군 봉동읍 장기리	4571025328
전라북도 완주군 봉동읍 제내리	전라북도 완주군 봉동읍 제내리	4571025321
전라북도 완주군 비봉면 내월리	전라북도 완주군 비봉면 내월리	4571037023
전라북도 완주군 비봉면 대치리	전라북도 완주군 비봉면 대치리	4571037024
전라북도 완주군 비봉면 백도리	전라북도 완주군 비봉면 백도리	4571037025
전라북도 완주군 비봉면 봉산리	전라북도 완주군 비봉면 봉산리	4571037021
전라북도 완주군 비봉면 소농리	전라북도 완주군 비봉면 소농리	4571037022
전라북도 완주군 비봉면 수선리	전라북도 완주군 비봉면 수선리	4571037027
전라북도 완주군 비봉면 이전리	전라북도 완주군 비봉면 이전리	4571037026
전라북도 완주군 삼례읍 구와리	전라북도 완주군 삼례읍 구와리	4571025027
전라북도 완주군 삼례읍 삼례리	전라북도 완주군 삼례읍 삼례리	4571025021
전라북도 완주군 삼례읍 석전리	전라북도 완주군 삼례읍 석전리	4571025026
전라북도 완주군 삼례읍 수계리	전라북도 완주군 삼례읍 수계리	4571025029
전라북도 완주군 삼례읍 신금리	전라북도 완주군 삼례읍 신금리	4571025025
전라북도 완주군 삼례읍 신탁리	전라북도 완주군 삼례읍 신탁리	4571025028
전라북도 완주군 삼례읍 어전리	전라북도 완주군 삼례읍 어전리	4571025023
전라북도 완주군 삼례읍 하리	전라북도 완주군 삼례읍 하리	4571025030
전라북도 완주군 삼례읍 해전리	전라북도 완주군 삼례읍 해전리	4571025024
전라북도 완주군 삼례읍 후정리	전라북도 완주군 삼례읍 후정리	4571025022
전라북도 완주군 상관면 마치리	전라북도 완주군 상관면 마치리	4571032025
전라북도 완주군 상관면 신리	전라북도 완주군 상관면 신리	4571032021
전라북도 완주군 상관면 용암리	전라북도 완주군 상관면 용암리	4571032023
전라북도 완주군 상관면 의암리	전라북도 완주군 상관면 의암리	4571032024
전라북도 완주군 상관면 죽림리	전라북도 완주군 상관면 죽림리	4571032022
전라북도 완주군 소양면 대흥리	전라북도 완주군 소양면 대흥리	4571034025
전라북도 완주군 소양면 명덕리	전라북도 완주군 소양면 명덕리	4571034022
전라북도 완주군 소양면 신교리	전라북도 완주군 소양면 신교리	4571034021
전라북도 완주군 소양면 신원리	전라북도 완주군 소양면 신원리	4571034028
전라북도 완주군 소양면 신촌리	전라북도 완주군 소양면 신촌리	4571034029
전라북도 완주군 소양면 죽절리	전라북도 완주군 소양면 죽절리	4571034023
전라북도 완주군 소양면 해월리	전라북도 완주군 소양면 해월리	4571034026
전라북도 완주군 소양면 화심리	전라북도 완주군 소양면 화심리	4571034027
전라북도 완주군 소양면 황운리	전라북도 완주군 소양면 황운리	4571034024
전라북도 완주군 용진읍 간중리	전라북도 완주군 용진읍 간중리	4571025625
전라북도 완주군 용진읍 구억리	전라북도 완주군 용진읍 구억리	4571025622
전라북도 완주군 용진읍 상삼리	전라북도 완주군 용진읍 상삼리	4571025621
전라북도 완주군 용진읍 상운리	전라북도 완주군 용진읍 상운리	4571025623
전라북도 완주군 용진읍 신지리	전라북도 완주군 용진읍 신지리	4571025627
전라북도 완주군 용진읍 용흥리	전라북도 완주군 용진읍 용흥리	4571025624
전라북도 완주군 용진읍 운곡리	전라북도 완주군 용진읍 운곡리	4571025626
전라북도 완주군 운주면 고당리	전라북도 완주군 운주면 고당리	4571038027
전라북도 완주군 운주면 구제리	전라북도 완주군 운주면 구제리	4571038026
전라북도 완주군 운주면 금당리	전라북도 완주군 운주면 금당리	4571038028
전라북도 완주군 운주면 산북리	전라북도 완주군 운주면 산북리	4571038023
전라북도 완주군 운주면 완창리	전라북도 완주군 운주면 완창리	4571038022
전라북도 완주군 운주면 장선리	전라북도 완주군 운주면 장선리	4571038021
전라북도 완주군 이서면 갈산리	전라북도 완주군 이서면 갈산리	4571033024
전라북도 완주군 이서면 금계리	전라북도 완주군 이서면 금계리	4571033032
전라북도 완주군 이서면 금평리	전라북도 완주군 이서면 금평리	4571033023
전라북도 완주군 이서면 남계리	전라북도 완주군 이서면 남계리	4571033030
전라북도 완주군 이서면 반교리	전라북도 완주군 이서면 반교리	4571033031
전라북도 완주군 이서면 상개리	전라북도 완주군 이서면 상개리	4571033026
전라북도 완주군 이서면 용서리	전라북도 완주군 이서면 용서리	4571033027
전라북도 완주군 이서면 은교리	전라북도 완주군 이서면 은교리	4571033028
전라북도 완주군 이서면 이문리	전라북도 완주군 이서면 이문리	4571033029
전라북도 완주군 이서면 이성리	전라북도 완주군 이서면 이성리	4571033025
전라북도 완주군 화산면 성북리	전라북도 완주군 화산면 성북리	4571039030
전라북도 완주군 화산면 승치리	전라북도 완주군 화산면 승치리	4571039029
전라북도 완주군 화산면 와룡리	전라북도 완주군 화산면 와룡리	4571039027
전라북도 완주군 화산면 우월리	전라북도 완주군 화산면 우월리	4571039025
전라북도 완주군 화산면 운곡리	전라북도 완주군 화산면 운곡리	4571039024
전라북도 완주군 화산면 운산리	전라북도 완주군 화산면 운산리	4571039026
전라북도 완주군 화산면 운제리	전라북도 완주군 화산면 운제리	4571039031
전라북도 완주군 화산면 종리	전라북도 완주군 화산면 종리	4571039028
전라북도 완주군 화산면 춘산리	전라북도 완주군 화산면 춘산리	4571039023
전라북도 완주군 화산면 화월리	전라북도 완주군 화산면 화월리	4571039022
전라북도 완주군 화산면 화평리	전라북도 완주군 화산면 화평리	4571039021
전라북도 익산시 갈산동	전라북도 익산시 갈산동	4514010700
전라북도 익산시 금강동	전라북도 익산시 금강동	4514012500
전라북도 익산시 금마면 갈산리	전라북도 익산시 금마면 갈산리	4514040027
전라북도 익산시 금마면 기양리	전라북도 익산시 금마면 기양리	4514040026
전라북도 익산시 금마면 동고도리	전라북도 익산시 금마면 동고도리	4514040021
전라북도 익산시 금마면 산북리	전라북도 익산시 금마면 산북리	4514040024
전라북도 익산시 금마면 서고도리	전라북도 익산시 금마면 서고도리	4514040022
전라북도 익산시 금마면 신용리	전라북도 익산시 금마면 신용리	4514040023
전라북도 익산시 금마면 용순리	전라북도 익산시 금마면 용순리	4514040025
전라북도 익산시 남중동	전라북도 익산시 남중동	4514011300
전라북도 익산시 낭산면 구평리	전라북도 익산시 낭산면 구평리	4514037026
전라북도 익산시 낭산면 낭산리	전라북도 익산시 낭산면 낭산리	4514037024
전라북도 익산시 낭산면 삼담리	전라북도 익산시 낭산면 삼담리	4514037021
전라북도 익산시 낭산면 석천리	전라북도 익산시 낭산면 석천리	4514037023
전라북도 익산시 낭산면 성남리	전라북도 익산시 낭산면 성남리	4514037025
전라북도 익산시 낭산면 용기리	전라북도 익산시 낭산면 용기리	4514037027
전라북도 익산시 낭산면 호암리	전라북도 익산시 낭산면 호암리	4514037022
전라북도 익산시 덕기동	전라북도 익산시 덕기동	4514012800
전라북도 익산시 동산동	전라북도 익산시 동산동	4514011100
전라북도 익산시 마동	전라북도 익산시 마동	4514011200
전라북도 익산시 만석동	전라북도 익산시 만석동	4514011800
전라북도 익산시 망성면 내촌리	전라북도 익산시 망성면 내촌리	4514038025
전라북도 익산시 망성면 무형리	전라북도 익산시 망성면 무형리	4514038026
전라북도 익산시 망성면 신작리	전라북도 익산시 망성면 신작리	4514038021
전라북도 익산시 망성면 어량리	전라북도 익산시 망성면 어량리	4514038024
전라북도 익산시 망성면 장선리	전라북도 익산시 망성면 장선리	4514038023
전라북도 익산시 망성면 화산리	전라북도 익산시 망성면 화산리	4514038022
전라북도 익산시 모현동1가	전라북도 익산시 모현동1가	4514011400
전라북도 익산시 모현동2가	전라북도 익산시 모현동2가	4514011500
전라북도 익산시 목천동	전라북도 익산시 목천동	4514011700
전라북도 익산시 부송동	전라북도 익산시 부송동	4514013400
전라북도 익산시 삼기면 간촌리	전라북도 익산시 삼기면 간촌리	4514043021
전라북도 익산시 삼기면 기산리	전라북도 익산시 삼기면 기산리	4514043025
전라북도 익산시 삼기면 서두리	전라북도 익산시 삼기면 서두리	4514043022
전라북도 익산시 삼기면 연동리	전라북도 익산시 삼기면 연동리	4514043024
전라북도 익산시 삼기면 오룡리	전라북도 익산시 삼기면 오룡리	4514043023
전라북도 익산시 삼기면 용연리	전라북도 익산시 삼기면 용연리	4514043026
전라북도 익산시 석암동	전라북도 익산시 석암동	4514013600
전라북도 익산시 석왕동	전라북도 익산시 석왕동	4514012900
전라북도 익산시 석탄동	전라북도 익산시 석탄동	4514012600
전라북도 익산시 성당면 갈산리	전라북도 익산시 성당면 갈산리	4514035024
전라북도 익산시 성당면 대선리	전라북도 익산시 성당면 대선리	4514035023
전라북도 익산시 성당면 두동리	전라북도 익산시 성당면 두동리	4514035025
전라북도 익산시 성당면 부곡리	전라북도 익산시 성당면 부곡리	4514035027
전라북도 익산시 성당면 성당리	전라북도 익산시 성당면 성당리	4514035026
전라북도 익산시 성당면 와초리	전라북도 익산시 성당면 와초리	4514035022
전라북도 익산시 성당면 장선리	전라북도 익산시 성당면 장선리	4514035021
전라북도 익산시 송학동	전라북도 익산시 송학동	4514011600
전라북도 익산시 신동	전라북도 익산시 신동	4514012100
전라북도 익산시 신용동	전라북도 익산시 신용동	4514012000
전라북도 익산시 신흥동	전라북도 익산시 신흥동	4514012400
전라북도 익산시 어양동	전라북도 익산시 어양동	4514012300
전라북도 익산시 여산면 두여리	전라북도 익산시 여산면 두여리	4514039026
전라북도 익산시 여산면 여산리	전라북도 익산시 여산면 여산리	4514039021
전라북도 익산시 여산면 원수리	전라북도 익산시 여산면 원수리	4514039023
전라북도 익산시 여산면 제남리	전라북도 익산시 여산면 제남리	4514039022
전라북도 익산시 여산면 태성리	전라북도 익산시 여산면 태성리	4514039025
전라북도 익산시 여산면 호산리	전라북도 익산시 여산면 호산리	4514039024
전라북도 익산시 영등동	전라북도 익산시 영등동	4514012200
전라북도 익산시 오산면 남전리	전라북도 익산시 오산면 남전리	4514031026
전라북도 익산시 오산면 목천리	전라북도 익산시 오산면 목천리	4514031027
전라북도 익산시 오산면 송학리	전라북도 익산시 오산면 송학리	4514031021
전라북도 익산시 오산면 신지리	전라북도 익산시 오산면 신지리	4514031025
전라북도 익산시 오산면 영만리	전라북도 익산시 오산면 영만리	4514031023
전라북도 익산시 오산면 오산리	전라북도 익산시 오산면 오산리	4514031024
전라북도 익산시 오산면 장신리	전라북도 익산시 오산면 장신리	4514031022
전라북도 익산시 왕궁면 광암리	전라북도 익산시 왕궁면 광암리	4514041021
전라북도 익산시 왕궁면 구덕리	전라북도 익산시 왕궁면 구덕리	4514041023
전라북도 익산시 왕궁면 도순리	전라북도 익산시 왕궁면 도순리	4514041029
전라북도 익산시 왕궁면 동봉리	전라북도 익산시 왕궁면 동봉리	4514041031
전라북도 익산시 왕궁면 동용리	전라북도 익산시 왕궁면 동용리	4514041032
전라북도 익산시 왕궁면 동촌리	전라북도 익산시 왕궁면 동촌리	4514041028
전라북도 익산시 왕궁면 발산리	전라북도 익산시 왕궁면 발산리	4514041026
전라북도 익산시 왕궁면 쌍제리	전라북도 익산시 왕궁면 쌍제리	4514041025
전라북도 익산시 왕궁면 온수리	전라북도 익산시 왕궁면 온수리	4514041024
전라북도 익산시 왕궁면 왕궁리	전라북도 익산시 왕궁면 왕궁리	4514041033
전라북도 익산시 왕궁면 용화리	전라북도 익산시 왕궁면 용화리	4514041030
전라북도 익산시 왕궁면 평장리	전라북도 익산시 왕궁면 평장리	4514041027
전라북도 익산시 왕궁면 흥암리	전라북도 익산시 왕궁면 흥암리	4514041022
전라북도 익산시 용동면 구산리	전라북도 익산시 용동면 구산리	4514044022
전라북도 익산시 용동면 대조리	전라북도 익산시 용동면 대조리	4514044024
전라북도 익산시 용동면 용성리	전라북도 익산시 용동면 용성리	4514044023
전라북도 익산시 용동면 화배리	전라북도 익산시 용동면 화배리	4514044026
전라북도 익산시 용동면 화실리	전라북도 익산시 용동면 화실리	4514044025
전라북도 익산시 용동면 흥왕리	전라북도 익산시 용동면 흥왕리	4514044021
전라북도 익산시 용안면 교동리	전라북도 익산시 용안면 교동리	4514036021
전라북도 익산시 용안면 난포리	전라북도 익산시 용안면 난포리	4514036028
전라북도 익산시 용안면 덕용리	전라북도 익산시 용안면 덕용리	4514036022
전라북도 익산시 용안면 동지산리	전라북도 익산시 용안면 동지산리	4514036030
전라북도 익산시 용안면 법성리	전라북도 익산시 용안면 법성리	4514036026
전라북도 익산시 용안면 석동리	전라북도 익산시 용안면 석동리	4514036027
전라북도 익산시 용안면 송산리	전라북도 익산시 용안면 송산리	4514036029
전라북도 익산시 용안면 용두리	전라북도 익산시 용안면 용두리	4514036025
전라북도 익산시 용안면 중신리	전라북도 익산시 용안면 중신리	4514036023
전라북도 익산시 용안면 창리	전라북도 익산시 용안면 창리	4514036024
전라북도 익산시 용안면 칠목리	전라북도 익산시 용안면 칠목리	4514036031
전라북도 익산시 용제동	전라북도 익산시 용제동	4514013500
전라북도 익산시 웅포면 고창리	전라북도 익산시 웅포면 고창리	4514034024
전라북도 익산시 웅포면 대붕암리	전라북도 익산시 웅포면 대붕암리	4514034027
전라북도 익산시 웅포면 맹산리	전라북도 익산시 웅포면 맹산리	4514034025
전라북도 익산시 웅포면 송천리	전라북도 익산시 웅포면 송천리	4514034023
전라북도 익산시 웅포면 웅포리	전라북도 익산시 웅포면 웅포리	4514034022
전라북도 익산시 웅포면 입점리	전라북도 익산시 웅포면 입점리	4514034021
전라북도 익산시 웅포면 제성리	전라북도 익산시 웅포면 제성리	4514034026
전라북도 익산시 월성동	전라북도 익산시 월성동	4514013300
전라북도 익산시 은기동	전라북도 익산시 은기동	4514013000
전라북도 익산시 인화동1가	전라북도 익산시 인화동1가	4514010900
전라북도 익산시 인화동2가	전라북도 익산시 인화동2가	4514011000
전라북도 익산시 임상동	전라북도 익산시 임상동	4514013200
전라북도 익산시 정족동	전라북도 익산시 정족동	4514013100
전라북도 익산시 주현동	전라북도 익산시 주현동	4514010800
전라북도 익산시 중앙동1가	전라북도 익산시 중앙동1가	4514010300
전라북도 익산시 중앙동2가	전라북도 익산시 중앙동2가	4514010400
전라북도 익산시 중앙동3가	전라북도 익산시 중앙동3가	4514010500
전라북도 익산시 창인동1가	전라북도 익산시 창인동1가	4514010100
전라북도 익산시 창인동2가	전라북도 익산시 창인동2가	4514010200
전라북도 익산시 춘포면 덕실리	전라북도 익산시 춘포면 덕실리	4514042022
전라북도 익산시 춘포면 삼포리	전라북도 익산시 춘포면 삼포리	4514042023
전라북도 익산시 춘포면 신동리	전라북도 익산시 춘포면 신동리	4514042025
전라북도 익산시 춘포면 쌍정리	전라북도 익산시 춘포면 쌍정리	4514042029
전라북도 익산시 춘포면 오산리	전라북도 익산시 춘포면 오산리	4514042024
전라북도 익산시 춘포면 용연리	전라북도 익산시 춘포면 용연리	4514042031
전라북도 익산시 춘포면 인수리	전라북도 익산시 춘포면 인수리	4514042030
전라북도 익산시 춘포면 창평리	전라북도 익산시 춘포면 창평리	4514042026
전라북도 익산시 춘포면 천동리	전라북도 익산시 춘포면 천동리	4514042028
전라북도 익산시 춘포면 천서리	전라북도 익산시 춘포면 천서리	4514042027
전라북도 익산시 춘포면 춘포리	전라북도 익산시 춘포면 춘포리	4514042032
전라북도 익산시 팔봉동	전라북도 익산시 팔봉동	4514012700
전라북도 익산시 평화동	전라북도 익산시 평화동	4514010600
전라북도 익산시 함라면 금성리	전라북도 익산시 함라면 금성리	4514033022
전라북도 익산시 함라면 다망리	전라북도 익산시 함라면 다망리	4514033024
전라북도 익산시 함라면 신대리	전라북도 익산시 함라면 신대리	4514033023
전라북도 익산시 함라면 신등리	전라북도 익산시 함라면 신등리	4514033025
전라북도 익산시 함라면 신목리	전라북도 익산시 함라면 신목리	4514033026
전라북도 익산시 함라면 함열리	전라북도 익산시 함라면 함열리	4514033021
전라북도 익산시 함열읍 남당리	전라북도 익산시 함열읍 남당리	4514025022
전라북도 익산시 함열읍 다송리	전라북도 익산시 함열읍 다송리	4514025026
전라북도 익산시 함열읍 석매리	전라북도 익산시 함열읍 석매리	4514025024
전라북도 익산시 함열읍 와리	전라북도 익산시 함열읍 와리	4514025021
전라북도 익산시 함열읍 용지리	전라북도 익산시 함열읍 용지리	4514025025
전라북도 익산시 함열읍 흘산리	전라북도 익산시 함열읍 흘산리	4514025023
전라북도 익산시 현영동	전라북도 익산시 현영동	4514011900
전라북도 익산시 황등면 구자리	전라북도 익산시 황등면 구자리	4514032025
전라북도 익산시 황등면 동연리	전라북도 익산시 황등면 동연리	4514032022
전라북도 익산시 황등면 신기리	전라북도 익산시 황등면 신기리	4514032028
전라북도 익산시 황등면 신성리	전라북도 익산시 황등면 신성리	4514032024
전라북도 익산시 황등면 용산리	전라북도 익산시 황등면 용산리	4514032026
전라북도 익산시 황등면 율촌리	전라북도 익산시 황등면 율촌리	4514032027
전라북도 익산시 황등면 죽촌리	전라북도 익산시 황등면 죽촌리	4514032023
전라북도 익산시 황등면 황등리	전라북도 익산시 황등면 황등리	4514032021
전라북도 임실군 강진면 갈담리	전라북도 임실군 강진면 갈담리	4575039023
전라북도 임실군 강진면 문방리	전라북도 임실군 강진면 문방리	4575039027
전라북도 임실군 강진면 방현리	전라북도 임실군 강진면 방현리	4575039030
전라북도 임실군 강진면 백련리	전라북도 임실군 강진면 백련리	4575039021
전라북도 임실군 강진면 부흥리	전라북도 임실군 강진면 부흥리	4575039022
전라북도 임실군 강진면 옥정리	전라북도 임실군 강진면 옥정리	4575039026
전라북도 임실군 강진면 용수리	전라북도 임실군 강진면 용수리	4575039025
전라북도 임실군 강진면 필봉리	전라북도 임실군 강진면 필봉리	4575039028
전라북도 임실군 강진면 학석리	전라북도 임실군 강진면 학석리	4575039029
전라북도 임실군 강진면 회진리	전라북도 임실군 강진면 회진리	4575039024
전라북도 임실군 관촌면 관촌리	전라북도 임실군 관촌면 관촌리	4575038026
전라북도 임실군 관촌면 덕천리	전라북도 임실군 관촌면 덕천리	4575038025
전라북도 임실군 관촌면 도봉리	전라북도 임실군 관촌면 도봉리	4575038023
전라북도 임실군 관촌면 방수리	전라북도 임실군 관촌면 방수리	4575038032
전라북도 임실군 관촌면 방현리	전라북도 임실군 관촌면 방현리	4575038028
전라북도 임실군 관촌면 병암리	전라북도 임실군 관촌면 병암리	4575038024
전라북도 임실군 관촌면 복흥리	전라북도 임실군 관촌면 복흥리	4575038033
전라북도 임실군 관촌면 상월리	전라북도 임실군 관촌면 상월리	4575038030
전라북도 임실군 관촌면 슬치리	전라북도 임실군 관촌면 슬치리	4575038027
전라북도 임실군 관촌면 신전리	전라북도 임실군 관촌면 신전리	4575038029
전라북도 임실군 관촌면 용산리	전라북도 임실군 관촌면 용산리	4575038022
전라북도 임실군 관촌면 운수리	전라북도 임실군 관촌면 운수리	4575038034
전라북도 임실군 관촌면 회봉리	전라북도 임실군 관촌면 회봉리	4575038031
전라북도 임실군 덕치면 가곡리	전라북도 임실군 덕치면 가곡리	4575040023
전라북도 임실군 덕치면 두지리	전라북도 임실군 덕치면 두지리	4575040021
전라북도 임실군 덕치면 물우리	전라북도 임실군 덕치면 물우리	4575040027
전라북도 임실군 덕치면 사곡리	전라북도 임실군 덕치면 사곡리	4575040022
전라북도 임실군 덕치면 일중리	전라북도 임실군 덕치면 일중리	4575040026
전라북도 임실군 덕치면 장암리	전라북도 임실군 덕치면 장암리	4575040025
전라북도 임실군 덕치면 천담리	전라북도 임실군 덕치면 천담리	4575040024
전라북도 임실군 덕치면 회문리	전라북도 임실군 덕치면 회문리	4575040028
전라북도 임실군 삼계면 뇌천리	전라북도 임실군 삼계면 뇌천리	4575037034
전라북도 임실군 삼계면 덕계리	전라북도 임실군 삼계면 덕계리	4575037032
전라북도 임실군 삼계면 두월리	전라북도 임실군 삼계면 두월리	4575037033
전라북도 임실군 삼계면 봉현리	전라북도 임실군 삼계면 봉현리	4575037022
전라북도 임실군 삼계면 산수리	전라북도 임실군 삼계면 산수리	4575037027
전라북도 임실군 삼계면 삼계리	전라북도 임실군 삼계면 삼계리	4575037028
전라북도 임실군 삼계면 삼은리	전라북도 임실군 삼계면 삼은리	4575037035
전라북도 임실군 삼계면 세심리	전라북도 임실군 삼계면 세심리	4575037023
전라북도 임실군 삼계면 어은리	전라북도 임실군 삼계면 어은리	4575037036
전라북도 임실군 삼계면 오지리	전라북도 임실군 삼계면 오지리	4575037031
전라북도 임실군 삼계면 죽계리	전라북도 임실군 삼계면 죽계리	4575037025
전라북도 임실군 삼계면 학정리	전라북도 임실군 삼계면 학정리	4575037024
전라북도 임실군 삼계면 홍곡리	전라북도 임실군 삼계면 홍곡리	4575037026
전라북도 임실군 삼계면 후천리	전라북도 임실군 삼계면 후천리	4575037021
전라북도 임실군 성수면 도인리	전라북도 임실군 성수면 도인리	4575034021
전라북도 임실군 성수면 봉강리	전라북도 임실군 성수면 봉강리	4575034030
전라북도 임실군 성수면 삼봉리	전라북도 임실군 성수면 삼봉리	4575034023
전라북도 임실군 성수면 삼청리	전라북도 임실군 성수면 삼청리	4575034028
전라북도 임실군 성수면 성수리	전라북도 임실군 성수면 성수리	4575034025
전라북도 임실군 성수면 양지리	전라북도 임실군 성수면 양지리	4575034022
전라북도 임실군 성수면 오류리	전라북도 임실군 성수면 오류리	4575034031
전라북도 임실군 성수면 오봉리	전라북도 임실군 성수면 오봉리	4575034027
전라북도 임실군 성수면 왕방리	전라북도 임실군 성수면 왕방리	4575034026
전라북도 임실군 성수면 월평리	전라북도 임실군 성수면 월평리	4575034029
전라북도 임실군 성수면 태평리	전라북도 임실군 성수면 태평리	4575034024
전라북도 임실군 신덕면 금정리	전라북도 임실군 신덕면 금정리	4575036028
전라북도 임실군 신덕면 삼길리	전라북도 임실군 신덕면 삼길리	4575036022
전라북도 임실군 신덕면 수천리	전라북도 임실군 신덕면 수천리	4575036021
전라북도 임실군 신덕면 신덕리	전라북도 임실군 신덕면 신덕리	4575036024
전라북도 임실군 신덕면 신흥리	전라북도 임실군 신덕면 신흥리	4575036023
전라북도 임실군 신덕면 오궁리	전라북도 임실군 신덕면 오궁리	4575036029
전라북도 임실군 신덕면 월성리	전라북도 임실군 신덕면 월성리	4575036026
전라북도 임실군 신덕면 조월리	전라북도 임실군 신덕면 조월리	4575036025
전라북도 임실군 신덕면 지장리	전라북도 임실군 신덕면 지장리	4575036027
전라북도 임실군 신평면 가덕리	전라북도 임실군 신평면 가덕리	4575033025
전라북도 임실군 신평면 대리	전라북도 임실군 신평면 대리	4575033022
전라북도 임실군 신평면 덕암리	전라북도 임실군 신평면 덕암리	4575033026
전라북도 임실군 신평면 용암리	전라북도 임실군 신평면 용암리	4575033027
전라북도 임실군 신평면 원천리	전라북도 임실군 신평면 원천리	4575033024
전라북도 임실군 신평면 창인리	전라북도 임실군 신평면 창인리	4575033021
전라북도 임실군 신평면 호암리	전라북도 임실군 신평면 호암리	4575033023
전라북도 임실군 오수면 군평리	전라북도 임실군 오수면 군평리	4575035533
전라북도 임실군 오수면 금암리	전라북도 임실군 오수면 금암리	4575035534
전라북도 임실군 오수면 대명리	전라북도 임실군 오수면 대명리	4575035528
전라북도 임실군 오수면 대정리	전라북도 임실군 오수면 대정리	4575035527
전라북도 임실군 오수면 둔기리	전라북도 임실군 오수면 둔기리	4575035526
전라북도 임실군 오수면 둔덕리	전라북도 임실군 오수면 둔덕리	4575035524
전라북도 임실군 오수면 봉천리	전라북도 임실군 오수면 봉천리	4575035532
전라북도 임실군 오수면 신기리	전라북도 임실군 오수면 신기리	4575035523
전라북도 임실군 오수면 오산리	전라북도 임실군 오수면 오산리	4575035529
전라북도 임실군 오수면 오수리	전라북도 임실군 오수면 오수리	4575035521
전라북도 임실군 오수면 오암리	전라북도 임실군 오수면 오암리	4575035531
전라북도 임실군 오수면 용두리	전라북도 임실군 오수면 용두리	4575035525
전라북도 임실군 오수면 용정리	전라북도 임실군 오수면 용정리	4575035522
전라북도 임실군 오수면 주천리	전라북도 임실군 오수면 주천리	4575035530
전라북도 임실군 운암면 금기리	전라북도 임실군 운암면 금기리	4575032033
전라북도 임실군 운암면 마암리	전라북도 임실군 운암면 마암리	4575032030
전라북도 임실군 운암면 사양리	전라북도 임실군 운암면 사양리	4575032025
전라북도 임실군 운암면 선거리	전라북도 임실군 운암면 선거리	4575032022
전라북도 임실군 운암면 쌍암리	전라북도 임실군 운암면 쌍암리	4575032026
전라북도 임실군 운암면 용운리	전라북도 임실군 운암면 용운리	4575032028
전라북도 임실군 운암면 운암리	전라북도 임실군 운암면 운암리	4575032032
전라북도 임실군 운암면 운정리	전라북도 임실군 운암면 운정리	4575032034
전라북도 임실군 운암면 운종리	전라북도 임실군 운암면 운종리	4575032031
전라북도 임실군 운암면 월면리	전라북도 임실군 운암면 월면리	4575032023
전라북도 임실군 운암면 입석리	전라북도 임실군 운암면 입석리	4575032027
전라북도 임실군 운암면 지천리	전라북도 임실군 운암면 지천리	4575032024
전라북도 임실군 운암면 청운리	전라북도 임실군 운암면 청운리	4575032029
전라북도 임실군 운암면 학암리	전라북도 임실군 운암면 학암리	4575032021
전라북도 임실군 임실읍 갈마리	전라북도 임실군 임실읍 갈마리	4575025025
전라북도 임실군 임실읍 감성리	전라북도 임실군 임실읍 감성리	4575025026
전라북도 임실군 임실읍 금성리	전라북도 임실군 임실읍 금성리	4575025034
전라북도 임실군 임실읍 대곡리	전라북도 임실군 임실읍 대곡리	4575025027
전라북도 임실군 임실읍 두곡리	전라북도 임실군 임실읍 두곡리	4575025024
전라북도 임실군 임실읍 두만리	전라북도 임실군 임실읍 두만리	4575025030
전라북도 임실군 임실읍 망전리	전라북도 임실군 임실읍 망전리	4575025036
전라북도 임실군 임실읍 성가리	전라북도 임실군 임실읍 성가리	4575025021
전라북도 임실군 임실읍 신안리	전라북도 임실군 임실읍 신안리	4575025032
전라북도 임실군 임실읍 신정리	전라북도 임실군 임실읍 신정리	4575025035
전라북도 임실군 임실읍 오정리	전라북도 임실군 임실읍 오정리	4575025023
전라북도 임실군 임실읍 이도리	전라북도 임실군 임실읍 이도리	4575025022
전라북도 임실군 임실읍 이인리	전라북도 임실군 임실읍 이인리	4575025029
전라북도 임실군 임실읍 장재리	전라북도 임실군 임실읍 장재리	4575025031
전라북도 임실군 임실읍 정월리	전라북도 임실군 임실읍 정월리	4575025028
전라북도 임실군 임실읍 현곡리	전라북도 임실군 임실읍 현곡리	4575025033
전라북도 임실군 지사면 계산리	전라북도 임실군 지사면 계산리	4575041027
전라북도 임실군 지사면 관기리	전라북도 임실군 지사면 관기리	4575041021
전라북도 임실군 지사면 금평리	전라북도 임실군 지사면 금평리	4575041024
전라북도 임실군 지사면 방계리	전라북도 임실군 지사면 방계리	4575041026
전라북도 임실군 지사면 안하리	전라북도 임실군 지사면 안하리	4575041023
전라북도 임실군 지사면 영천리	전라북도 임실군 지사면 영천리	4575041025
전라북도 임실군 지사면 원산리	전라북도 임실군 지사면 원산리	4575041022
전라북도 임실군 청웅면 구고리	전라북도 임실군 청웅면 구고리	4575031022
전라북도 임실군 청웅면 남산리	전라북도 임실군 청웅면 남산리	4575031027
전라북도 임실군 청웅면 두복리	전라북도 임실군 청웅면 두복리	4575031021
전라북도 임실군 청웅면 석두리	전라북도 임실군 청웅면 석두리	4575031025
전라북도 임실군 청웅면 옥석리	전라북도 임실군 청웅면 옥석리	4575031028
전라북도 임실군 청웅면 옥전리	전라북도 임실군 청웅면 옥전리	4575031024
전라북도 임실군 청웅면 청계리	전라북도 임실군 청웅면 청계리	4575031026
전라북도 임실군 청웅면 향교리	전라북도 임실군 청웅면 향교리	4575031023
전라북도 장수군 계남면 가곡리	전라북도 장수군 계남면 가곡리	4574035026
전라북도 장수군 계남면 궁양리	전라북도 장수군 계남면 궁양리	4574035027
전라북도 장수군 계남면 신전리	전라북도 장수군 계남면 신전리	4574035023
전라북도 장수군 계남면 장안리	전라북도 장수군 계남면 장안리	4574035028
전라북도 장수군 계남면 침곡리	전라북도 장수군 계남면 침곡리	4574035021
전라북도 장수군 계남면 호덕리	전라북도 장수군 계남면 호덕리	4574035024
전라북도 장수군 계남면 화양리	전라북도 장수군 계남면 화양리	4574035022
전라북도 장수군 계남면 화음리	전라북도 장수군 계남면 화음리	4574035025
전라북도 장수군 계북면 농소리	전라북도 장수군 계북면 농소리	4574036023
전라북도 장수군 계북면 매계리	전라북도 장수군 계북면 매계리	4574036022
전라북도 장수군 계북면 양악리	전라북도 장수군 계북면 양악리	4574036027
전라북도 장수군 계북면 어전리	전라북도 장수군 계북면 어전리	4574036024
전라북도 장수군 계북면 원촌리	전라북도 장수군 계북면 원촌리	4574036026
전라북도 장수군 계북면 월현리	전라북도 장수군 계북면 월현리	4574036021
전라북도 장수군 계북면 임평리	전라북도 장수군 계북면 임평리	4574036025
전라북도 장수군 번암면 교동리	전라북도 장수군 번암면 교동리	4574032021
전라북도 장수군 번암면 국포리	전라북도 장수군 번암면 국포리	4574032022
전라북도 장수군 번암면 노단리	전라북도 장수군 번암면 노단리	4574032028
전라북도 장수군 번암면 논곡리	전라북도 장수군 번암면 논곡리	4574032029
전라북도 장수군 번암면 대론리	전라북도 장수군 번암면 대론리	4574032030
전라북도 장수군 번암면 동화리	전라북도 장수군 번암면 동화리	4574032026
전라북도 장수군 번암면 사암리	전라북도 장수군 번암면 사암리	4574032024
전라북도 장수군 번암면 유정리	전라북도 장수군 번암면 유정리	4574032031
전라북도 장수군 번암면 죽림리	전라북도 장수군 번암면 죽림리	4574032027
전라북도 장수군 번암면 죽산리	전라북도 장수군 번암면 죽산리	4574032023
전라북도 장수군 번암면 지지리	전라북도 장수군 번암면 지지리	4574032025
전라북도 장수군 산서면 건지리	전라북도 장수군 산서면 건지리	4574031030
전라북도 장수군 산서면 동화리	전라북도 장수군 산서면 동화리	4574031034
전라북도 장수군 산서면 마하리	전라북도 장수군 산서면 마하리	4574031031
전라북도 장수군 산서면 백운리	전라북도 장수군 산서면 백운리	4574031032
전라북도 장수군 산서면 봉서리	전라북도 장수군 산서면 봉서리	4574031024
전라북도 장수군 산서면 사계리	전라북도 장수군 산서면 사계리	4574031023
전라북도 장수군 산서면 사상리	전라북도 장수군 산서면 사상리	4574031026
전라북도 장수군 산서면 신창리	전라북도 장수군 산서면 신창리	4574031028
전라북도 장수군 산서면 쌍계리	전라북도 장수군 산서면 쌍계리	4574031022
전라북도 장수군 산서면 오산리	전라북도 장수군 산서면 오산리	4574031029
전라북도 장수군 산서면 오성리	전라북도 장수군 산서면 오성리	4574031021
전라북도 장수군 산서면 이룡리	전라북도 장수군 산서면 이룡리	4574031027
전라북도 장수군 산서면 하월리	전라북도 장수군 산서면 하월리	4574031025
전라북도 장수군 산서면 학선리	전라북도 장수군 산서면 학선리	4574031033
전라북도 장수군 장계면 금곡리	전라북도 장수군 장계면 금곡리	4574033522
전라북도 장수군 장계면 금덕리	전라북도 장수군 장계면 금덕리	4574033524
전라북도 장수군 장계면 대곡리	전라북도 장수군 장계면 대곡리	4574033530
전라북도 장수군 장계면 명덕리	전라북도 장수군 장계면 명덕리	4574033528
전라북도 장수군 장계면 무농리	전라북도 장수군 장계면 무농리	4574033523
전라북도 장수군 장계면 삼봉리	전라북도 장수군 장계면 삼봉리	4574033527
전라북도 장수군 장계면 송천리	전라북도 장수군 장계면 송천리	4574033525
전라북도 장수군 장계면 오동리	전라북도 장수군 장계면 오동리	4574033529
전라북도 장수군 장계면 월강리	전라북도 장수군 장계면 월강리	4574033526
전라북도 장수군 장계면 장계리	전라북도 장수군 장계면 장계리	4574033521
전라북도 장수군 장수읍	전라북도 장수군 장수읍	4574025000
전라북도 장수군 장수읍 개정리	전라북도 장수군 장수읍 개정리	4574025028
전라북도 장수군 장수읍 노곡리	전라북도 장수군 장수읍 노곡리	4574025024
전라북도 장수군 장수읍 노하리	전라북도 장수군 장수읍 노하리	4574025022
전라북도 장수군 장수읍 대성리	전라북도 장수군 장수읍 대성리	4574025032
전라북도 장수군 장수읍 덕산리	전라북도 장수군 장수읍 덕산리	4574025026
전라북도 장수군 장수읍 동촌리	전라북도 장수군 장수읍 동촌리	4574025025
전라북도 장수군 장수읍 두산리	전라북도 장수군 장수읍 두산리	4574025027
전라북도 장수군 장수읍 선창리	전라북도 장수군 장수읍 선창리	4574025023
전라북도 장수군 장수읍 송천리	전라북도 장수군 장수읍 송천리	4574025030
전라북도 장수군 장수읍 수분리	전라북도 장수군 장수읍 수분리	4574025029
전라북도 장수군 장수읍 식천리	전라북도 장수군 장수읍 식천리	4574025033
전라북도 장수군 장수읍 용계리	전라북도 장수군 장수읍 용계리	4574025031
전라북도 장수군 장수읍 장수리	전라북도 장수군 장수읍 장수리	4574025021
전라북도 장수군 천천면 남양리	전라북도 장수군 천천면 남양리	4574034024
전라북도 장수군 천천면 봉덕리	전라북도 장수군 천천면 봉덕리	4574034026
전라북도 장수군 천천면 비룡리	전라북도 장수군 천천면 비룡리	4574034031
전라북도 장수군 천천면 삼고리	전라북도 장수군 천천면 삼고리	4574034025
전라북도 장수군 천천면 연평리	전라북도 장수군 천천면 연평리	4574034030
전라북도 장수군 천천면 오봉리	전라북도 장수군 천천면 오봉리	4574034029
전라북도 장수군 천천면 용광리	전라북도 장수군 천천면 용광리	4574034028
전라북도 장수군 천천면 월곡리	전라북도 장수군 천천면 월곡리	4574034022
전라북도 장수군 천천면 장판리	전라북도 장수군 천천면 장판리	4574034021
전라북도 장수군 천천면 춘송리	전라북도 장수군 천천면 춘송리	4574034027
전라북도 전주덕진구 강흥동	전라북도 전주시 덕진구 강흥동	4511313500
전라북도 전주덕진구 고랑동	전라북도 전주시 덕진구 고랑동	4511312900
전라북도 전주덕진구 금상동	전라북도 전주시 덕진구 금상동	4511311200
전라북도 전주덕진구 금암동	전라북도 전주시 덕진구 금암동	4511310700
전라북도 전주덕진구 남정동	전라북도 전주시 덕진구 남정동	4511313700
전라북도 전주덕진구 덕진동1가	전라북도 전주시 덕진구 덕진동1가	4511310500
전라북도 전주덕진구 덕진동2가	전라북도 전주시 덕진구 덕진동2가	4511310600
전라북도 전주덕진구 도덕동	전라북도 전주시 덕진구 도덕동	4511313600
전라북도 전주덕진구 도도동	전라북도 전주시 덕진구 도도동	4511313400
전라북도 전주덕진구 동산동	전라북도 전주시 덕진구 동산동	4511312800
전라북도 전주덕진구 만성동	전라북도 전주시 덕진구 만성동	4511313100
전라북도 전주덕진구 반월동	전라북도 전주시 덕진구 반월동	4511312300
전라북도 전주덕진구 산정동	전라북도 전주시 덕진구 산정동	4511311100
전라북도 전주덕진구 성덕동	전라북도 전주시 덕진구 성덕동	4511312600
전라북도 전주덕진구 송천동1가	전라북도 전주시 덕진구 송천동1가	4511312100
전라북도 전주덕진구 송천동2가	전라북도 전주시 덕진구 송천동2가	4511312200
전라북도 전주덕진구 여의동	전라북도 전주시 덕진구 여의동	4511313000
전라북도 전주덕진구 용정동	전라북도 전주시 덕진구 용정동	4511312500
전라북도 전주덕진구 우아동1가	전라북도 전주시 덕진구 우아동1가	4511311300
전라북도 전주덕진구 우아동2가	전라북도 전주시 덕진구 우아동2가	4511311400
전라북도 전주덕진구 우아동3가	전라북도 전주시 덕진구 우아동3가	4511311500
전라북도 전주덕진구 원동	전라북도 전주시 덕진구 원동	4511312700
전라북도 전주덕진구 인후동1가	전라북도 전주시 덕진구 인후동1가	4511310300
전라북도 전주덕진구 인후동2가	전라북도 전주시 덕진구 인후동2가	4511310400
전라북도 전주덕진구 장동	전라북도 전주시 덕진구 장동	4511313200
전라북도 전주덕진구 전미동1가	전라북도 전주시 덕진구 전미동1가	4511311900
전라북도 전주덕진구 전미동2가	전라북도 전주시 덕진구 전미동2가	4511312000
전라북도 전주덕진구 중동	전라북도 전주시 덕진구 중동	4511313800
전라북도 전주덕진구 진북동	전라북도 전주시 덕진구 진북동	4511310200
전라북도 전주덕진구 팔복동1가	전라북도 전주시 덕진구 팔복동1가	4511310800
전라북도 전주덕진구 팔복동2가	전라북도 전주시 덕진구 팔복동2가	4511310900
전라북도 전주덕진구 팔복동3가	전라북도 전주시 덕진구 팔복동3가	4511311000
전라북도 전주덕진구 팔복동4가	전라북도 전주시 덕진구 팔복동4가	4511313300
전라북도 전주덕진구 호성동1가	전라북도 전주시 덕진구 호성동1가	4511311600
전라북도 전주덕진구 호성동2가	전라북도 전주시 덕진구 호성동2가	4511311700
전라북도 전주덕진구 호성동3가	전라북도 전주시 덕진구 호성동3가	4511311800
전라북도 전주덕진구 화전동	전라북도 전주시 덕진구 화전동	4511312400
전라북도 전주완산구 경원동1가	전라북도 전주시 완산구 경원동1가	4511110500
전라북도 전주완산구 경원동2가	전라북도 전주시 완산구 경원동2가	4511110600
전라북도 전주완산구 경원동3가	전라북도 전주시 완산구 경원동3가	4511110700
전라북도 전주완산구 고사동	전라북도 전주시 완산구 고사동	4511111700
전라북도 전주완산구 교동	전라북도 전주시 완산구 교동	4511111800
전라북도 전주완산구 남노송동	전라북도 전주시 완산구 남노송동	4511112100
전라북도 전주완산구 다가동1가	전라북도 전주시 완산구 다가동1가	4511111300
전라북도 전주완산구 다가동2가	전라북도 전주시 완산구 다가동2가	4511111400
전라북도 전주완산구 다가동3가	전라북도 전주시 완산구 다가동3가	4511111500
전라북도 전주완산구 다가동4가	전라북도 전주시 완산구 다가동4가	4511111600
전라북도 전주완산구 대성동	전라북도 전주시 완산구 대성동	4511114300
전라북도 전주완산구 동서학동	전라북도 전주시 완산구 동서학동	4511112500
전라북도 전주완산구 동완산동	전라북도 전주시 완산구 동완산동	4511112200
전라북도 전주완산구 삼천동1가	전라북도 전주시 완산구 삼천동1가	4511113700
전라북도 전주완산구 삼천동2가	전라북도 전주시 완산구 삼천동2가	4511113800
전라북도 전주완산구 삼천동3가	전라북도 전주시 완산구 삼천동3가	4511113900
전라북도 전주완산구 상림동	전라북도 전주시 완산구 상림동	4511114500
전라북도 전주완산구 색장동	전라북도 전주시 완산구 색장동	4511114400
전라북도 전주완산구 서노송동	전라북도 전주시 완산구 서노송동	4511114700
전라북도 전주완산구 서서학동	전라북도 전주시 완산구 서서학동	4511112600
전라북도 전주완산구 서신동	전라북도 전주시 완산구 서신동	4511112900
전라북도 전주완산구 서완산동1가	전라북도 전주시 완산구 서완산동1가	4511112300
전라북도 전주완산구 서완산동2가	전라북도 전주시 완산구 서완산동2가	4511112400
전라북도 전주완산구 석구동	전라북도 전주시 완산구 석구동	4511113000
전라북도 전주완산구 용복동	전라북도 전주시 완산구 용복동	4511113600
전라북도 전주완산구 원당동	전라북도 전주시 완산구 원당동	4511113100
전라북도 전주완산구 전동	전라북도 전주시 완산구 전동	4511111100
전라북도 전주완산구 전동3가	전라북도 전주시 완산구 전동3가	4511111200
전라북도 전주완산구 중노송동	전라북도 전주시 완산구 중노송동	4511112000
전라북도 전주완산구 중앙동1가	전라북도 전주시 완산구 중앙동1가	4511110100
전라북도 전주완산구 중앙동2가	전라북도 전주시 완산구 중앙동2가	4511110200
전라북도 전주완산구 중앙동3가	전라북도 전주시 완산구 중앙동3가	4511110300
전라북도 전주완산구 중앙동4가	전라북도 전주시 완산구 중앙동4가	4511110400
전라북도 전주완산구 중인동	전라북도 전주시 완산구 중인동	4511113500
전라북도 전주완산구 중화산동1가	전라북도 전주시 완산구 중화산동1가	4511112700
전라북도 전주완산구 중화산동2가	전라북도 전주시 완산구 중화산동2가	4511112800
전라북도 전주완산구 태평동	전라북도 전주시 완산구 태평동	4511111900
전라북도 전주완산구 평화동1가	전라북도 전주시 완산구 평화동1가	4511113200
전라북도 전주완산구 평화동2가	전라북도 전주시 완산구 평화동2가	4511113300
전라북도 전주완산구 평화동3가	전라북도 전주시 완산구 평화동3가	4511113400
전라북도 전주완산구 풍남동1가	전라북도 전주시 완산구 풍남동1가	4511110800
전라북도 전주완산구 풍남동2가	전라북도 전주시 완산구 풍남동2가	4511110900
전라북도 전주완산구 풍남동3가	전라북도 전주시 완산구 풍남동3가	4511111000
전라북도 전주완산구 효자동1가	전라북도 전주시 완산구 효자동1가	4511114000
전라북도 전주완산구 효자동2가	전라북도 전주시 완산구 효자동2가	4511114100
전라북도 전주완산구 효자동3가	전라북도 전주시 완산구 효자동3가	4511114200
전라북도 정읍시 감곡면 계룡리	전라북도 정읍시 감곡면 계룡리	4518040022
전라북도 정읍시 감곡면 대신리	전라북도 정읍시 감곡면 대신리	4518040031
전라북도 정읍시 감곡면 방교리	전라북도 정읍시 감곡면 방교리	4518040024
전라북도 정읍시 감곡면 삼평리	전라북도 정읍시 감곡면 삼평리	4518040023
전라북도 정읍시 감곡면 승방리	전라북도 정읍시 감곡면 승방리	4518040021
전라북도 정읍시 감곡면 오주리	전라북도 정읍시 감곡면 오주리	4518040025
전라북도 정읍시 감곡면 용곽리	전라북도 정읍시 감곡면 용곽리	4518040029
전라북도 정읍시 감곡면 유정리	전라북도 정읍시 감곡면 유정리	4518040030
전라북도 정읍시 감곡면 진흥리	전라북도 정읍시 감곡면 진흥리	4518040026
전라북도 정읍시 감곡면 통석리	전라북도 정읍시 감곡면 통석리	4518040027
전라북도 정읍시 감곡면 화봉리	전라북도 정읍시 감곡면 화봉리	4518040028
전라북도 정읍시 고부면 강고리	전라북도 정읍시 고부면 강고리	4518034028
전라북도 정읍시 고부면 고부리	전라북도 정읍시 고부면 고부리	4518034025
전라북도 정읍시 고부면 관청리	전라북도 정읍시 고부면 관청리	4518034021
전라북도 정읍시 고부면 남복리	전라북도 정읍시 고부면 남복리	4518034029
전라북도 정읍시 고부면 덕안리	전라북도 정읍시 고부면 덕안리	4518034026
전라북도 정읍시 고부면 만수리	전라북도 정읍시 고부면 만수리	4518034033
전라북도 정읍시 고부면 만화리	전라북도 정읍시 고부면 만화리	4518034023
전라북도 정읍시 고부면 백운리	전라북도 정읍시 고부면 백운리	4518034022
전라북도 정읍시 고부면 신중리	전라북도 정읍시 고부면 신중리	4518034024
전라북도 정읍시 고부면 신흥리	전라북도 정읍시 고부면 신흥리	4518034027
전라북도 정읍시 고부면 용흥리	전라북도 정읍시 고부면 용흥리	4518034031
전라북도 정읍시 고부면 입석리	전라북도 정읍시 고부면 입석리	4518034032
전라북도 정읍시 고부면 장문리	전라북도 정읍시 고부면 장문리	4518034030
전라북도 정읍시 공평동	전라북도 정읍시 공평동	4518012500
전라북도 정읍시 과교동	전라북도 정읍시 과교동	4518010900
전라북도 정읍시 교암동	전라북도 정읍시 교암동	4518011600
전라북도 정읍시 구룡동	전라북도 정읍시 구룡동	4518012200
전라북도 정읍시 금붕동	전라북도 정읍시 금붕동	4518011200
전라북도 정읍시 내장동	전라북도 정읍시 내장동	4518011900
전라북도 정읍시 농소동	전라북도 정읍시 농소동	4518010600
전라북도 정읍시 덕천면 달천리	전라북도 정읍시 덕천면 달천리	4518036025
전라북도 정읍시 덕천면 도계리	전라북도 정읍시 덕천면 도계리	4518036026
전라북도 정읍시 덕천면 상학리	전라북도 정읍시 덕천면 상학리	4518036022
전라북도 정읍시 덕천면 신월리	전라북도 정읍시 덕천면 신월리	4518036023
전라북도 정읍시 덕천면 우덕리	전라북도 정읍시 덕천면 우덕리	4518036024
전라북도 정읍시 덕천면 하학리	전라북도 정읍시 덕천면 하학리	4518036021
전라북도 정읍시 망제동	전라북도 정읍시 망제동	4518012600
전라북도 정읍시 부전동	전라북도 정읍시 부전동	4518011700
전라북도 정읍시 북면 남산리	전라북도 정읍시 북면 남산리	4518031029
전라북도 정읍시 북면 마정리	전라북도 정읍시 북면 마정리	4518031027
전라북도 정읍시 북면 보림리	전라북도 정읍시 북면 보림리	4518031026
전라북도 정읍시 북면 복흥리	전라북도 정읍시 북면 복흥리	4518031024
전라북도 정읍시 북면 승부리	전라북도 정읍시 북면 승부리	4518031022
전라북도 정읍시 북면 신평리	전라북도 정읍시 북면 신평리	4518031023
전라북도 정읍시 북면 장학리	전라북도 정읍시 북면 장학리	4518031030
전라북도 정읍시 북면 태곡리	전라북도 정읍시 북면 태곡리	4518031025
전라북도 정읍시 북면 한교리	전라북도 정읍시 북면 한교리	4518031021
전라북도 정읍시 북면 화해리	전라북도 정읍시 북면 화해리	4518031028
전라북도 정읍시 산내면 능교리	전라북도 정읍시 산내면 능교리	4518043025
전라북도 정읍시 산내면 두월리	전라북도 정읍시 산내면 두월리	4518043021
전라북도 정읍시 산내면 매죽리	전라북도 정읍시 산내면 매죽리	4518043023
전라북도 정읍시 산내면 예덕리	전라북도 정읍시 산내면 예덕리	4518043024
전라북도 정읍시 산내면 장금리	전라북도 정읍시 산내면 장금리	4518043022
전라북도 정읍시 산내면 종성리	전라북도 정읍시 산내면 종성리	4518043026
전라북도 정읍시 산외면 동곡리	전라북도 정읍시 산외면 동곡리	4518044024
전라북도 정읍시 산외면 목욕리	전라북도 정읍시 산외면 목욕리	4518044027
전라북도 정읍시 산외면 상두리	전라북도 정읍시 산외면 상두리	4518044025
전라북도 정읍시 산외면 오공리	전라북도 정읍시 산외면 오공리	4518044026
전라북도 정읍시 산외면 정량리	전라북도 정읍시 산외면 정량리	4518044021
전라북도 정읍시 산외면 종산리	전라북도 정읍시 산외면 종산리	4518044028
전라북도 정읍시 산외면 평사리	전라북도 정읍시 산외면 평사리	4518044022
전라북도 정읍시 산외면 화죽리	전라북도 정읍시 산외면 화죽리	4518044023
전라북도 정읍시 삼산동	전라북도 정읍시 삼산동	4518011000
전라북도 정읍시 상동	전라북도 정읍시 상동	4518010300
전라북도 정읍시 상평동	전라북도 정읍시 상평동	4518010800
전라북도 정읍시 소성면 고교리	전라북도 정읍시 소성면 고교리	4518033026
전라북도 정읍시 소성면 기린리	전라북도 정읍시 소성면 기린리	4518033030
전라북도 정읍시 소성면 등계리	전라북도 정읍시 소성면 등계리	4518033023
전라북도 정읍시 소성면 보화리	전라북도 정읍시 소성면 보화리	4518033022
전라북도 정읍시 소성면 신천리	전라북도 정읍시 소성면 신천리	4518033029
전라북도 정읍시 소성면 애당리	전라북도 정읍시 소성면 애당리	4518033027
전라북도 정읍시 소성면 용정리	전라북도 정읍시 소성면 용정리	4518033024
전라북도 정읍시 소성면 주천리	전라북도 정읍시 소성면 주천리	4518033021
전라북도 정읍시 소성면 중광리	전라북도 정읍시 소성면 중광리	4518033028
전라북도 정읍시 소성면 화룡리	전라북도 정읍시 소성면 화룡리	4518033025
전라북도 정읍시 송산동	전라북도 정읍시 송산동	4518011300
전라북도 정읍시 수성동	전라북도 정읍시 수성동	4518010100
전라북도 정읍시 시기동	전라북도 정읍시 시기동	4518010400
전라북도 정읍시 신월동	전라북도 정읍시 신월동	4518011400
전라북도 정읍시 신정동	전라북도 정읍시 신정동	4518012700
전라북도 정읍시 신태인읍 구석리	전라북도 정읍시 신태인읍 구석리	4518025030
전라북도 정읍시 신태인읍 백산리	전라북도 정읍시 신태인읍 백산리	4518025031
전라북도 정읍시 신태인읍 신덕리	전라북도 정읍시 신태인읍 신덕리	4518025023
전라북도 정읍시 신태인읍 신용리	전라북도 정읍시 신태인읍 신용리	4518025028
전라북도 정읍시 신태인읍 신태인리	전라북도 정읍시 신태인읍 신태인리	4518025021
전라북도 정읍시 신태인읍 양괴리	전라북도 정읍시 신태인읍 양괴리	4518025029
전라북도 정읍시 신태인읍 연정리	전라북도 정읍시 신태인읍 연정리	4518025027
전라북도 정읍시 신태인읍 우령리	전라북도 정읍시 신태인읍 우령리	4518025022
전라북도 정읍시 신태인읍 육리	전라북도 정읍시 신태인읍 육리	4518025026
전라북도 정읍시 신태인읍 청천리	전라북도 정읍시 신태인읍 청천리	4518025024
전라북도 정읍시 신태인읍 화호리	전라북도 정읍시 신태인읍 화호리	4518025025
전라북도 정읍시 쌍암동	전라북도 정읍시 쌍암동	4518011800
전라북도 정읍시 연지동	전라북도 정읍시 연지동	4518010500
전라북도 정읍시 영원면 신영리	전라북도 정읍시 영원면 신영리	4518035022
전라북도 정읍시 영원면 앵성리	전라북도 정읍시 영원면 앵성리	4518035025
전라북도 정읍시 영원면 운학리	전라북도 정읍시 영원면 운학리	4518035026
전라북도 정읍시 영원면 은선리	전라북도 정읍시 영원면 은선리	4518035021
전라북도 정읍시 영원면 장재리	전라북도 정읍시 영원면 장재리	4518035023
전라북도 정읍시 영원면 풍월리	전라북도 정읍시 영원면 풍월리	4518035024
전라북도 정읍시 영원면 후지리	전라북도 정읍시 영원면 후지리	4518035027
전라북도 정읍시 영파동	전라북도 정읍시 영파동	4518012000
전라북도 정읍시 옹동면 매정리	전라북도 정읍시 옹동면 매정리	4518041022
전라북도 정읍시 옹동면 비봉리	전라북도 정읍시 옹동면 비봉리	4518041021
전라북도 정읍시 옹동면 산성리	전라북도 정읍시 옹동면 산성리	4518041023
전라북도 정읍시 옹동면 상산리	전라북도 정읍시 옹동면 상산리	4518041024
전라북도 정읍시 옹동면 오성리	전라북도 정읍시 옹동면 오성리	4518041027
전라북도 정읍시 옹동면 용호리	전라북도 정읍시 옹동면 용호리	4518041026
전라북도 정읍시 옹동면 칠석리	전라북도 정읍시 옹동면 칠석리	4518041025
전라북도 정읍시 용계동	전라북도 정읍시 용계동	4518012400
전라북도 정읍시 용산동	전라북도 정읍시 용산동	4518011500
전라북도 정읍시 이평면 두전리	전라북도 정읍시 이평면 두전리	4518037030
전라북도 정읍시 이평면 두지리	전라북도 정읍시 이평면 두지리	4518037025
전라북도 정읍시 이평면 마항리	전라북도 정읍시 이평면 마항리	4518037029
전라북도 정읍시 이평면 산매리	전라북도 정읍시 이평면 산매리	4518037024
전라북도 정읍시 이평면 오금리	전라북도 정읍시 이평면 오금리	4518037031
전라북도 정읍시 이평면 장내리	전라북도 정읍시 이평면 장내리	4518037021
전라북도 정읍시 이평면 창동리	전라북도 정읍시 이평면 창동리	4518037027
전라북도 정읍시 이평면 청량리	전라북도 정읍시 이평면 청량리	4518037022
전라북도 정읍시 이평면 팔선리	전라북도 정읍시 이평면 팔선리	4518037023
전라북도 정읍시 이평면 평령리	전라북도 정읍시 이평면 평령리	4518037026
전라북도 정읍시 이평면 하송리	전라북도 정읍시 이평면 하송리	4518037028
전라북도 정읍시 입암면 단곡리	전라북도 정읍시 입암면 단곡리	4518032022
전라북도 정읍시 입암면 등천리	전라북도 정읍시 입암면 등천리	4518032025
전라북도 정읍시 입암면 마석리	전라북도 정읍시 입암면 마석리	4518032029
전라북도 정읍시 입암면 봉양리	전라북도 정읍시 입암면 봉양리	4518032030
전라북도 정읍시 입암면 신면리	전라북도 정읍시 입암면 신면리	4518032028
전라북도 정읍시 입암면 연월리	전라북도 정읍시 입암면 연월리	4518032023
전라북도 정읍시 입암면 접지리	전라북도 정읍시 입암면 접지리	4518032027
전라북도 정읍시 입암면 지선리	전라북도 정읍시 입암면 지선리	4518032021
전라북도 정읍시 입암면 천원리	전라북도 정읍시 입암면 천원리	4518032024
전라북도 정읍시 입암면 하부리	전라북도 정읍시 입암면 하부리	4518032026
전라북도 정읍시 장명동	전라북도 정읍시 장명동	4518010200
전라북도 정읍시 정우면 대사리	전라북도 정읍시 정우면 대사리	4518038023
전라북도 정읍시 정우면 대산리	전라북도 정읍시 정우면 대산리	4518038028
전라북도 정읍시 정우면 산북리	전라북도 정읍시 정우면 산북리	4518038022
전라북도 정읍시 정우면 수금리	전라북도 정읍시 정우면 수금리	4518038030
전라북도 정읍시 정우면 우산리	전라북도 정읍시 정우면 우산리	4518038031
전라북도 정읍시 정우면 우일리	전라북도 정읍시 정우면 우일리	4518038021
전라북도 정읍시 정우면 장순리	전라북도 정읍시 정우면 장순리	4518038026
전라북도 정읍시 정우면 초강리	전라북도 정읍시 정우면 초강리	4518038027
전라북도 정읍시 정우면 화천리	전라북도 정읍시 정우면 화천리	4518038024
전라북도 정읍시 정우면 회룡리	전라북도 정읍시 정우면 회룡리	4518038025
전라북도 정읍시 진산동	전라북도 정읍시 진산동	4518011100
전라북도 정읍시 칠보면 무성리	전라북도 정읍시 칠보면 무성리	4518042024
전라북도 정읍시 칠보면 반곡리	전라북도 정읍시 칠보면 반곡리	4518042026
전라북도 정읍시 칠보면 백암리	전라북도 정읍시 칠보면 백암리	4518042021
전라북도 정읍시 칠보면 수청리	전라북도 정읍시 칠보면 수청리	4518042027
전라북도 정읍시 칠보면 시산리	전라북도 정읍시 칠보면 시산리	4518042025
전라북도 정읍시 칠보면 와우리	전라북도 정읍시 칠보면 와우리	4518042023
전라북도 정읍시 칠보면 축현리	전라북도 정읍시 칠보면 축현리	4518042022
전라북도 정읍시 태인면 거산리	전라북도 정읍시 태인면 거산리	4518039025
전라북도 정읍시 태인면 고천리	전라북도 정읍시 태인면 고천리	4518039028
전라북도 정읍시 태인면 궁사리	전라북도 정읍시 태인면 궁사리	4518039023
전라북도 정읍시 태인면 낙양리	전라북도 정읍시 태인면 낙양리	4518039029
전라북도 정읍시 태인면 매계리	전라북도 정읍시 태인면 매계리	4518039032
전라북도 정읍시 태인면 박산리	전라북도 정읍시 태인면 박산리	4518039021
전라북도 정읍시 태인면 오류리	전라북도 정읍시 태인면 오류리	4518039033
전라북도 정읍시 태인면 오봉리	전라북도 정읍시 태인면 오봉리	4518039022
전라북도 정읍시 태인면 증산리	전라북도 정읍시 태인면 증산리	4518039026
전라북도 정읍시 태인면 태남리	전라북도 정읍시 태인면 태남리	4518039031
전라북도 정읍시 태인면 태서리	전라북도 정읍시 태인면 태서리	4518039034
전라북도 정읍시 태인면 태성리	전라북도 정읍시 태인면 태성리	4518039024
전라북도 정읍시 태인면 태창리	전라북도 정읍시 태인면 태창리	4518039030
전라북도 정읍시 태인면 태흥리	전라북도 정읍시 태인면 태흥리	4518039027
전라북도 정읍시 하모동	전라북도 정읍시 하모동	4518010700
전라북도 정읍시 하북동	전라북도 정읍시 하북동	4518012100
전라북도 정읍시 흑암동	전라북도 정읍시 흑암동	4518012300
전라북도 진안군 동향면 능금리	전라북도 진안군 동향면 능금리	4572033023
전라북도 진안군 동향면 대량리	전라북도 진안군 동향면 대량리	4572033021
전라북도 진안군 동향면 성산리	전라북도 진안군 동향면 성산리	4572033026
전라북도 진안군 동향면 신송리	전라북도 진안군 동향면 신송리	4572033025
전라북도 진안군 동향면 자산리	전라북도 진안군 동향면 자산리	4572033024
전라북도 진안군 동향면 학선리	전라북도 진안군 동향면 학선리	4572033022
전라북도 진안군 마령면 강정리	전라북도 진안군 마령면 강정리	4572037025
전라북도 진안군 마령면 계서리	전라북도 진안군 마령면 계서리	4572037023
전라북도 진안군 마령면 덕천리	전라북도 진안군 마령면 덕천리	4572037024
전라북도 진안군 마령면 동촌리	전라북도 진안군 마령면 동촌리	4572037022
전라북도 진안군 마령면 평지리	전라북도 진안군 마령면 평지리	4572037021
전라북도 진안군 백운면 남계리	전라북도 진안군 백운면 남계리	4572035024
전라북도 진안군 백운면 노촌리	전라북도 진안군 백운면 노촌리	4572035028
전라북도 진안군 백운면 덕현리	전라북도 진안군 백운면 덕현리	4572035023
전라북도 진안군 백운면 동창리	전라북도 진안군 백운면 동창리	4572035021
전라북도 진안군 백운면 반송리	전라북도 진안군 백운면 반송리	4572035025
전라북도 진안군 백운면 백암리	전라북도 진안군 백운면 백암리	4572035027
전라북도 진안군 백운면 신암리	전라북도 진안군 백운면 신암리	4572035026
전라북도 진안군 백운면 운교리	전라북도 진안군 백운면 운교리	4572035029
전라북도 진안군 백운면 평장리	전라북도 진안군 백운면 평장리	4572035022
전라북도 진안군 부귀면 거석리	전라북도 진안군 부귀면 거석리	4572038021
전라북도 진안군 부귀면 궁항리	전라북도 진안군 부귀면 궁항리	4572038028
전라북도 진안군 부귀면 두남리	전라북도 진안군 부귀면 두남리	4572038026
전라북도 진안군 부귀면 봉암리	전라북도 진안군 부귀면 봉암리	4572038029
전라북도 진안군 부귀면 세동리	전라북도 진안군 부귀면 세동리	4572038023
전라북도 진안군 부귀면 수항리	전라북도 진안군 부귀면 수항리	4572038025
전라북도 진안군 부귀면 신정리	전라북도 진안군 부귀면 신정리	4572038024
전라북도 진안군 부귀면 오룡리	전라북도 진안군 부귀면 오룡리	4572038022
전라북도 진안군 부귀면 황금리	전라북도 진안군 부귀면 황금리	4572038027
전라북도 진안군 상전면 갈현리	전라북도 진안군 상전면 갈현리	4572034021
전라북도 진안군 상전면 구룡리	전라북도 진안군 상전면 구룡리	4572034025
전라북도 진안군 상전면 수동리	전라북도 진안군 상전면 수동리	4572034023
전라북도 진안군 상전면 용평리	전라북도 진안군 상전면 용평리	4572034026
전라북도 진안군 상전면 월포리	전라북도 진안군 상전면 월포리	4572034024
전라북도 진안군 상전면 주평리	전라북도 진안군 상전면 주평리	4572034022
전라북도 진안군 성수면 구신리	전라북도 진안군 성수면 구신리	4572036024
전라북도 진안군 성수면 도통리	전라북도 진안군 성수면 도통리	4572036026
전라북도 진안군 성수면 신기리	전라북도 진안군 성수면 신기리	4572036023
전라북도 진안군 성수면 외궁리	전라북도 진안군 성수면 외궁리	4572036021
전라북도 진안군 성수면 용포리	전라북도 진안군 성수면 용포리	4572036025
전라북도 진안군 성수면 좌산리	전라북도 진안군 성수면 좌산리	4572036022
전라북도 진안군 성수면 좌포리	전라북도 진안군 성수면 좌포리	4572036027
전라북도 진안군 성수면 중길리	전라북도 진안군 성수면 중길리	4572036028
전라북도 진안군 안천면 노성리	전라북도 진안군 안천면 노성리	4572032021
전라북도 진안군 안천면 백화리	전라북도 진안군 안천면 백화리	4572032022
전라북도 진안군 안천면 삼락리	전라북도 진안군 안천면 삼락리	4572032024
전라북도 진안군 안천면 신괴리	전라북도 진안군 안천면 신괴리	4572032023
전라북도 진안군 용담면 송풍리	전라북도 진안군 용담면 송풍리	4572031025
전라북도 진안군 용담면 수천리	전라북도 진안군 용담면 수천리	4572031022
전라북도 진안군 용담면 옥거리	전라북도 진안군 용담면 옥거리	4572031021
전라북도 진안군 용담면 와룡리	전라북도 진안군 용담면 와룡리	4572031026
전라북도 진안군 용담면 월계리	전라북도 진안군 용담면 월계리	4572031024
전라북도 진안군 용담면 호계리	전라북도 진안군 용담면 호계리	4572031023
전라북도 진안군 정천면 갈용리	전라북도 진안군 정천면 갈용리	4572039022
전라북도 진안군 정천면 망화리	전라북도 진안군 정천면 망화리	4572039024
전라북도 진안군 정천면 모정리	전라북도 진안군 정천면 모정리	4572039023
전라북도 진안군 정천면 봉학리	전라북도 진안군 정천면 봉학리	4572039021
전라북도 진안군 정천면 월평리	전라북도 진안군 정천면 월평리	4572039025
전라북도 진안군 주천면 대불리	전라북도 진안군 주천면 대불리	4572040022
전라북도 진안군 주천면 무릉리	전라북도 진안군 주천면 무릉리	4572040026
전라북도 진안군 주천면 신양리	전라북도 진안군 주천면 신양리	4572040024
전라북도 진안군 주천면 용덕리	전라북도 진안군 주천면 용덕리	4572040025
전라북도 진안군 주천면 운봉리	전라북도 진안군 주천면 운봉리	4572040023
전라북도 진안군 주천면 주양리	전라북도 진안군 주천면 주양리	4572040021
전라북도 진안군 진안읍 가림리	전라북도 진안군 진안읍 가림리	4572025024
전라북도 진안군 진안읍 가막리	전라북도 진안군 진안읍 가막리	4572025030
전라북도 진안군 진안읍 구룡리	전라북도 진안군 진안읍 구룡리	4572025029
전라북도 진안군 진안읍 군상리	전라북도 진안군 진안읍 군상리	4572025021
전라북도 진안군 진안읍 군하리	전라북도 진안군 진안읍 군하리	4572025022
전라북도 진안군 진안읍 단양리	전라북도 진안군 진안읍 단양리	4572025023
전라북도 진안군 진안읍 물곡리	전라북도 진안군 진안읍 물곡리	4572025028
전라북도 진안군 진안읍 반월리	전라북도 진안군 진안읍 반월리	4572025025
전라북도 진안군 진안읍 연장리	전라북도 진안군 진안읍 연장리	4572025032
전라북도 진안군 진안읍 오천리	전라북도 진안군 진안읍 오천리	4572025027
전라북도 진안군 진안읍 운산리	전라북도 진안군 진안읍 운산리	4572025033
전라북도 진안군 진안읍 정곡리	전라북도 진안군 진안읍 정곡리	4572025031
전라북도 진안군 진안읍 죽산리	전라북도 진안군 진안읍 죽산리	4572025026
제주특별자치도 서귀포시 강정동	제주특별자치도 서귀포시 강정동	5013011600
제주특별자치도 서귀포시 남원읍 남원리	제주특별자치도 서귀포시 남원읍 남원리	5013025321
제주특별자치도 서귀포시 남원읍 수망리	제주특별자치도 서귀포시 남원읍 수망리	5013025324
제주특별자치도 서귀포시 남원읍 신례리	제주특별자치도 서귀포시 남원읍 신례리	5013025329
제주특별자치도 서귀포시 남원읍 신흥리	제주특별자치도 서귀포시 남원읍 신흥리	5013025326
제주특별자치도 서귀포시 남원읍 위미리	제주특별자치도 서귀포시 남원읍 위미리	5013025327
제주특별자치도 서귀포시 남원읍 의귀리	제주특별자치도 서귀포시 남원읍 의귀리	5013025325
제주특별자치도 서귀포시 남원읍 태흥리	제주특별자치도 서귀포시 남원읍 태흥리	5013025322
제주특별자치도 서귀포시 남원읍 하례리	제주특별자치도 서귀포시 남원읍 하례리	5013025328
제주특별자치도 서귀포시 남원읍 한남리	제주특별자치도 서귀포시 남원읍 한남리	5013025323
제주특별자치도 서귀포시 대정읍 가파리	제주특별자치도 서귀포시 대정읍 가파리	5013025026
제주특별자치도 서귀포시 대정읍 구억리	제주특별자치도 서귀포시 대정읍 구억리	5013025030
제주특별자치도 서귀포시 대정읍 동일리	제주특별자치도 서귀포시 대정읍 동일리	5013025028
제주특별자치도 서귀포시 대정읍 무릉리	제주특별자치도 서귀포시 대정읍 무릉리	5013025031
제주특별자치도 서귀포시 대정읍 보성리	제주특별자치도 서귀포시 대정읍 보성리	5013025029
제주특별자치도 서귀포시 대정읍 상모리	제주특별자치도 서귀포시 대정읍 상모리	5013025021
제주특별자치도 서귀포시 대정읍 신도리	제주특별자치도 서귀포시 대정읍 신도리	5013025033
제주특별자치도 서귀포시 대정읍 신평리	제주특별자치도 서귀포시 대정읍 신평리	5013025027
제주특별자치도 서귀포시 대정읍 안성리	제주특별자치도 서귀포시 대정읍 안성리	5013025023
제주특별자치도 서귀포시 대정읍 영락리	제주특별자치도 서귀포시 대정읍 영락리	5013025032
제주특별자치도 서귀포시 대정읍 인성리	제주특별자치도 서귀포시 대정읍 인성리	5013025024
제주특별자치도 서귀포시 대정읍 일과리	제주특별자치도 서귀포시 대정읍 일과리	5013025025
제주특별자치도 서귀포시 대정읍 하모리	제주특별자치도 서귀포시 대정읍 하모리	5013025022
제주특별자치도 서귀포시 대포동	제주특별자치도 서귀포시 대포동	5013011400
제주특별자치도 서귀포시 도순동	제주특별자치도 서귀포시 도순동	5013011700
제주특별자치도 서귀포시 동홍동	제주특별자치도 서귀포시 동홍동	5013010500
제주특별자치도 서귀포시 법환동	제주특별자치도 서귀포시 법환동	5013010200
제주특별자치도 서귀포시 보목동	제주특별자치도 서귀포시 보목동	5013011000
제주특별자치도 서귀포시 상예동	제주특별자치도 서귀포시 상예동	5013012000
제주특별자치도 서귀포시 상효동	제주특별자치도 서귀포시 상효동	5013010700
제주특별자치도 서귀포시 색달동	제주특별자치도 서귀포시 색달동	5013011900
제주특별자치도 서귀포시 서귀동	제주특별자치도 서귀포시 서귀동	5013010100
제주특별자치도 서귀포시 서호동	제주특별자치도 서귀포시 서호동	5013010300
제주특별자치도 서귀포시 서홍동	제주특별자치도 서귀포시 서홍동	5013010600
제주특별자치도 서귀포시 성산읍 고성리	제주특별자치도 서귀포시 성산읍 고성리	5013025924
제주특별자치도 서귀포시 성산읍 난산리	제주특별자치도 서귀포시 성산읍 난산리	5013025931
제주특별자치도 서귀포시 성산읍 삼달리	제주특별자치도 서귀포시 성산읍 삼달리	5013025928
제주특별자치도 서귀포시 성산읍 성산리	제주특별자치도 서귀포시 성산읍 성산리	5013025921
제주특별자치도 서귀포시 성산읍 수산리	제주특별자치도 서귀포시 성산읍 수산리	5013025925
제주특별자치도 서귀포시 성산읍 시흥리	제주특별자치도 서귀포시 성산읍 시흥리	5013025923
제주특별자치도 서귀포시 성산읍 신산리	제주특별자치도 서귀포시 성산읍 신산리	5013025927
제주특별자치도 서귀포시 성산읍 신천리	제주특별자치도 서귀포시 성산읍 신천리	5013025930
제주특별자치도 서귀포시 성산읍 신풍리	제주특별자치도 서귀포시 성산읍 신풍리	5013025929
제주특별자치도 서귀포시 성산읍 오조리	제주특별자치도 서귀포시 성산읍 오조리	5013025922
제주특별자치도 서귀포시 성산읍 온평리	제주특별자치도 서귀포시 성산읍 온평리	5013025926
제주특별자치도 서귀포시 신효동	제주특별자치도 서귀포시 신효동	5013010900
제주특별자치도 서귀포시 안덕면 감산리	제주특별자치도 서귀포시 안덕면 감산리	5013031023
제주특별자치도 서귀포시 안덕면 광평리	제주특별자치도 서귀포시 안덕면 광평리	5013031029
제주특별자치도 서귀포시 안덕면 덕수리	제주특별자치도 서귀포시 안덕면 덕수리	5013031026
제주특별자치도 서귀포시 안덕면 동광리	제주특별자치도 서귀포시 안덕면 동광리	5013031028
제주특별자치도 서귀포시 안덕면 사계리	제주특별자치도 서귀포시 안덕면 사계리	5013031025
제주특별자치도 서귀포시 안덕면 상창리	제주특별자치도 서귀포시 안덕면 상창리	5013031024
제주특별자치도 서귀포시 안덕면 상천리	제주특별자치도 서귀포시 안덕면 상천리	5013031030
제주특별자치도 서귀포시 안덕면 서광리	제주특별자치도 서귀포시 안덕면 서광리	5013031027
제주특별자치도 서귀포시 안덕면 창천리	제주특별자치도 서귀포시 안덕면 창천리	5013031022
제주특별자치도 서귀포시 안덕면 화순리	제주특별자치도 서귀포시 안덕면 화순리	5013031021
제주특별자치도 서귀포시 영남동	제주특별자치도 서귀포시 영남동	5013012200
제주특별자치도 서귀포시 월평동	제주특별자치도 서귀포시 월평동	5013011500
제주특별자치도 서귀포시 중문동	제주특별자치도 서귀포시 중문동	5013011200
제주특별자치도 서귀포시 토평동	제주특별자치도 서귀포시 토평동	5013011100
제주특별자치도 서귀포시 표선면 가시리	제주특별자치도 서귀포시 표선면 가시리	5013032024
제주특별자치도 서귀포시 표선면 성읍리	제주특별자치도 서귀포시 표선면 성읍리	5013032023
제주특별자치도 서귀포시 표선면 세화리	제주특별자치도 서귀포시 표선면 세화리	5013032025
제주특별자치도 서귀포시 표선면 토산리	제주특별자치도 서귀포시 표선면 토산리	5013032026
제주특별자치도 서귀포시 표선면 표선리	제주특별자치도 서귀포시 표선면 표선리	5013032021
제주특별자치도 서귀포시 표선면 하천리	제주특별자치도 서귀포시 표선면 하천리	5013032022
제주특별자치도 서귀포시 하예동	제주특별자치도 서귀포시 하예동	5013012100
제주특별자치도 서귀포시 하원동	제주특별자치도 서귀포시 하원동	5013011800
제주특별자치도 서귀포시 하효동	제주특별자치도 서귀포시 하효동	5013010800
제주특별자치도 서귀포시 호근동	제주특별자치도 서귀포시 호근동	5013010400
제주특별자치도 서귀포시 회수동	제주특별자치도 서귀포시 회수동	5013011300
제주특별자치도 제주시 건입동	제주특별자치도 제주시 건입동	5011010700
제주특별자치도 제주시 구좌읍 김녕리	제주특별자치도 제주시 구좌읍 김녕리	5011025634
제주특별자치도 제주시 구좌읍 덕천리	제주특별자치도 제주시 구좌읍 덕천리	5011025624
제주특별자치도 제주시 구좌읍 동복리	제주특별자치도 제주시 구좌읍 동복리	5011025621
제주특별자치도 제주시 구좌읍 상도리	제주특별자치도 제주시 구좌읍 상도리	5011025629
제주특별자치도 제주시 구좌읍 세화리	제주특별자치도 제주시 구좌읍 세화리	5011025628
제주특별자치도 제주시 구좌읍 송당리	제주특별자치도 제주시 구좌읍 송당리	5011025625
제주특별자치도 제주시 구좌읍 월정리	제주특별자치도 제주시 구좌읍 월정리	5011025626
제주특별자치도 제주시 구좌읍 종달리	제주특별자치도 제주시 구좌읍 종달리	5011025632
제주특별자치도 제주시 구좌읍 평대리	제주특별자치도 제주시 구좌읍 평대리	5011025633
제주특별자치도 제주시 구좌읍 하도리	제주특별자치도 제주시 구좌읍 하도리	5011025631
제주특별자치도 제주시 구좌읍 한동리	제주특별자치도 제주시 구좌읍 한동리	5011025630
제주특별자치도 제주시 구좌읍 행원리	제주특별자치도 제주시 구좌읍 행원리	5011025627
제주특별자치도 제주시 내도동	제주특별자치도 제주시 내도동	5011014000
제주특별자치도 제주시 노형동	제주특별자치도 제주시 노형동	5011012200
제주특별자치도 제주시 도남동	제주특별자치도 제주시 도남동	5011012900
제주특별자치도 제주시 도두이동	제주특별자치도 제주시 도두이동	5011012800
제주특별자치도 제주시 도두일동	제주특별자치도 제주시 도두일동	5011012700
제주특별자치도 제주시 도련이동	제주특별자치도 제주시 도련이동	5011013100
제주특별자치도 제주시 도련일동	제주특별자치도 제주시 도련일동	5011013000
제주특별자치도 제주시 도평동	제주특별자치도 제주시 도평동	5011013800
제주특별자치도 제주시 봉개동	제주특별자치도 제주시 봉개동	5011011600
제주특별자치도 제주시 삼도이동	제주특별자치도 제주시 삼도이동	5011010600
제주특별자치도 제주시 삼도일동	제주특별자치도 제주시 삼도일동	5011010500
제주특별자치도 제주시 삼양삼동	제주특별자치도 제주시 삼양삼동	5011011500
제주특별자치도 제주시 삼양이동	제주특별자치도 제주시 삼양이동	5011011400
제주특별자치도 제주시 삼양일동	제주특별자치도 제주시 삼양일동	5011011300
제주특별자치도 제주시 아라이동	제주특별자치도 제주시 아라이동	5011011800
제주특별자치도 제주시 아라일동	제주특별자치도 제주시 아라일동	5011011700
제주특별자치도 제주시 애월읍 고내리	제주특별자치도 제주시 애월읍 고내리	5011025333
제주특별자치도 제주시 애월읍 고성리	제주특별자치도 제주시 애월읍 고성리	5011025329
제주특별자치도 제주시 애월읍 곽지리	제주특별자치도 제주시 애월읍 곽지리	5011025337
제주특별자치도 제주시 애월읍 광령리	제주특별자치도 제주시 애월읍 광령리	5011025321
제주특별자치도 제주시 애월읍 구엄리	제주특별자치도 제주시 애월읍 구엄리	5011025324
제주특별자치도 제주시 애월읍 금성리	제주특별자치도 제주시 애월읍 금성리	5011025338
제주특별자치도 제주시 애월읍 납읍리	제주특별자치도 제주시 애월읍 납읍리	5011025335
제주특별자치도 제주시 애월읍 봉성리	제주특별자치도 제주시 애월읍 봉성리	5011025339
제주특별자치도 제주시 애월읍 상가리	제주특별자치도 제주시 애월읍 상가리	5011025331
제주특별자치도 제주시 애월읍 상귀리	제주특별자치도 제주시 애월읍 상귀리	5011025323
제주특별자치도 제주시 애월읍 소길리	제주특별자치도 제주시 애월읍 소길리	5011025328
제주특별자치도 제주시 애월읍 수산리	제주특별자치도 제주시 애월읍 수산리	5011025325
제주특별자치도 제주시 애월읍 신엄리	제주특별자치도 제주시 애월읍 신엄리	5011025326
제주특별자치도 제주시 애월읍 애월리	제주특별자치도 제주시 애월읍 애월리	5011025334
제주특별자치도 제주시 애월읍 어음리	제주특별자치도 제주시 애월읍 어음리	5011025336
제주특별자치도 제주시 애월읍 유수암리	제주특별자치도 제주시 애월읍 유수암리	5011025342
제주특별자치도 제주시 애월읍 장전리	제주특별자치도 제주시 애월읍 장전리	5011025327
제주특별자치도 제주시 애월읍 하가리	제주특별자치도 제주시 애월읍 하가리	5011025330
제주특별자치도 제주시 애월읍 하귀1리	제주특별자치도 제주시 애월읍 하귀1리	5011025340
제주특별자치도 제주시 애월읍 하귀2리	제주특별자치도 제주시 애월읍 하귀2리	5011025341
제주특별자치도 제주시 연동	제주특별자치도 제주시 연동	5011013700
제주특별자치도 제주시 영평동	제주특별자치도 제주시 영평동	5011013600
제주특별자치도 제주시 오등동	제주특별자치도 제주시 오등동	5011013400
제주특별자치도 제주시 오라삼동	제주특별자치도 제주시 오라삼동	5011012100
제주특별자치도 제주시 오라이동	제주특별자치도 제주시 오라이동	5011012000
제주특별자치도 제주시 오라일동	제주특별자치도 제주시 오라일동	5011011900
제주특별자치도 제주시 외도이동	제주특별자치도 제주시 외도이동	5011012400
제주특별자치도 제주시 외도일동	제주특별자치도 제주시 외도일동	5011012300
제주특별자치도 제주시 용강동	제주특별자치도 제주시 용강동	5011013200
제주특별자치도 제주시 용담삼동	제주특별자치도 제주시 용담삼동	5011011000
제주특별자치도 제주시 용담이동	제주특별자치도 제주시 용담이동	5011010900
제주특별자치도 제주시 용담일동	제주특별자치도 제주시 용담일동	5011010800
제주특별자치도 제주시 우도면 연평리	제주특별자치도 제주시 우도면 연평리	5011033021
제주특별자치도 제주시 우도면 천진리	제주특별자치도 제주시 우도면 천진리	5011033023
제주특별자치도 제주시 월평동	제주특별자치도 제주시 월평동	5011013500
제주특별자치도 제주시 이도이동	제주특별자치도 제주시 이도이동	5011010400
제주특별자치도 제주시 이도일동	제주특별자치도 제주시 이도일동	5011010300
제주특별자치도 제주시 이호이동	제주특별자치도 제주시 이호이동	5011012600
제주특별자치도 제주시 이호일동	제주특별자치도 제주시 이호일동	5011012500
제주특별자치도 제주시 일도이동	제주특별자치도 제주시 일도이동	5011010200
제주특별자치도 제주시 일도일동	제주특별자치도 제주시 일도일동	5011010100
제주특별자치도 제주시 조천읍 교래리	제주특별자치도 제주시 조천읍 교래리	5011025929
제주특별자치도 제주시 조천읍 대흘리	제주특별자치도 제주시 조천읍 대흘리	5011025926
제주특별자치도 제주시 조천읍 북촌리	제주특별자치도 제주시 조천읍 북촌리	5011025927
제주특별자치도 제주시 조천읍 선흘리	제주특별자치도 제주시 조천읍 선흘리	5011025930
제주특별자치도 제주시 조천읍 신촌리	제주특별자치도 제주시 조천읍 신촌리	5011025921
제주특별자치도 제주시 조천읍 신흥리	제주특별자치도 제주시 조천읍 신흥리	5011025925
제주특별자치도 제주시 조천읍 와산리	제주특별자치도 제주시 조천읍 와산리	5011025928
제주특별자치도 제주시 조천읍 와흘리	제주특별자치도 제주시 조천읍 와흘리	5011025922
제주특별자치도 제주시 조천읍 조천리	제주특별자치도 제주시 조천읍 조천리	5011025923
제주특별자치도 제주시 조천읍 함덕리	제주특별자치도 제주시 조천읍 함덕리	5011025924
제주특별자치도 제주시 추자면 대서리	제주특별자치도 제주시 추자면 대서리	5011032021
제주특별자치도 제주시 추자면 묵리	제주특별자치도 제주시 추자면 묵리	5011032023
제주특별자치도 제주시 추자면 신양리	제주특별자치도 제주시 추자면 신양리	5011032025
제주특별자치도 제주시 추자면 영흥리	제주특별자치도 제주시 추자면 영흥리	5011032022
제주특별자치도 제주시 추자면 예초리	제주특별자치도 제주시 추자면 예초리	5011032024
제주특별자치도 제주시 한경면 고산리	제주특별자치도 제주시 한경면 고산리	5011031023
제주특별자치도 제주시 한경면 금등리	제주특별자치도 제주시 한경면 금등리	5011031025
제주특별자치도 제주시 한경면 낙천리	제주특별자치도 제주시 한경면 낙천리	5011031029
제주특별자치도 제주시 한경면 두모리	제주특별자치도 제주시 한경면 두모리	5011031027
제주특별자치도 제주시 한경면 신창리	제주특별자치도 제주시 한경면 신창리	5011031028
제주특별자치도 제주시 한경면 용수리	제주특별자치도 제주시 한경면 용수리	5011031022
제주특별자치도 제주시 한경면 저지리	제주특별자치도 제주시 한경면 저지리	5011031030
제주특별자치도 제주시 한경면 조수리	제주특별자치도 제주시 한경면 조수리	5011031026
제주특별자치도 제주시 한경면 청수리	제주특별자치도 제주시 한경면 청수리	5011031021
제주특별자치도 제주시 한경면 판포리	제주특별자치도 제주시 한경면 판포리	5011031024
제주특별자치도 제주시 한림읍 귀덕리	제주특별자치도 제주시 한림읍 귀덕리	5011025021
제주특별자치도 제주시 한림읍 금능리	제주특별자치도 제주시 한림읍 금능리	5011025033
제주특별자치도 제주시 한림읍 금악리	제주특별자치도 제주시 한림읍 금악리	5011025025
제주특별자치도 제주시 한림읍 대림리	제주특별자치도 제주시 한림읍 대림리	5011025023
제주특별자치도 제주시 한림읍 동명리	제주특별자치도 제주시 한림읍 동명리	5011025026
제주특별자치도 제주시 한림읍 명월리	제주특별자치도 제주시 한림읍 명월리	5011025027
제주특별자치도 제주시 한림읍 상대리	제주특별자치도 제주시 한림읍 상대리	5011025029
제주특별자치도 제주시 한림읍 상명리	제주특별자치도 제주시 한림읍 상명리	5011025030
제주특별자치도 제주시 한림읍 수원리	제주특별자치도 제주시 한림읍 수원리	5011025022
제주특별자치도 제주시 한림읍 옹포리	제주특별자치도 제주시 한림읍 옹포리	5011025028
제주특별자치도 제주시 한림읍 월령리	제주특별자치도 제주시 한림읍 월령리	5011025032
제주특별자치도 제주시 한림읍 월림리	제주특별자치도 제주시 한림읍 월림리	5011025034
제주특별자치도 제주시 한림읍 한림리	제주특별자치도 제주시 한림읍 한림리	5011025024
제주특별자치도 제주시 한림읍 한수리	제주특별자치도 제주시 한림읍 한수리	5011025035
제주특별자치도 제주시 한림읍 협재리	제주특별자치도 제주시 한림읍 협재리	5011025031
제주특별자치도 제주시 해안동	제주특별자치도 제주시 해안동	5011013900
제주특별자치도 제주시 화북이동	제주특별자치도 제주시 화북이동	5011011200
제주특별자치도 제주시 화북일동	제주특별자치도 제주시 화북일동	5011011100
제주특별자치도 제주시 회천동	제주특별자치도 제주시 회천동	5011013300
충청남도 계룡시 금암동	충청남도 계룡시 금암동	4425010100
충청남도 계룡시 두마면 농소리	충청남도 계룡시 두마면 농소리	4425031024
충청남도 계룡시 두마면 두계리	충청남도 계룡시 두마면 두계리	4425031021
충청남도 계룡시 두마면 왕대리	충청남도 계룡시 두마면 왕대리	4425031022
충청남도 계룡시 두마면 입암리	충청남도 계룡시 두마면 입암리	4425031023
충청남도 계룡시 신도안면 남선리	충청남도 계룡시 신도안면 남선리	4425033021
충청남도 계룡시 신도안면 부남리	충청남도 계룡시 신도안면 부남리	4425033023
충청남도 계룡시 신도안면 용동리	충청남도 계룡시 신도안면 용동리	4425033025
충청남도 계룡시 신도안면 정장리	충청남도 계룡시 신도안면 정장리	4425033022
충청남도 계룡시 엄사면 광석리	충청남도 계룡시 엄사면 광석리	4425031523
충청남도 계룡시 엄사면 도곡리	충청남도 계룡시 엄사면 도곡리	4425031524
충청남도 계룡시 엄사면 엄사리	충청남도 계룡시 엄사면 엄사리	4425031521
충청남도 계룡시 엄사면 유동리	충청남도 계룡시 엄사면 유동리	4425031522
충청남도 계룡시 엄사면 향한리	충청남도 계룡시 엄사면 향한리	4425031525
충청남도 공주시 검상동	충청남도 공주시 검상동	4415012400
충청남도 공주시 계룡면 경천리	충청남도 공주시 계룡면 경천리	4415033030
충청남도 공주시 계룡면 구왕리	충청남도 공주시 계룡면 구왕리	4415033026
충청남도 공주시 계룡면 금대리	충청남도 공주시 계룡면 금대리	4415033032
충청남도 공주시 계룡면 기산리	충청남도 공주시 계룡면 기산리	4415033021
충청남도 공주시 계룡면 내흥리	충청남도 공주시 계룡면 내흥리	4415033025
충청남도 공주시 계룡면 봉명리	충청남도 공주시 계룡면 봉명리	4415033023
충청남도 공주시 계룡면 상성리	충청남도 공주시 계룡면 상성리	4415033033
충청남도 공주시 계룡면 양화리	충청남도 공주시 계룡면 양화리	4415033029
충청남도 공주시 계룡면 월곡리	충청남도 공주시 계룡면 월곡리	4415033034
충청남도 공주시 계룡면 월암리	충청남도 공주시 계룡면 월암리	4415033022
충청남도 공주시 계룡면 유평리	충청남도 공주시 계룡면 유평리	4415033037
충청남도 공주시 계룡면 죽곡리	충청남도 공주시 계룡면 죽곡리	4415033035
충청남도 공주시 계룡면 중장리	충청남도 공주시 계룡면 중장리	4415033027
충청남도 공주시 계룡면 하대리	충청남도 공주시 계룡면 하대리	4415033028
충청남도 공주시 계룡면 향지리	충청남도 공주시 계룡면 향지리	4415033036
충청남도 공주시 계룡면 화은리	충청남도 공주시 계룡면 화은리	4415033024
충청남도 공주시 계룡면 화헌리	충청남도 공주시 계룡면 화헌리	4415033031
충청남도 공주시 교동	충청남도 공주시 교동	4415010600
충청남도 공주시 금성동	충청남도 공주시 금성동	4415010800
충청남도 공주시 금학동	충청남도 공주시 금학동	4415011000
충청남도 공주시 금흥동	충청남도 공주시 금흥동	4415012100
충청남도 공주시 동현동	충청남도 공주시 동현동	4415012700
충청남도 공주시 무릉동	충청남도 공주시 무릉동	4415011800
충청남도 공주시 반죽동	충청남도 공주시 반죽동	4415010100
충청남도 공주시 반포면 공암리	충청남도 공주시 반포면 공암리	4415034021
충청남도 공주시 반포면 마암리	충청남도 공주시 반포면 마암리	4415034028
충청남도 공주시 반포면 봉곡리	충청남도 공주시 반포면 봉곡리	4415034029
충청남도 공주시 반포면 상신리	충청남도 공주시 반포면 상신리	4415034030
충청남도 공주시 반포면 송곡리	충청남도 공주시 반포면 송곡리	4415034023
충청남도 공주시 반포면 온천리	충청남도 공주시 반포면 온천리	4415034032
충청남도 공주시 반포면 하신리	충청남도 공주시 반포면 하신리	4415034031
충청남도 공주시 반포면 학봉리	충청남도 공주시 반포면 학봉리	4415034033
충청남도 공주시 봉정동	충청남도 공주시 봉정동	4415011100
충청남도 공주시 봉황동	충청남도 공주시 봉황동	4415010200
충청남도 공주시 사곡면 가교리	충청남도 공주시 사곡면 가교리	4415039028
충청남도 공주시 사곡면 계실리	충청남도 공주시 사곡면 계실리	4415039024
충청남도 공주시 사곡면 고당리	충청남도 공주시 사곡면 고당리	4415039026
충청남도 공주시 사곡면 대중리	충청남도 공주시 사곡면 대중리	4415039027
충청남도 공주시 사곡면 부곡리	충청남도 공주시 사곡면 부곡리	4415039033
충청남도 공주시 사곡면 신영리	충청남도 공주시 사곡면 신영리	4415039022
충청남도 공주시 사곡면 운암리	충청남도 공주시 사곡면 운암리	4415039029
충청남도 공주시 사곡면 월가리	충청남도 공주시 사곡면 월가리	4415039031
충청남도 공주시 사곡면 유룡리	충청남도 공주시 사곡면 유룡리	4415039032
충청남도 공주시 사곡면 해월리	충청남도 공주시 사곡면 해월리	4415039025
충청남도 공주시 사곡면 호계리	충청남도 공주시 사곡면 호계리	4415039021
충청남도 공주시 사곡면 화월리	충청남도 공주시 사곡면 화월리	4415039023
충청남도 공주시 사곡면 회학리	충청남도 공주시 사곡면 회학리	4415039030
충청남도 공주시 산성동	충청남도 공주시 산성동	4415010500
충청남도 공주시 상왕동	충청남도 공주시 상왕동	4415011700
충청남도 공주시 석장리동	충청남도 공주시 석장리동	4415012500
충청남도 공주시 소학동	충청남도 공주시 소학동	4415011600
충청남도 공주시 송선동	충청남도 공주시 송선동	4415012600
충청남도 공주시 신관동	충청남도 공주시 신관동	4415012000
충청남도 공주시 신기동	충청남도 공주시 신기동	4415011500
충청남도 공주시 신풍면 대룡리	충청남도 공주시 신풍면 대룡리	4415040028
충청남도 공주시 신풍면 동원리	충청남도 공주시 신풍면 동원리	4415040022
충청남도 공주시 신풍면 백룡리	충청남도 공주시 신풍면 백룡리	4415040030
충청남도 공주시 신풍면 봉갑리	충청남도 공주시 신풍면 봉갑리	4415040024
충청남도 공주시 신풍면 산정리	충청남도 공주시 신풍면 산정리	4415040021
충청남도 공주시 신풍면 선학리	충청남도 공주시 신풍면 선학리	4415040031
충청남도 공주시 신풍면 쌍대리	충청남도 공주시 신풍면 쌍대리	4415040026
충청남도 공주시 신풍면 영정리	충청남도 공주시 신풍면 영정리	4415040032
충청남도 공주시 신풍면 용수리	충청남도 공주시 신풍면 용수리	4415040025
충청남도 공주시 신풍면 입동리	충청남도 공주시 신풍면 입동리	4415040029
충청남도 공주시 신풍면 조평리	충청남도 공주시 신풍면 조평리	4415040023
충청남도 공주시 신풍면 청흥리	충청남도 공주시 신풍면 청흥리	4415040027
충청남도 공주시 신풍면 평소리	충청남도 공주시 신풍면 평소리	4415040033
충청남도 공주시 신풍면 화흥리	충청남도 공주시 신풍면 화흥리	4415040034
충청남도 공주시 쌍신동	충청남도 공주시 쌍신동	4415012200
충청남도 공주시 오곡동	충청남도 공주시 오곡동	4415011400
충청남도 공주시 옥룡동	충청남도 공주시 옥룡동	4415010900
충청남도 공주시 우성면 귀산리	충청남도 공주시 우성면 귀산리	4415038032
충청남도 공주시 우성면 내산리	충청남도 공주시 우성면 내산리	4415038028
충청남도 공주시 우성면 단지리	충청남도 공주시 우성면 단지리	4415038022
충청남도 공주시 우성면 대성리	충청남도 공주시 우성면 대성리	4415038036
충청남도 공주시 우성면 도천리	충청남도 공주시 우성면 도천리	4415038026
충청남도 공주시 우성면 동곡리	충청남도 공주시 우성면 동곡리	4415038030
충청남도 공주시 우성면 동대리	충청남도 공주시 우성면 동대리	4415038021
충청남도 공주시 우성면 목천리	충청남도 공주시 우성면 목천리	4415038033
충청남도 공주시 우성면 반촌리	충청남도 공주시 우성면 반촌리	4415038031
충청남도 공주시 우성면 방문리	충청남도 공주시 우성면 방문리	4415038023
충청남도 공주시 우성면 방흥리	충청남도 공주시 우성면 방흥리	4415038034
충청남도 공주시 우성면 보흥리	충청남도 공주시 우성면 보흥리	4415038035
충청남도 공주시 우성면 봉현리	충청남도 공주시 우성면 봉현리	4415038039
충청남도 공주시 우성면 상서리	충청남도 공주시 우성면 상서리	4415038024
충청남도 공주시 우성면 신웅리	충청남도 공주시 우성면 신웅리	4415038027
충청남도 공주시 우성면 안양리	충청남도 공주시 우성면 안양리	4415038037
충청남도 공주시 우성면 어천리	충청남도 공주시 우성면 어천리	4415038040
충청남도 공주시 우성면 오동리	충청남도 공주시 우성면 오동리	4415038042
충청남도 공주시 우성면 옥성리	충청남도 공주시 우성면 옥성리	4415038043
충청남도 공주시 우성면 용봉리	충청남도 공주시 우성면 용봉리	4415038038
충청남도 공주시 우성면 죽당리	충청남도 공주시 우성면 죽당리	4415038041
충청남도 공주시 우성면 평목리	충청남도 공주시 우성면 평목리	4415038025
충청남도 공주시 우성면 한천리	충청남도 공주시 우성면 한천리	4415038029
충청남도 공주시 웅진동	충청남도 공주시 웅진동	4415010700
충청남도 공주시 월미동	충청남도 공주시 월미동	4415012300
충청남도 공주시 월송동	충청남도 공주시 월송동	4415011900
충청남도 공주시 유구읍 구계리	충청남도 공주시 유구읍 구계리	4415025030
충청남도 공주시 유구읍 노동리	충청남도 공주시 유구읍 노동리	4415025022
충청남도 공주시 유구읍 녹천리	충청남도 공주시 유구읍 녹천리	4415025025
충청남도 공주시 유구읍 덕곡리	충청남도 공주시 유구읍 덕곡리	4415025034
충청남도 공주시 유구읍 동해리	충청남도 공주시 유구읍 동해리	4415025037
충청남도 공주시 유구읍 만천리	충청남도 공주시 유구읍 만천리	4415025038
충청남도 공주시 유구읍 명곡리	충청남도 공주시 유구읍 명곡리	4415025029
충청남도 공주시 유구읍 문금리	충청남도 공주시 유구읍 문금리	4415025035
충청남도 공주시 유구읍 백교리	충청남도 공주시 유구읍 백교리	4415025021
충청남도 공주시 유구읍 석남리	충청남도 공주시 유구읍 석남리	4415025023
충청남도 공주시 유구읍 세동리	충청남도 공주시 유구읍 세동리	4415025032
충청남도 공주시 유구읍 신달리	충청남도 공주시 유구읍 신달리	4415025027
충청남도 공주시 유구읍 신영리	충청남도 공주시 유구읍 신영리	4415025026
충청남도 공주시 유구읍 연종리	충청남도 공주시 유구읍 연종리	4415025031
충청남도 공주시 유구읍 유구리	충청남도 공주시 유구읍 유구리	4415025024
충청남도 공주시 유구읍 입석리	충청남도 공주시 유구읍 입석리	4415025028
충청남도 공주시 유구읍 추계리	충청남도 공주시 유구읍 추계리	4415025033
충청남도 공주시 유구읍 탑곡리	충청남도 공주시 유구읍 탑곡리	4415025036
충청남도 공주시 의당면 가산리	충청남도 공주시 의당면 가산리	4415036033
충청남도 공주시 의당면 덕학리	충청남도 공주시 의당면 덕학리	4415036036
충청남도 공주시 의당면 도신리	충청남도 공주시 의당면 도신리	4415036035
충청남도 공주시 의당면 두만리	충청남도 공주시 의당면 두만리	4415036022
충청남도 공주시 의당면 수촌리	충청남도 공주시 의당면 수촌리	4415036024
충청남도 공주시 의당면 오인리	충청남도 공주시 의당면 오인리	4415036023
충청남도 공주시 의당면 요룡리	충청남도 공주시 의당면 요룡리	4415036037
충청남도 공주시 의당면 월곡리	충청남도 공주시 의당면 월곡리	4415036021
충청남도 공주시 의당면 유계리	충청남도 공주시 의당면 유계리	4415036027
충청남도 공주시 의당면 율정리	충청남도 공주시 의당면 율정리	4415036025
충청남도 공주시 의당면 중흥리	충청남도 공주시 의당면 중흥리	4415036034
충청남도 공주시 의당면 청룡리	충청남도 공주시 의당면 청룡리	4415036026
충청남도 공주시 이인면 구암리	충청남도 공주시 이인면 구암리	4415031030
충청남도 공주시 이인면 달산리	충청남도 공주시 이인면 달산리	4415031031
충청남도 공주시 이인면 만수리	충청남도 공주시 이인면 만수리	4415031022
충청남도 공주시 이인면 목동리	충청남도 공주시 이인면 목동리	4415031026
충청남도 공주시 이인면 반송리	충청남도 공주시 이인면 반송리	4415031034
충청남도 공주시 이인면 발양리	충청남도 공주시 이인면 발양리	4415031027
충청남도 공주시 이인면 복룡리	충청남도 공주시 이인면 복룡리	4415031033
충청남도 공주시 이인면 산의리	충청남도 공주시 이인면 산의리	4415031032
충청남도 공주시 이인면 신영리	충청남도 공주시 이인면 신영리	4415031037
충청남도 공주시 이인면 신흥리	충청남도 공주시 이인면 신흥리	4415031024
충청남도 공주시 이인면 오룡리	충청남도 공주시 이인면 오룡리	4415031023
충청남도 공주시 이인면 용성리	충청남도 공주시 이인면 용성리	4415031029
충청남도 공주시 이인면 운암리	충청남도 공주시 이인면 운암리	4415031036
충청남도 공주시 이인면 이곡리	충청남도 공주시 이인면 이곡리	4415031035
충청남도 공주시 이인면 이인리	충청남도 공주시 이인면 이인리	4415031021
충청남도 공주시 이인면 주봉리	충청남도 공주시 이인면 주봉리	4415031025
충청남도 공주시 이인면 초봉리	충청남도 공주시 이인면 초봉리	4415031028
충청남도 공주시 정안면 고성리	충청남도 공주시 정안면 고성리	4415037029
충청남도 공주시 정안면 광정리	충청남도 공주시 정안면 광정리	4415037021
충청남도 공주시 정안면 내문리	충청남도 공주시 정안면 내문리	4415037041
충청남도 공주시 정안면 내촌리	충청남도 공주시 정안면 내촌리	4415037034
충청남도 공주시 정안면 대산리	충청남도 공주시 정안면 대산리	4415037038
충청남도 공주시 정안면 문천리	충청남도 공주시 정안면 문천리	4415037040
충청남도 공주시 정안면 보물리	충청남도 공주시 정안면 보물리	4415037032
충청남도 공주시 정안면 북계리	충청남도 공주시 정안면 북계리	4415037025
충청남도 공주시 정안면 사현리	충청남도 공주시 정안면 사현리	4415037035
충청남도 공주시 정안면 산성리	충청남도 공주시 정안면 산성리	4415037042
충청남도 공주시 정안면 상룡리	충청남도 공주시 정안면 상룡리	4415037022
충청남도 공주시 정안면 석송리	충청남도 공주시 정안면 석송리	4415037026
충청남도 공주시 정안면 쌍달리	충청남도 공주시 정안면 쌍달리	4415037028
충청남도 공주시 정안면 어물리	충청남도 공주시 정안면 어물리	4415037033
충청남도 공주시 정안면 운궁리	충청남도 공주시 정안면 운궁리	4415037030
충청남도 공주시 정안면 월산리	충청남도 공주시 정안면 월산리	4415037039
충청남도 공주시 정안면 인풍리	충청남도 공주시 정안면 인풍리	4415037036
충청남도 공주시 정안면 장원리	충청남도 공주시 정안면 장원리	4415037031
충청남도 공주시 정안면 전평리	충청남도 공주시 정안면 전평리	4415037027
충청남도 공주시 정안면 태성리	충청남도 공주시 정안면 태성리	4415037037
충청남도 공주시 정안면 평정리	충청남도 공주시 정안면 평정리	4415037024
충청남도 공주시 정안면 화봉리	충청남도 공주시 정안면 화봉리	4415037023
충청남도 공주시 주미동	충청남도 공주시 주미동	4415011200
충청남도 공주시 중동	충청남도 공주시 중동	4415010400
충청남도 공주시 중학동	충청남도 공주시 중학동	4415010300
충청남도 공주시 탄천면 가척리	충청남도 공주시 탄천면 가척리	4415032028
충청남도 공주시 탄천면 견동리	충청남도 공주시 탄천면 견동리	4415032036
충청남도 공주시 탄천면 광명리	충청남도 공주시 탄천면 광명리	4415032022
충청남도 공주시 탄천면 국동리	충청남도 공주시 탄천면 국동리	4415032034
충청남도 공주시 탄천면 남산리	충청남도 공주시 탄천면 남산리	4415032027
충청남도 공주시 탄천면 대학리	충청남도 공주시 탄천면 대학리	4415032037
충청남도 공주시 탄천면 덕지리	충청남도 공주시 탄천면 덕지리	4415032025
충청남도 공주시 탄천면 분강리	충청남도 공주시 탄천면 분강리	4415032032
충청남도 공주시 탄천면 삼각리	충청남도 공주시 탄천면 삼각리	4415032021
충청남도 공주시 탄천면 성리	충청남도 공주시 탄천면 성리	4415032030
충청남도 공주시 탄천면 송학리	충청남도 공주시 탄천면 송학리	4415032031
충청남도 공주시 탄천면 안영리	충청남도 공주시 탄천면 안영리	4415032024
충청남도 공주시 탄천면 운곡리	충청남도 공주시 탄천면 운곡리	4415032035
충청남도 공주시 탄천면 유하리	충청남도 공주시 탄천면 유하리	4415032033
충청남도 공주시 탄천면 장선리	충청남도 공주시 탄천면 장선리	4415032023
충청남도 공주시 탄천면 정치리	충청남도 공주시 탄천면 정치리	4415032029
충청남도 공주시 탄천면 화정리	충청남도 공주시 탄천면 화정리	4415032026
충청남도 공주시 태봉동	충청남도 공주시 태봉동	4415011300
충청남도 금산군 군북면 내부리	충청남도 금산군 군북면 내부리	4471034022
충청남도 금산군 군북면 동편리	충청남도 금산군 군북면 동편리	4471034026
충청남도 금산군 군북면 두두리	충청남도 금산군 군북면 두두리	4471034025
충청남도 금산군 군북면 보광리	충청남도 금산군 군북면 보광리	4471034028
충청남도 금산군 군북면 산안리	충청남도 금산군 군북면 산안리	4471034030
충청남도 금산군 군북면 상곡리	충청남도 금산군 군북면 상곡리	4471034029
충청남도 금산군 군북면 외부리	충청남도 금산군 군북면 외부리	4471034023
충청남도 금산군 군북면 조정리	충청남도 금산군 군북면 조정리	4471034027
충청남도 금산군 군북면 천을리	충청남도 금산군 군북면 천을리	4471034024
충청남도 금산군 군북면 호티리	충청남도 금산군 군북면 호티리	4471034021
충청남도 금산군 금산읍 계진리	충청남도 금산군 금산읍 계진리	4471025027
충청남도 금산군 금산읍 상리	충청남도 금산군 금산읍 상리	4471025024
충청남도 금산군 금산읍 상옥리	충청남도 금산군 금산읍 상옥리	4471025026
충청남도 금산군 금산읍 신대리	충청남도 금산군 금산읍 신대리	4471025021
충청남도 금산군 금산읍 아인리	충청남도 금산군 금산읍 아인리	4471025025
충청남도 금산군 금산읍 양지리	충청남도 금산군 금산읍 양지리	4471025028
충청남도 금산군 금산읍 음지리	충청남도 금산군 금산읍 음지리	4471025029
충청남도 금산군 금산읍 중도리	충청남도 금산군 금산읍 중도리	4471025022
충청남도 금산군 금산읍 하옥리	충청남도 금산군 금산읍 하옥리	4471025023
충청남도 금산군 금성면 대암리	충청남도 금산군 금성면 대암리	4471031031
충청남도 금산군 금성면 도곡리	충청남도 금산군 금성면 도곡리	4471031022
충청남도 금산군 금성면 두곡리	충청남도 금산군 금성면 두곡리	4471031025
충청남도 금산군 금성면 마수리	충청남도 금산군 금성면 마수리	4471031029
충청남도 금산군 금성면 상가리	충청남도 금산군 금성면 상가리	4471031024
충청남도 금산군 금성면 양전리	충청남도 금산군 금성면 양전리	4471031021
충청남도 금산군 금성면 의총리	충청남도 금산군 금성면 의총리	4471031028
충청남도 금산군 금성면 파초리	충청남도 금산군 금성면 파초리	4471031026
충청남도 금산군 금성면 하류리	충청남도 금산군 금성면 하류리	4471031027
충청남도 금산군 금성면 하신리	충청남도 금산군 금성면 하신리	4471031030
충청남도 금산군 금성면 화림리	충청남도 금산군 금성면 화림리	4471031023
충청남도 금산군 남이면 건천리	충청남도 금산군 남이면 건천리	4471036023
충청남도 금산군 남이면 구석리	충청남도 금산군 남이면 구석리	4471036027
충청남도 금산군 남이면 대양리	충청남도 금산군 남이면 대양리	4471036025
충청남도 금산군 남이면 매곡리	충청남도 금산군 남이면 매곡리	4471036028
충청남도 금산군 남이면 상금리	충청남도 금산군 남이면 상금리	4471036022
충청남도 금산군 남이면 석동리	충청남도 금산군 남이면 석동리	4471036029
충청남도 금산군 남이면 성곡리	충청남도 금산군 남이면 성곡리	4471036030
충청남도 금산군 남이면 역평리	충청남도 금산군 남이면 역평리	4471036024
충청남도 금산군 남이면 하금리	충청남도 금산군 남이면 하금리	4471036021
충청남도 금산군 남이면 흑암리	충청남도 금산군 남이면 흑암리	4471036026
충청남도 금산군 남일면 덕천리	충청남도 금산군 남일면 덕천리	4471035025
충청남도 금산군 남일면 마장리	충청남도 금산군 남일면 마장리	4471035022
충청남도 금산군 남일면 상동리	충청남도 금산군 남일면 상동리	4471035023
충청남도 금산군 남일면 신동리	충청남도 금산군 남일면 신동리	4471035027
충청남도 금산군 남일면 신정리	충청남도 금산군 남일면 신정리	4471035026
충청남도 금산군 남일면 신천리	충청남도 금산군 남일면 신천리	4471035029
충청남도 금산군 남일면 음대리	충청남도 금산군 남일면 음대리	4471035028
충청남도 금산군 남일면 초현리	충청남도 금산군 남일면 초현리	4471035024
충청남도 금산군 남일면 황풍리	충청남도 금산군 남일면 황풍리	4471035021
충청남도 금산군 복수면 곡남리	충청남도 금산군 복수면 곡남리	4471038023
충청남도 금산군 복수면 구례리	충청남도 금산군 복수면 구례리	4471038027
충청남도 금산군 복수면 다복리	충청남도 금산군 복수면 다복리	4471038022
충청남도 금산군 복수면 목소리	충청남도 금산군 복수면 목소리	4471038025
충청남도 금산군 복수면 백암리	충청남도 금산군 복수면 백암리	4471038026
충청남도 금산군 복수면 수영리	충청남도 금산군 복수면 수영리	4471038024
충청남도 금산군 복수면 신대리	충청남도 금산군 복수면 신대리	4471038028
충청남도 금산군 복수면 용진리	충청남도 금산군 복수면 용진리	4471038021
충청남도 금산군 복수면 지량리	충청남도 금산군 복수면 지량리	4471038029
충청남도 금산군 부리면 관천리	충청남도 금산군 부리면 관천리	4471033023
충청남도 금산군 부리면 방우리	충청남도 금산군 부리면 방우리	4471033031
충청남도 금산군 부리면 불이리	충청남도 금산군 부리면 불이리	4471033024
충청남도 금산군 부리면 선원리	충청남도 금산군 부리면 선원리	4471033022
충청남도 금산군 부리면 수통리	충청남도 금산군 부리면 수통리	4471033030
충청남도 금산군 부리면 신촌리	충청남도 금산군 부리면 신촌리	4471033027
충청남도 금산군 부리면 양곡리	충청남도 금산군 부리면 양곡리	4471033025
충청남도 금산군 부리면 어재리	충청남도 금산군 부리면 어재리	4471033028
충청남도 금산군 부리면 예미리	충청남도 금산군 부리면 예미리	4471033029
충청남도 금산군 부리면 창평리	충청남도 금산군 부리면 창평리	4471033021
충청남도 금산군 부리면 평촌리	충청남도 금산군 부리면 평촌리	4471033026
충청남도 금산군 부리면 현내리	충청남도 금산군 부리면 현내리	4471033032
충청남도 금산군 제원면 구억리	충청남도 금산군 제원면 구억리	4471032025
충청남도 금산군 제원면 금성리	충청남도 금산군 제원면 금성리	4471032031
충청남도 금산군 제원면 길곡리	충청남도 금산군 제원면 길곡리	4471032027
충청남도 금산군 제원면 대산리	충청남도 금산군 제원면 대산리	4471032029
충청남도 금산군 제원면 동곡리	충청남도 금산군 제원면 동곡리	4471032026
충청남도 금산군 제원면 명곡리	충청남도 금산군 제원면 명곡리	4471032024
충청남도 금산군 제원면 명암리	충청남도 금산군 제원면 명암리	4471032022
충청남도 금산군 제원면 수당리	충청남도 금산군 제원면 수당리	4471032023
충청남도 금산군 제원면 신안리	충청남도 금산군 제원면 신안리	4471032028
충청남도 금산군 제원면 용화리	충청남도 금산군 제원면 용화리	4471032032
충청남도 금산군 제원면 저곡리	충청남도 금산군 제원면 저곡리	4471032030
충청남도 금산군 제원면 제원리	충청남도 금산군 제원면 제원리	4471032021
충청남도 금산군 제원면 천내리	충청남도 금산군 제원면 천내리	4471032033
충청남도 금산군 진산면 교촌리	충청남도 금산군 진산면 교촌리	4471037027
충청남도 금산군 진산면 두지리	충청남도 금산군 진산면 두지리	4471037031
충청남도 금산군 진산면 막현리	충청남도 금산군 진산면 막현리	4471037033
충청남도 금산군 진산면 만악리	충청남도 금산군 진산면 만악리	4471037021
충청남도 금산군 진산면 묵산리	충청남도 금산군 진산면 묵산리	4471037029
충청남도 금산군 진산면 부암리	충청남도 금산군 진산면 부암리	4471037023
충청남도 금산군 진산면 삼가리	충청남도 금산군 진산면 삼가리	4471037024
충청남도 금산군 진산면 석막리	충청남도 금산군 진산면 석막리	4471037026
충청남도 금산군 진산면 엄정리	충청남도 금산군 진산면 엄정리	4471037022
충청남도 금산군 진산면 오항리	충청남도 금산군 진산면 오항리	4471037025
충청남도 금산군 진산면 읍내리	충청남도 금산군 진산면 읍내리	4471037028
충청남도 금산군 진산면 지방리	충청남도 금산군 진산면 지방리	4471037032
충청남도 금산군 진산면 행정리	충청남도 금산군 진산면 행정리	4471037030
충청남도 금산군 추부면 마전리	충청남도 금산군 추부면 마전리	4471039023
충청남도 금산군 추부면 비례리	충청남도 금산군 추부면 비례리	4471039024
충청남도 금산군 추부면 서대리	충청남도 금산군 추부면 서대리	4471039030
충청남도 금산군 추부면 성당리	충청남도 금산군 추부면 성당리	4471039029
충청남도 금산군 추부면 신평리	충청남도 금산군 추부면 신평리	4471039028
충청남도 금산군 추부면 요광리	충청남도 금산군 추부면 요광리	4471039027
충청남도 금산군 추부면 용지리	충청남도 금산군 추부면 용지리	4471039021
충청남도 금산군 추부면 자부리	충청남도 금산군 추부면 자부리	4471039025
충청남도 금산군 추부면 장대리	충청남도 금산군 추부면 장대리	4471039026
충청남도 금산군 추부면 추정리	충청남도 금산군 추부면 추정리	4471039022
충청남도 논산시 가야곡면 강청리	충청남도 논산시 가야곡면 강청리	4423040022
충청남도 논산시 가야곡면 두월리	충청남도 논산시 가야곡면 두월리	4423040030
충청남도 논산시 가야곡면 등리	충청남도 논산시 가야곡면 등리	4423040028
충청남도 논산시 가야곡면 목곡리	충청남도 논산시 가야곡면 목곡리	4423040023
충청남도 논산시 가야곡면 병암리	충청남도 논산시 가야곡면 병암리	4423040026
충청남도 논산시 가야곡면 산노리	충청남도 논산시 가야곡면 산노리	4423040025
충청남도 논산시 가야곡면 삼전리	충청남도 논산시 가야곡면 삼전리	4423040033
충청남도 논산시 가야곡면 야촌리	충청남도 논산시 가야곡면 야촌리	4423040031
충청남도 논산시 가야곡면 양촌리	충청남도 논산시 가야곡면 양촌리	4423040034
충청남도 논산시 가야곡면 왕암리	충청남도 논산시 가야곡면 왕암리	4423040032
충청남도 논산시 가야곡면 육곡리	충청남도 논산시 가야곡면 육곡리	4423040021
충청남도 논산시 가야곡면 조정리	충청남도 논산시 가야곡면 조정리	4423040027
충청남도 논산시 가야곡면 종연리	충청남도 논산시 가야곡면 종연리	4423040029
충청남도 논산시 가야곡면 함적리	충청남도 논산시 가야곡면 함적리	4423040024
충청남도 논산시 강경읍 남교리	충청남도 논산시 강경읍 남교리	4423025021
충청남도 논산시 강경읍 대흥리	충청남도 논산시 강경읍 대흥리	4423025029
충청남도 논산시 강경읍 동흥리	충청남도 논산시 강경읍 동흥리	4423025022
충청남도 논산시 강경읍 북옥리	충청남도 논산시 강경읍 북옥리	4423025023
충청남도 논산시 강경읍 산양리	충청남도 논산시 강경읍 산양리	4423025032
충청남도 논산시 강경읍 서창리	충청남도 논산시 강경읍 서창리	4423025024
충청남도 논산시 강경읍 염천리	충청남도 논산시 강경읍 염천리	4423025027
충청남도 논산시 강경읍 중앙리	충청남도 논산시 강경읍 중앙리	4423025026
충청남도 논산시 강경읍 채산리	충청남도 논산시 강경읍 채산리	4423025031
충청남도 논산시 강경읍 채운리	충청남도 논산시 강경읍 채운리	4423025033
충청남도 논산시 강경읍 태평리	충청남도 논산시 강경읍 태평리	4423025028
충청남도 논산시 강경읍 홍교리	충청남도 논산시 강경읍 홍교리	4423025025
충청남도 논산시 강경읍 황산리	충청남도 논산시 강경읍 황산리	4423025030
충청남도 논산시 강산동	충청남도 논산시 강산동	4423011000
충청남도 논산시 관촉동	충청남도 논산시 관촉동	4423011100
충청남도 논산시 광석면 갈산리	충청남도 논산시 광석면 갈산리	4423032024
충청남도 논산시 광석면 광리	충청남도 논산시 광석면 광리	4423032025
충청남도 논산시 광석면 득윤리	충청남도 논산시 광석면 득윤리	4423032023
충청남도 논산시 광석면 사월리	충청남도 논산시 광석면 사월리	4423032031
충청남도 논산시 광석면 산동리	충청남도 논산시 광석면 산동리	4423032027
충청남도 논산시 광석면 신당리	충청남도 논산시 광석면 신당리	4423032021
충청남도 논산시 광석면 오강리	충청남도 논산시 광석면 오강리	4423032033
충청남도 논산시 광석면 왕전리	충청남도 논산시 광석면 왕전리	4423032029
충청남도 논산시 광석면 율리	충청남도 논산시 광석면 율리	4423032032
충청남도 논산시 광석면 이사리	충청남도 논산시 광석면 이사리	4423032026
충청남도 논산시 광석면 중리	충청남도 논산시 광석면 중리	4423032022
충청남도 논산시 광석면 천동리	충청남도 논산시 광석면 천동리	4423032028
충청남도 논산시 광석면 항월리	충청남도 논산시 광석면 항월리	4423032030
충청남도 논산시 내동	충청남도 논산시 내동	4423010900
충청남도 논산시 노성면 가곡리	충청남도 논산시 노성면 가곡리	4423033028
충청남도 논산시 노성면 교촌리	충청남도 논산시 노성면 교촌리	4423033024
충청남도 논산시 노성면 구암리	충청남도 논산시 노성면 구암리	4423033033
충청남도 논산시 노성면 노티리	충청남도 논산시 노성면 노티리	4423033032
충청남도 논산시 노성면 두사리	충청남도 논산시 노성면 두사리	4423033022
충청남도 논산시 노성면 병사리	충청남도 논산시 노성면 병사리	4423033027
충청남도 논산시 노성면 송당리	충청남도 논산시 노성면 송당리	4423033023
충청남도 논산시 노성면 읍내리	충청남도 논산시 노성면 읍내리	4423033021
충청남도 논산시 노성면 장구리	충청남도 논산시 노성면 장구리	4423033029
충청남도 논산시 노성면 죽림리	충청남도 논산시 노성면 죽림리	4423033026
충청남도 논산시 노성면 하도리	충청남도 논산시 노성면 하도리	4423033025
충청남도 논산시 노성면 호암리	충청남도 논산시 노성면 호암리	4423033031
충청남도 논산시 노성면 화곡리	충청남도 논산시 노성면 화곡리	4423033034
충청남도 논산시 노성면 효죽리	충청남도 논산시 노성면 효죽리	4423033030
충청남도 논산시 대교동	충청남도 논산시 대교동	4423010300
충청남도 논산시 덕지동	충청남도 논산시 덕지동	4423010800
충청남도 논산시 등화동	충청남도 논산시 등화동	4423010600
충청남도 논산시 반월동	충청남도 논산시 반월동	4423010200
충청남도 논산시 벌곡면 검천리	충청남도 논산시 벌곡면 검천리	4423038025
충청남도 논산시 벌곡면 대덕리	충청남도 논산시 벌곡면 대덕리	4423038024
충청남도 논산시 벌곡면 덕곡리	충청남도 논산시 벌곡면 덕곡리	4423038026
충청남도 논산시 벌곡면 덕목리	충청남도 논산시 벌곡면 덕목리	4423038022
충청남도 논산시 벌곡면 도산리	충청남도 논산시 벌곡면 도산리	4423038028
충청남도 논산시 벌곡면 만목리	충청남도 논산시 벌곡면 만목리	4423038029
충청남도 논산시 벌곡면 사정리	충청남도 논산시 벌곡면 사정리	4423038023
충청남도 논산시 벌곡면 수락리	충청남도 논산시 벌곡면 수락리	4423038027
충청남도 논산시 벌곡면 신양리	충청남도 논산시 벌곡면 신양리	4423038033
충청남도 논산시 벌곡면 양산리	충청남도 논산시 벌곡면 양산리	4423038034
충청남도 논산시 벌곡면 어곡리	충청남도 논산시 벌곡면 어곡리	4423038030
충청남도 논산시 벌곡면 조동리	충청남도 논산시 벌곡면 조동리	4423038031
충청남도 논산시 벌곡면 조령리	충청남도 논산시 벌곡면 조령리	4423038032
충청남도 논산시 벌곡면 한삼천리	충청남도 논산시 벌곡면 한삼천리	4423038021
충청남도 논산시 부적면 감곡리	충청남도 논산시 부적면 감곡리	4423035025
충청남도 논산시 부적면 덕평리	충청남도 논산시 부적면 덕평리	4423035022
충청남도 논산시 부적면 마구평리	충청남도 논산시 부적면 마구평리	4423035021
충청남도 논산시 부적면 반송리	충청남도 논산시 부적면 반송리	4423035031
충청남도 논산시 부적면 부인리	충청남도 논산시 부적면 부인리	4423035033
충청남도 논산시 부적면 부황리	충청남도 논산시 부적면 부황리	4423035023
충청남도 논산시 부적면 신교리	충청남도 논산시 부적면 신교리	4423035030
충청남도 논산시 부적면 신풍리	충청남도 논산시 부적면 신풍리	4423035027
충청남도 논산시 부적면 아호리	충청남도 논산시 부적면 아호리	4423035032
충청남도 논산시 부적면 안천리	충청남도 논산시 부적면 안천리	4423035028
충청남도 논산시 부적면 왕덕리	충청남도 논산시 부적면 왕덕리	4423035034
충청남도 논산시 부적면 외성리	충청남도 논산시 부적면 외성리	4423035024
충청남도 논산시 부적면 충곡리	충청남도 논산시 부적면 충곡리	4423035026
충청남도 논산시 부적면 탑정리	충청남도 논산시 부적면 탑정리	4423035029
충청남도 논산시 부창동	충청남도 논산시 부창동	4423010400
충청남도 논산시 상월면 대명리	충청남도 논산시 상월면 대명리	4423034027
충청남도 논산시 상월면 대우리	충청남도 논산시 상월면 대우리	4423034028
충청남도 논산시 상월면 대촌리	충청남도 논산시 상월면 대촌리	4423034029
충청남도 논산시 상월면 산성리	충청남도 논산시 상월면 산성리	4423034022
충청남도 논산시 상월면 상도리	충청남도 논산시 상월면 상도리	4423034026
충청남도 논산시 상월면 석종리	충청남도 논산시 상월면 석종리	4423034025
충청남도 논산시 상월면 숙진리	충청남도 논산시 상월면 숙진리	4423034033
충청남도 논산시 상월면 신충리	충청남도 논산시 상월면 신충리	4423034021
충청남도 논산시 상월면 월오리	충청남도 논산시 상월면 월오리	4423034023
충청남도 논산시 상월면 주곡리	충청남도 논산시 상월면 주곡리	4423034031
충청남도 논산시 상월면 지경리	충청남도 논산시 상월면 지경리	4423034024
충청남도 논산시 상월면 학당리	충청남도 논산시 상월면 학당리	4423034030
충청남도 논산시 상월면 한천리	충청남도 논산시 상월면 한천리	4423034032
충청남도 논산시 성동면 개척리	충청남도 논산시 성동면 개척리	4423031024
충청남도 논산시 성동면 병촌리	충청남도 논산시 성동면 병촌리	4423031023
충청남도 논산시 성동면 삼산리	충청남도 논산시 성동면 삼산리	4423031021
충청남도 논산시 성동면 삼호리	충청남도 논산시 성동면 삼호리	4423031031
충청남도 논산시 성동면 우곤리	충청남도 논산시 성동면 우곤리	4423031025
충청남도 논산시 성동면 원남리	충청남도 논산시 성동면 원남리	4423031026
충청남도 논산시 성동면 원봉리	충청남도 논산시 성동면 원봉리	4423031029
충청남도 논산시 성동면 원북리	충청남도 논산시 성동면 원북리	4423031027
충청남도 논산시 성동면 월성리	충청남도 논산시 성동면 월성리	4423031022
충청남도 논산시 성동면 정지리	충청남도 논산시 성동면 정지리	4423031028
충청남도 논산시 성동면 화정리	충청남도 논산시 성동면 화정리	4423031030
충청남도 논산시 양촌면 거사리	충청남도 논산시 양촌면 거사리	4423039033
충청남도 논산시 양촌면 남산리	충청남도 논산시 양촌면 남산리	4423039028
충청남도 논산시 양촌면 도평리	충청남도 논산시 양촌면 도평리	4423039022
충청남도 논산시 양촌면 명암리	충청남도 논산시 양촌면 명암리	4423039035
충청남도 논산시 양촌면 모촌리	충청남도 논산시 양촌면 모촌리	4423039031
충청남도 논산시 양촌면 반곡리	충청남도 논산시 양촌면 반곡리	4423039034
충청남도 논산시 양촌면 반암리	충청남도 논산시 양촌면 반암리	4423039029
충청남도 논산시 양촌면 산직리	충청남도 논산시 양촌면 산직리	4423039030
충청남도 논산시 양촌면 석서리	충청남도 논산시 양촌면 석서리	4423039036
충청남도 논산시 양촌면 신기리	충청남도 논산시 양촌면 신기리	4423039025
충청남도 논산시 양촌면 신흥리	충청남도 논산시 양촌면 신흥리	4423039032
충청남도 논산시 양촌면 양촌리	충청남도 논산시 양촌면 양촌리	4423039024
충청남도 논산시 양촌면 오산리	충청남도 논산시 양촌면 오산리	4423039026
충청남도 논산시 양촌면 인천리	충청남도 논산시 양촌면 인천리	4423039021
충청남도 논산시 양촌면 임화리	충청남도 논산시 양촌면 임화리	4423039023
충청남도 논산시 양촌면 중산리	충청남도 논산시 양촌면 중산리	4423039037
충청남도 논산시 양촌면 채광리	충청남도 논산시 양촌면 채광리	4423039027
충청남도 논산시 연무읍 고내리	충청남도 논산시 연무읍 고내리	4423025329
충청남도 논산시 연무읍 금곡리	충청남도 논산시 연무읍 금곡리	4423025323
충청남도 논산시 연무읍 동산리	충청남도 논산시 연무읍 동산리	4423025324
충청남도 논산시 연무읍 마산리	충청남도 논산시 연무읍 마산리	4423025321
충청남도 논산시 연무읍 마전리	충청남도 논산시 연무읍 마전리	4423025328
충청남도 논산시 연무읍 봉동리	충청남도 논산시 연무읍 봉동리	4423025333
충청남도 논산시 연무읍 소룡리	충청남도 논산시 연무읍 소룡리	4423025326
충청남도 논산시 연무읍 신화리	충청남도 논산시 연무읍 신화리	4423025332
충청남도 논산시 연무읍 안심리	충청남도 논산시 연무읍 안심리	4423025331
충청남도 논산시 연무읍 양지리	충청남도 논산시 연무읍 양지리	4423025327
충청남도 논산시 연무읍 죽본리	충청남도 논산시 연무읍 죽본리	4423025325
충청남도 논산시 연무읍 죽평리	충청남도 논산시 연무읍 죽평리	4423025322
충청남도 논산시 연무읍 황화정리	충청남도 논산시 연무읍 황화정리	4423025330
충청남도 논산시 연산면 고양리	충청남도 논산시 연산면 고양리	4423036031
충청남도 논산시 연산면 고정리	충청남도 논산시 연산면 고정리	4423036027
충청남도 논산시 연산면 관동리	충청남도 논산시 연산면 관동리	4423036030
충청남도 논산시 연산면 덕암리	충청남도 논산시 연산면 덕암리	4423036033
충청남도 논산시 연산면 백석리	충청남도 논산시 연산면 백석리	4423036035
충청남도 논산시 연산면 사포리	충청남도 논산시 연산면 사포리	4423036037
충청남도 논산시 연산면 송산리	충청남도 논산시 연산면 송산리	4423036038
충청남도 논산시 연산면 송정리	충청남도 논산시 연산면 송정리	4423036024
충청남도 논산시 연산면 신암리	충청남도 논산시 연산면 신암리	4423036025
충청남도 논산시 연산면 신양리	충청남도 논산시 연산면 신양리	4423036040
충청남도 논산시 연산면 어은리	충청남도 논산시 연산면 어은리	4423036036
충청남도 논산시 연산면 연산리	충청남도 논산시 연산면 연산리	4423036021
충청남도 논산시 연산면 오산리	충청남도 논산시 연산면 오산리	4423036039
충청남도 논산시 연산면 임리	충청남도 논산시 연산면 임리	4423036029
충청남도 논산시 연산면 장전리	충청남도 논산시 연산면 장전리	4423036034
충청남도 논산시 연산면 천호리	충청남도 논산시 연산면 천호리	4423036023
충청남도 논산시 연산면 청동리	충청남도 논산시 연산면 청동리	4423036026
충청남도 논산시 연산면 표정리	충청남도 논산시 연산면 표정리	4423036032
충청남도 논산시 연산면 한전리	충청남도 논산시 연산면 한전리	4423036028
충청남도 논산시 연산면 화악리	충청남도 논산시 연산면 화악리	4423036022
충청남도 논산시 은진면 교촌리	충청남도 논산시 은진면 교촌리	4423041026
충청남도 논산시 은진면 남산리	충청남도 논산시 은진면 남산리	4423041028
충청남도 논산시 은진면 방축리	충청남도 논산시 은진면 방축리	4423041022
충청남도 논산시 은진면 성덕리	충청남도 논산시 은진면 성덕리	4423041029
충청남도 논산시 은진면 성평리	충청남도 논산시 은진면 성평리	4423041030
충청남도 논산시 은진면 시묘리	충청남도 논산시 은진면 시묘리	4423041024
충청남도 논산시 은진면 연서리	충청남도 논산시 은진면 연서리	4423041021
충청남도 논산시 은진면 와야리	충청남도 논산시 은진면 와야리	4423041027
충청남도 논산시 은진면 용산리	충청남도 논산시 은진면 용산리	4423041025
충청남도 논산시 은진면 토양리	충청남도 논산시 은진면 토양리	4423041023
충청남도 논산시 지산동	충청남도 논산시 지산동	4423010700
충청남도 논산시 채운면 삼거리	충청남도 논산시 채운면 삼거리	4423042026
충청남도 논산시 채운면 심암리	충청남도 논산시 채운면 심암리	4423042024
충청남도 논산시 채운면 야화리	충청남도 논산시 채운면 야화리	4423042028
충청남도 논산시 채운면 용화리	충청남도 논산시 채운면 용화리	4423042022
충청남도 논산시 채운면 우기리	충청남도 논산시 채운면 우기리	4423042023
충청남도 논산시 채운면 장화리	충청남도 논산시 채운면 장화리	4423042027
충청남도 논산시 채운면 화산리	충청남도 논산시 채운면 화산리	4423042021
충청남도 논산시 채운면 화정리	충청남도 논산시 채운면 화정리	4423042025
충청남도 논산시 취암동	충청남도 논산시 취암동	4423010500
충청남도 논산시 화지동	충청남도 논산시 화지동	4423010100
충청남도 당진시 고대면 당진포리	충청남도 당진시 고대면 당진포리	4427031026
충청남도 당진시 고대면 대촌리	충청남도 당진시 고대면 대촌리	4427031023
충청남도 당진시 고대면 성산리	충청남도 당진시 고대면 성산리	4427031025
충청남도 당진시 고대면 슬항리	충청남도 당진시 고대면 슬항리	4427031022
충청남도 당진시 고대면 옥현리	충청남도 당진시 고대면 옥현리	4427031027
충청남도 당진시 고대면 용두리	충청남도 당진시 고대면 용두리	4427031021
충청남도 당진시 고대면 장항리	충청남도 당진시 고대면 장항리	4427031024
충청남도 당진시 고대면 진관리	충청남도 당진시 고대면 진관리	4427031029
충청남도 당진시 고대면 항곡리	충청남도 당진시 고대면 항곡리	4427031028
충청남도 당진시 구룡동	충청남도 당진시 구룡동	4427011100
충청남도 당진시 대덕동	충청남도 당진시 대덕동	4427010700
충청남도 당진시 대호지면 도이리	충청남도 당진시 대호지면 도이리	4427033024
충청남도 당진시 대호지면 두산리	충청남도 당진시 대호지면 두산리	4427033025
충청남도 당진시 대호지면 마중리	충청남도 당진시 대호지면 마중리	4427033027
충청남도 당진시 대호지면 사성리	충청남도 당진시 대호지면 사성리	4427033022
충청남도 당진시 대호지면 송전리	충청남도 당진시 대호지면 송전리	4427033028
충청남도 당진시 대호지면 장정리	충청남도 당진시 대호지면 장정리	4427033026
충청남도 당진시 대호지면 적서리	충청남도 당진시 대호지면 적서리	4427033023
충청남도 당진시 대호지면 조금리	충청남도 당진시 대호지면 조금리	4427033021
충청남도 당진시 대호지면 출포리	충청남도 당진시 대호지면 출포리	4427033029
충청남도 당진시 면천면 대치리	충청남도 당진시 면천면 대치리	4427035027
충청남도 당진시 면천면 문봉리	충청남도 당진시 면천면 문봉리	4427035024
충청남도 당진시 면천면 사기소리	충청남도 당진시 면천면 사기소리	4427035031
충청남도 당진시 면천면 삼웅리	충청남도 당진시 면천면 삼웅리	4427035028
충청남도 당진시 면천면 성상리	충청남도 당진시 면천면 성상리	4427035021
충청남도 당진시 면천면 성하리	충청남도 당진시 면천면 성하리	4427035022
충청남도 당진시 면천면 송학리	충청남도 당진시 면천면 송학리	4427035029
충청남도 당진시 면천면 원동리	충청남도 당진시 면천면 원동리	4427035023
충청남도 당진시 면천면 율사리	충청남도 당진시 면천면 율사리	4427035026
충청남도 당진시 면천면 자개리	충청남도 당진시 면천면 자개리	4427035025
충청남도 당진시 면천면 죽동리	충청남도 당진시 면천면 죽동리	4427035030
충청남도 당진시 사기소동	충청남도 당진시 사기소동	4427011000
충청남도 당진시 석문면 교로리	충청남도 당진시 석문면 교로리	4427032025
충청남도 당진시 석문면 난지도리	충청남도 당진시 석문면 난지도리	4427032026
충청남도 당진시 석문면 삼봉리	충청남도 당진시 석문면 삼봉리	4427032023
충청남도 당진시 석문면 삼화리	충청남도 당진시 석문면 삼화리	4427032022
충청남도 당진시 석문면 장고항리	충청남도 당진시 석문면 장고항리	4427032024
충청남도 당진시 석문면 초락도리	충청남도 당진시 석문면 초락도리	4427032027
충청남도 당진시 석문면 통정리	충청남도 당진시 석문면 통정리	4427032021
충청남도 당진시 송산면 가곡리	충청남도 당진시 송산면 가곡리	4427039033
충청남도 당진시 송산면 금암리	충청남도 당진시 송산면 금암리	4427039022
충청남도 당진시 송산면 당산리	충청남도 당진시 송산면 당산리	4427039023
충청남도 당진시 송산면 도문리	충청남도 당진시 송산면 도문리	4427039028
충청남도 당진시 송산면 동곡리	충청남도 당진시 송산면 동곡리	4427039032
충청남도 당진시 송산면 매곡리	충청남도 당진시 송산면 매곡리	4427039025
충청남도 당진시 송산면 명산리	충청남도 당진시 송산면 명산리	4427039027
충청남도 당진시 송산면 무수리	충청남도 당진시 송산면 무수리	4427039030
충청남도 당진시 송산면 부곡리	충청남도 당진시 송산면 부곡리	4427039026
충청남도 당진시 송산면 삼월리	충청남도 당진시 송산면 삼월리	4427039029
충청남도 당진시 송산면 상거리	충청남도 당진시 송산면 상거리	4427039021
충청남도 당진시 송산면 송석리	충청남도 당진시 송산면 송석리	4427039024
충청남도 당진시 송산면 유곡리	충청남도 당진시 송산면 유곡리	4427039031
충청남도 당진시 송악읍 가교리	충청남도 당진시 송악읍 가교리	4427025322
충청남도 당진시 송악읍 가학리	충청남도 당진시 송악읍 가학리	4427025342
충청남도 당진시 송악읍 고대리	충청남도 당진시 송악읍 고대리	4427025338
충청남도 당진시 송악읍 광명리	충청남도 당진시 송악읍 광명리	4427025327
충청남도 당진시 송악읍 금곡리	충청남도 당진시 송악읍 금곡리	4427025330
충청남도 당진시 송악읍 기지시리	충청남도 당진시 송악읍 기지시리	4427025321
충청남도 당진시 송악읍 도원리	충청남도 당진시 송악읍 도원리	4427025332
충청남도 당진시 송악읍 반촌리	충청남도 당진시 송악읍 반촌리	4427025328
충청남도 당진시 송악읍 방계리	충청남도 당진시 송악읍 방계리	4427025323
충청남도 당진시 송악읍 복운리	충청남도 당진시 송악읍 복운리	4427025333
충청남도 당진시 송악읍 본당리	충청남도 당진시 송악읍 본당리	4427025324
충청남도 당진시 송악읍 봉교리	충청남도 당진시 송악읍 봉교리	4427025326
충청남도 당진시 송악읍 부곡리	충청남도 당진시 송악읍 부곡리	4427025336
충청남도 당진시 송악읍 석포리	충청남도 당진시 송악읍 석포리	4427025341
충청남도 당진시 송악읍 영천리	충청남도 당진시 송악읍 영천리	4427025329
충청남도 당진시 송악읍 오곡리	충청남도 당진시 송악읍 오곡리	4427025335
충청남도 당진시 송악읍 월곡리	충청남도 당진시 송악읍 월곡리	4427025339
충청남도 당진시 송악읍 전대리	충청남도 당진시 송악읍 전대리	4427025331
충청남도 당진시 송악읍 정곡리	충청남도 당진시 송악읍 정곡리	4427025340
충청남도 당진시 송악읍 중흥리	충청남도 당진시 송악읍 중흥리	4427025334
충청남도 당진시 송악읍 청금리	충청남도 당진시 송악읍 청금리	4427025325
충청남도 당진시 송악읍 한진리	충청남도 당진시 송악읍 한진리	4427025337
충청남도 당진시 수청동	충청남도 당진시 수청동	4427010600
충청남도 당진시 순성면 갈산리	충청남도 당진시 순성면 갈산리	4427036031
충청남도 당진시 순성면 광천리	충청남도 당진시 순성면 광천리	4427036025
충청남도 당진시 순성면 나산리	충청남도 당진시 순성면 나산리	4427036024
충청남도 당진시 순성면 백석리	충청남도 당진시 순성면 백석리	4427036022
충청남도 당진시 순성면 본리	충청남도 당진시 순성면 본리	4427036026
충청남도 당진시 순성면 봉소리	충청남도 당진시 순성면 봉소리	4427036021
충청남도 당진시 순성면 성북리	충청남도 당진시 순성면 성북리	4427036030
충청남도 당진시 순성면 아찬리	충청남도 당진시 순성면 아찬리	4427036028
충청남도 당진시 순성면 양유리	충청남도 당진시 순성면 양유리	4427036023
충청남도 당진시 순성면 옥호리	충청남도 당진시 순성면 옥호리	4427036029
충청남도 당진시 순성면 중방리	충청남도 당진시 순성면 중방리	4427036027
충청남도 당진시 시곡동	충청남도 당진시 시곡동	4427010500
충청남도 당진시 신평면 거산리	충청남도 당진시 신평면 거산리	4427038023
충청남도 당진시 신평면 금천리	충청남도 당진시 신평면 금천리	4427038021
충청남도 당진시 신평면 남산리	충청남도 당진시 신평면 남산리	4427038025
충청남도 당진시 신평면 도성리	충청남도 당진시 신평면 도성리	4427038030
충청남도 당진시 신평면 매산리	충청남도 당진시 신평면 매산리	4427038032
충청남도 당진시 신평면 부수리	충청남도 당진시 신평면 부수리	4427038031
충청남도 당진시 신평면 상오리	충청남도 당진시 신평면 상오리	4427038024
충청남도 당진시 신평면 신당리	충청남도 당진시 신평면 신당리	4427038029
충청남도 당진시 신평면 신송리	충청남도 당진시 신평면 신송리	4427038026
충청남도 당진시 신평면 신흥리	충청남도 당진시 신평면 신흥리	4427038027
충청남도 당진시 신평면 운정리	충청남도 당진시 신평면 운정리	4427038028
충청남도 당진시 신평면 초대리	충청남도 당진시 신평면 초대리	4427038022
충청남도 당진시 신평면 한정리	충청남도 당진시 신평면 한정리	4427038033
충청남도 당진시 용연동	충청남도 당진시 용연동	4427010900
충청남도 당진시 우강면 강문리	충청남도 당진시 우강면 강문리	4427037028
충청남도 당진시 우강면 공포리	충청남도 당진시 우강면 공포리	4427037025
충청남도 당진시 우강면 내경리	충청남도 당진시 우강면 내경리	4427037031
충청남도 당진시 우강면 대포리	충청남도 당진시 우강면 대포리	4427037030
충청남도 당진시 우강면 부장리	충청남도 당진시 우강면 부장리	4427037026
충청남도 당진시 우강면 성원리	충청남도 당진시 우강면 성원리	4427037032
충청남도 당진시 우강면 세류리	충청남도 당진시 우강면 세류리	4427037023
충청남도 당진시 우강면 소반리	충청남도 당진시 우강면 소반리	4427037029
충청남도 당진시 우강면 송산리	충청남도 당진시 우강면 송산리	4427037022
충청남도 당진시 우강면 신촌리	충청남도 당진시 우강면 신촌리	4427037027
충청남도 당진시 우강면 원치리	충청남도 당진시 우강면 원치리	4427037024
충청남도 당진시 우강면 창리	충청남도 당진시 우강면 창리	4427037021
충청남도 당진시 우두동	충청남도 당진시 우두동	4427010300
충청남도 당진시 원당동	충청남도 당진시 원당동	4427010400
충청남도 당진시 읍내동	충청남도 당진시 읍내동	4427010100
충청남도 당진시 정미면 대운산리	충청남도 당진시 정미면 대운산리	4427034033
충청남도 당진시 정미면 대조리	충청남도 당진시 정미면 대조리	4427034023
충청남도 당진시 정미면 덕마리	충청남도 당진시 정미면 덕마리	4427034034
충청남도 당진시 정미면 덕삼리	충청남도 당진시 정미면 덕삼리	4427034029
충청남도 당진시 정미면 도산리	충청남도 당진시 정미면 도산리	4427034024
충청남도 당진시 정미면 매방리	충청남도 당진시 정미면 매방리	4427034025
충청남도 당진시 정미면 모평리	충청남도 당진시 정미면 모평리	4427034036
충청남도 당진시 정미면 봉생리	충청남도 당진시 정미면 봉생리	4427034037
충청남도 당진시 정미면 봉성리	충청남도 당진시 정미면 봉성리	4427034030
충청남도 당진시 정미면 사관리	충청남도 당진시 정미면 사관리	4427034032
충청남도 당진시 정미면 산성리	충청남도 당진시 정미면 산성리	4427034028
충청남도 당진시 정미면 수당리	충청남도 당진시 정미면 수당리	4427034031
충청남도 당진시 정미면 승산리	충청남도 당진시 정미면 승산리	4427034022
충청남도 당진시 정미면 신시리	충청남도 당진시 정미면 신시리	4427034035
충청남도 당진시 정미면 우산리	충청남도 당진시 정미면 우산리	4427034026
충청남도 당진시 정미면 천의리	충청남도 당진시 정미면 천의리	4427034021
충청남도 당진시 정미면 하성리	충청남도 당진시 정미면 하성리	4427034027
충청남도 당진시 채운동	충청남도 당진시 채운동	4427010200
충청남도 당진시 합덕읍 대전리	충청남도 당진시 합덕읍 대전리	4427025027
충청남도 당진시 합덕읍 대합덕리	충청남도 당진시 합덕읍 대합덕리	4427025026
충청남도 당진시 합덕읍 도곡리	충청남도 당진시 합덕읍 도곡리	4427025022
충청남도 당진시 합덕읍 도리	충청남도 당진시 합덕읍 도리	4427025028
충청남도 당진시 합덕읍 석우리	충청남도 당진시 합덕읍 석우리	4427025024
충청남도 당진시 합덕읍 성동리	충청남도 당진시 합덕읍 성동리	4427025025
충청남도 당진시 합덕읍 소소리	충청남도 당진시 합덕읍 소소리	4427025023
충청남도 당진시 합덕읍 신리	충청남도 당진시 합덕읍 신리	4427025029
충청남도 당진시 합덕읍 신석리	충청남도 당진시 합덕읍 신석리	4427025034
충청남도 당진시 합덕읍 신흥리	충청남도 당진시 합덕읍 신흥리	4427025033
충청남도 당진시 합덕읍 옥금리	충청남도 당진시 합덕읍 옥금리	4427025030
충청남도 당진시 합덕읍 운산리	충청남도 당진시 합덕읍 운산리	4427025021
충청남도 당진시 합덕읍 점원리	충청남도 당진시 합덕읍 점원리	4427025032
충청남도 당진시 합덕읍 합덕리	충청남도 당진시 합덕읍 합덕리	4427025031
충청남도 당진시 행정동	충청남도 당진시 행정동	4427010800
충청남도 보령시	충청남도 보령시	4418000000
충청남도 보령시 궁촌동	충청남도 보령시 궁촌동	4418010600
충청남도 보령시 남곡동	충청남도 보령시 남곡동	4418010800
충청남도 보령시 남포면 달산리	충청남도 보령시 남포면 달산리	4418036029
충청남도 보령시 남포면 봉덕리	충청남도 보령시 남포면 봉덕리	4418036024
충청남도 보령시 남포면 삼현리	충청남도 보령시 남포면 삼현리	4418036026
충청남도 보령시 남포면 소송리	충청남도 보령시 남포면 소송리	4418036027
충청남도 보령시 남포면 신흥리	충청남도 보령시 남포면 신흥리	4418036030
충청남도 보령시 남포면 양기리	충청남도 보령시 남포면 양기리	4418036032
충청남도 보령시 남포면 양항리	충청남도 보령시 남포면 양항리	4418036031
충청남도 보령시 남포면 옥동리	충청남도 보령시 남포면 옥동리	4418036022
충청남도 보령시 남포면 옥서리	충청남도 보령시 남포면 옥서리	4418036028
충청남도 보령시 남포면 월전리	충청남도 보령시 남포면 월전리	4418036033
충청남도 보령시 남포면 읍내리	충청남도 보령시 남포면 읍내리	4418036021
충청남도 보령시 남포면 제석리	충청남도 보령시 남포면 제석리	4418036025
충청남도 보령시 남포면 창동리	충청남도 보령시 남포면 창동리	4418036023
충청남도 보령시 내항동	충청남도 보령시 내항동	4418010700
충청남도 보령시 대천동	충청남도 보령시 대천동	4418010100
충청남도 보령시 동대동	충청남도 보령시 동대동	4418010400
충청남도 보령시 명천동	충청남도 보령시 명천동	4418010500
충청남도 보령시 미산면 남심리	충청남도 보령시 미산면 남심리	4418039034
충청남도 보령시 미산면 내평리	충청남도 보령시 미산면 내평리	4418039030
충청남도 보령시 미산면 늑전리	충청남도 보령시 미산면 늑전리	4418039025
충청남도 보령시 미산면 대농리	충청남도 보령시 미산면 대농리	4418039032
충청남도 보령시 미산면 도화담리	충청남도 보령시 미산면 도화담리	4418039022
충청남도 보령시 미산면 도흥리	충청남도 보령시 미산면 도흥리	4418039026
충청남도 보령시 미산면 봉성리	충청남도 보령시 미산면 봉성리	4418039027
충청남도 보령시 미산면 삼계리	충청남도 보령시 미산면 삼계리	4418039031
충청남도 보령시 미산면 옥현리	충청남도 보령시 미산면 옥현리	4418039028
충청남도 보령시 미산면 용수리	충청남도 보령시 미산면 용수리	4418039024
충청남도 보령시 미산면 은현리	충청남도 보령시 미산면 은현리	4418039029
충청남도 보령시 미산면 평라리	충청남도 보령시 미산면 평라리	4418039021
충청남도 보령시 미산면 풍계리	충청남도 보령시 미산면 풍계리	4418039023
충청남도 보령시 미산면 풍산리	충청남도 보령시 미산면 풍산리	4418039033
충청남도 보령시 성주면 개화리	충청남도 보령시 성주면 개화리	4418040022
충청남도 보령시 성주면 성주리	충청남도 보령시 성주면 성주리	4418040021
충청남도 보령시 신흑동	충청남도 보령시 신흑동	4418011000
충청남도 보령시 오천면 갈현리	충청남도 보령시 오천면 갈현리	4418032024
충청남도 보령시 오천면 교성리	충청남도 보령시 오천면 교성리	4418032023
충청남도 보령시 오천면 녹도리	충청남도 보령시 오천면 녹도리	4418032029
충청남도 보령시 오천면 삽시도리	충청남도 보령시 오천면 삽시도리	4418032028
충청남도 보령시 오천면 소성리	충청남도 보령시 오천면 소성리	4418032021
충청남도 보령시 오천면 영보리	충청남도 보령시 오천면 영보리	4418032022
충청남도 보령시 오천면 오포리	충청남도 보령시 오천면 오포리	4418032025
충청남도 보령시 오천면 외연도리	충청남도 보령시 오천면 외연도리	4418032030
충청남도 보령시 오천면 원산도리	충청남도 보령시 오천면 원산도리	4418032027
충청남도 보령시 오천면 효자도리	충청남도 보령시 오천면 효자도리	4418032026
충청남도 보령시 요암동	충청남도 보령시 요암동	4418010900
충청남도 보령시 웅천읍 관당리	충청남도 보령시 웅천읍 관당리	4418025028
충청남도 보령시 웅천읍 구룡리	충청남도 보령시 웅천읍 구룡리	4418025027
충청남도 보령시 웅천읍 노천리	충청남도 보령시 웅천읍 노천리	4418025033
충청남도 보령시 웅천읍 대창리	충청남도 보령시 웅천읍 대창리	4418025021
충청남도 보령시 웅천읍 대천리	충청남도 보령시 웅천읍 대천리	4418025025
충청남도 보령시 웅천읍 독산리	충청남도 보령시 웅천읍 독산리	4418025029
충청남도 보령시 웅천읍 두룡리	충청남도 보령시 웅천읍 두룡리	4418025026
충청남도 보령시 웅천읍 성동리	충청남도 보령시 웅천읍 성동리	4418025024
충청남도 보령시 웅천읍 소황리	충청남도 보령시 웅천읍 소황리	4418025030
충청남도 보령시 웅천읍 수부리	충청남도 보령시 웅천읍 수부리	4418025023
충청남도 보령시 웅천읍 죽청리	충청남도 보령시 웅천읍 죽청리	4418025032
충청남도 보령시 웅천읍 평리	충청남도 보령시 웅천읍 평리	4418025022
충청남도 보령시 웅천읍 황교리	충청남도 보령시 웅천읍 황교리	4418025031
충청남도 보령시 주교면 고정리	충청남도 보령시 주교면 고정리	4418041024
충청남도 보령시 주교면 관창리	충청남도 보령시 주교면 관창리	4418041025
충청남도 보령시 주교면 송학리	충청남도 보령시 주교면 송학리	4418041023
충청남도 보령시 주교면 신대리	충청남도 보령시 주교면 신대리	4418041026
충청남도 보령시 주교면 은포리	충청남도 보령시 주교면 은포리	4418041022
충청남도 보령시 주교면 주교리	충청남도 보령시 주교면 주교리	4418041021
충청남도 보령시 주산면 금암리	충청남도 보령시 주산면 금암리	4418038021
충청남도 보령시 주산면 동오리	충청남도 보령시 주산면 동오리	4418038029
충청남도 보령시 주산면 삼곡리	충청남도 보령시 주산면 삼곡리	4418038030
충청남도 보령시 주산면 신구리	충청남도 보령시 주산면 신구리	4418038024
충청남도 보령시 주산면 야룡리	충청남도 보령시 주산면 야룡리	4418038022
충청남도 보령시 주산면 유곡리	충청남도 보령시 주산면 유곡리	4418038025
충청남도 보령시 주산면 주야리	충청남도 보령시 주산면 주야리	4418038023
충청남도 보령시 주산면 증산리	충청남도 보령시 주산면 증산리	4418038026
충청남도 보령시 주산면 창암리	충청남도 보령시 주산면 창암리	4418038027
충청남도 보령시 주산면 화평리	충청남도 보령시 주산면 화평리	4418038028
충청남도 보령시 주산면 황율리	충청남도 보령시 주산면 황율리	4418038031
충청남도 보령시 주포면 관산리	충청남도 보령시 주포면 관산리	4418031024
충청남도 보령시 주포면 마강리	충청남도 보령시 주포면 마강리	4418031022
충청남도 보령시 주포면 보령리	충청남도 보령시 주포면 보령리	4418031021
충청남도 보령시 주포면 봉당리	충청남도 보령시 주포면 봉당리	4418031023
충청남도 보령시 주포면 연지리	충청남도 보령시 주포면 연지리	4418031025
충청남도 보령시 죽정동	충청남도 보령시 죽정동	4418010200
충청남도 보령시 천북면 궁포리	충청남도 보령시 천북면 궁포리	4418033025
충청남도 보령시 천북면 낙동리	충청남도 보령시 천북면 낙동리	4418033026
충청남도 보령시 천북면 사호리	충청남도 보령시 천북면 사호리	4418033023
충청남도 보령시 천북면 신덕리	충청남도 보령시 천북면 신덕리	4418033027
충청남도 보령시 천북면 신죽리	충청남도 보령시 천북면 신죽리	4418033028
충청남도 보령시 천북면 장은리	충청남도 보령시 천북면 장은리	4418033024
충청남도 보령시 천북면 하만리	충청남도 보령시 천북면 하만리	4418033021
충청남도 보령시 천북면 학성리	충청남도 보령시 천북면 학성리	4418033022
충청남도 보령시 청라면 나원리	충청남도 보령시 청라면 나원리	4418035021
충청남도 보령시 청라면 내현리	충청남도 보령시 청라면 내현리	4418035023
충청남도 보령시 청라면 소양리	충청남도 보령시 청라면 소양리	4418035022
충청남도 보령시 청라면 신산리	충청남도 보령시 청라면 신산리	4418035030
충청남도 보령시 청라면 옥계리	충청남도 보령시 청라면 옥계리	4418035027
충청남도 보령시 청라면 음현리	충청남도 보령시 청라면 음현리	4418035031
충청남도 보령시 청라면 의평리	충청남도 보령시 청라면 의평리	4418035024
충청남도 보령시 청라면 장산리	충청남도 보령시 청라면 장산리	4418035026
충청남도 보령시 청라면 장현리	충청남도 보령시 청라면 장현리	4418035029
충청남도 보령시 청라면 향천리	충청남도 보령시 청라면 향천리	4418035025
충청남도 보령시 청라면 황룡리	충청남도 보령시 청라면 황룡리	4418035028
충청남도 보령시 청소면 성연리	충청남도 보령시 청소면 성연리	4418034025
충청남도 보령시 청소면 신송리	충청남도 보령시 청소면 신송리	4418034022
충청남도 보령시 청소면 야현리	충청남도 보령시 청소면 야현리	4418034027
충청남도 보령시 청소면 장곡리	충청남도 보령시 청소면 장곡리	4418034028
충청남도 보령시 청소면 재정리	충청남도 보령시 청소면 재정리	4418034023
충청남도 보령시 청소면 정전리	충청남도 보령시 청소면 정전리	4418034026
충청남도 보령시 청소면 죽림리	충청남도 보령시 청소면 죽림리	4418034024
충청남도 보령시 청소면 진죽리	충청남도 보령시 청소면 진죽리	4418034021
충청남도 보령시 화산동	충청남도 보령시 화산동	4418010300
충청남도 부여군 구룡면 구봉리	충청남도 부여군 구룡면 구봉리	4476035021
충청남도 부여군 구룡면 금사리	충청남도 부여군 구룡면 금사리	4476035026
충청남도 부여군 구룡면 논티리	충청남도 부여군 구룡면 논티리	4476035025
충청남도 부여군 구룡면 동방리	충청남도 부여군 구룡면 동방리	4476035029
충청남도 부여군 구룡면 용당리	충청남도 부여군 구룡면 용당리	4476035030
충청남도 부여군 구룡면 주정리	충청남도 부여군 구룡면 주정리	4476035023
충청남도 부여군 구룡면 죽교리	충청남도 부여군 구룡면 죽교리	4476035028
충청남도 부여군 구룡면 죽절리	충청남도 부여군 구룡면 죽절리	4476035022
충청남도 부여군 구룡면 태양리	충청남도 부여군 구룡면 태양리	4476035024
충청남도 부여군 구룡면 현암리	충청남도 부여군 구룡면 현암리	4476035027
충청남도 부여군 규암면 규암리	충청남도 부여군 규암면 규암리	4476031032
충청남도 부여군 규암면 금암리	충청남도 부여군 규암면 금암리	4476031028
충청남도 부여군 규암면 나복리	충청남도 부여군 규암면 나복리	4476031022
충청남도 부여군 규암면 내리	충청남도 부여군 규암면 내리	4476031034
충청남도 부여군 규암면 노화리	충청남도 부여군 규암면 노화리	4476031036
충청남도 부여군 규암면 모리	충청남도 부여군 규암면 모리	4476031023
충청남도 부여군 규암면 반산리	충청남도 부여군 규암면 반산리	4476031021
충청남도 부여군 규암면 부여두리	충청남도 부여군 규암면 부여두리	4476031039
충청남도 부여군 규암면 석우리	충청남도 부여군 규암면 석우리	4476031038
충청남도 부여군 규암면 수목리	충청남도 부여군 규암면 수목리	4476031037
충청남도 부여군 규암면 신리	충청남도 부여군 규암면 신리	4476031029
충청남도 부여군 규암면 신성리	충청남도 부여군 규암면 신성리	4476031027
충청남도 부여군 규암면 오수리	충청남도 부여군 규암면 오수리	4476031030
충청남도 부여군 규암면 외리	충청남도 부여군 규암면 외리	4476031033
충청남도 부여군 규암면 진변리	충청남도 부여군 규암면 진변리	4476031031
충청남도 부여군 규암면 함양리	충청남도 부여군 규암면 함양리	4476031024
충청남도 부여군 규암면 합송리	충청남도 부여군 규암면 합송리	4476031035
충청남도 부여군 규암면 합정리	충청남도 부여군 규암면 합정리	4476031026
충청남도 부여군 규암면 호암리	충청남도 부여군 규암면 호암리	4476031025
충청남도 부여군 남면 금천리	충청남도 부여군 남면 금천리	4476038028
충청남도 부여군 남면 내곡리	충청남도 부여군 남면 내곡리	4476038026
충청남도 부여군 남면 대선리	충청남도 부여군 남면 대선리	4476038024
충청남도 부여군 남면 마정리	충청남도 부여군 남면 마정리	4476038022
충청남도 부여군 남면 삼용리	충청남도 부여군 남면 삼용리	4476038029
충청남도 부여군 남면 송암리	충청남도 부여군 남면 송암리	4476038023
충청남도 부여군 남면 송학리	충청남도 부여군 남면 송학리	4476038021
충청남도 부여군 남면 신홍리	충청남도 부여군 남면 신홍리	4476038027
충청남도 부여군 남면 회동리	충청남도 부여군 남면 회동리	4476038025
충청남도 부여군 내산면 금지리	충청남도 부여군 내산면 금지리	4476034028
충청남도 부여군 내산면 마전리	충청남도 부여군 내산면 마전리	4476034027
충청남도 부여군 내산면 묘원리	충청남도 부여군 내산면 묘원리	4476034029
충청남도 부여군 내산면 온해리	충청남도 부여군 내산면 온해리	4476034024
충청남도 부여군 내산면 운치리	충청남도 부여군 내산면 운치리	4476034021
충청남도 부여군 내산면 율암리	충청남도 부여군 내산면 율암리	4476034030
충청남도 부여군 내산면 저동리	충청남도 부여군 내산면 저동리	4476034023
충청남도 부여군 내산면 주암리	충청남도 부여군 내산면 주암리	4476034026
충청남도 부여군 내산면 지티리	충청남도 부여군 내산면 지티리	4476034025
충청남도 부여군 내산면 천보리	충청남도 부여군 내산면 천보리	4476034022
충청남도 부여군 부여읍 가증리	충청남도 부여군 부여읍 가증리	4476025027
충청남도 부여군 부여읍 가탑리	충청남도 부여군 부여읍 가탑리	4476025033
충청남도 부여군 부여읍 관북리	충청남도 부여군 부여읍 관북리	4476025030
충청남도 부여군 부여읍 구교리	충청남도 부여군 부여읍 구교리	4476025032
충청남도 부여군 부여읍 구아리	충청남도 부여군 부여읍 구아리	4476025029
충청남도 부여군 부여읍 군수리	충청남도 부여군 부여읍 군수리	4476025040
충청남도 부여군 부여읍 능산리	충청남도 부여군 부여읍 능산리	4476025035
충청남도 부여군 부여읍 동남리	충청남도 부여군 부여읍 동남리	4476025028
충청남도 부여군 부여읍 상금리	충청남도 부여군 부여읍 상금리	4476025022
충청남도 부여군 부여읍 석목리	충청남도 부여군 부여읍 석목리	4476025025
충청남도 부여군 부여읍 송간리	충청남도 부여군 부여읍 송간리	4476025039
충청남도 부여군 부여읍 송곡리	충청남도 부여군 부여읍 송곡리	4476025021
충청남도 부여군 부여읍 신정리	충청남도 부여군 부여읍 신정리	4476025038
충청남도 부여군 부여읍 쌍북리	충청남도 부여군 부여읍 쌍북리	4476025031
충청남도 부여군 부여읍 염창리	충청남도 부여군 부여읍 염창리	4476025023
충청남도 부여군 부여읍 왕포리	충청남도 부여군 부여읍 왕포리	4476025041
충청남도 부여군 부여읍 용정리	충청남도 부여군 부여읍 용정리	4476025026
충청남도 부여군 부여읍 자왕리	충청남도 부여군 부여읍 자왕리	4476025036
충청남도 부여군 부여읍 저석리	충청남도 부여군 부여읍 저석리	4476025037
충청남도 부여군 부여읍 정동리	충청남도 부여군 부여읍 정동리	4476025024
충청남도 부여군 부여읍 중정리	충청남도 부여군 부여읍 중정리	4476025034
충청남도 부여군 부여읍 현북리	충청남도 부여군 부여읍 현북리	4476025042
충청남도 부여군 석성면 봉정리	충청남도 부여군 석성면 봉정리	4476044022
충청남도 부여군 석성면 비당리	충청남도 부여군 석성면 비당리	4476044023
충청남도 부여군 석성면 석성리	충청남도 부여군 석성면 석성리	4476044021
충청남도 부여군 석성면 정각리	충청남도 부여군 석성면 정각리	4476044025
충청남도 부여군 석성면 증산리	충청남도 부여군 석성면 증산리	4476044024
충청남도 부여군 석성면 현내리	충청남도 부여군 석성면 현내리	4476044026
충청남도 부여군 세도면 가회리	충청남도 부여군 세도면 가회리	4476043023
충청남도 부여군 세도면 간대리	충청남도 부여군 세도면 간대리	4476043026
충청남도 부여군 세도면 귀덕리	충청남도 부여군 세도면 귀덕리	4476043021
충청남도 부여군 세도면 동사리	충청남도 부여군 세도면 동사리	4476043025
충청남도 부여군 세도면 반조원리	충청남도 부여군 세도면 반조원리	4476043029
충청남도 부여군 세도면 사산리	충청남도 부여군 세도면 사산리	4476043031
충청남도 부여군 세도면 수고리	충청남도 부여군 세도면 수고리	4476043027
충청남도 부여군 세도면 장산리	충청남도 부여군 세도면 장산리	4476043022
충청남도 부여군 세도면 청송리	충청남도 부여군 세도면 청송리	4476043024
충청남도 부여군 세도면 청포리	충청남도 부여군 세도면 청포리	4476043028
충청남도 부여군 세도면 화수리	충청남도 부여군 세도면 화수리	4476043030
충청남도 부여군 양화면 내성리	충청남도 부여군 양화면 내성리	4476040022
충청남도 부여군 양화면 벽용리	충청남도 부여군 양화면 벽용리	4476040030
충청남도 부여군 양화면 상촌리	충청남도 부여군 양화면 상촌리	4476040027
충청남도 부여군 양화면 송정리	충청남도 부여군 양화면 송정리	4476040021
충청남도 부여군 양화면 수원리	충청남도 부여군 양화면 수원리	4476040031
충청남도 부여군 양화면 시음리	충청남도 부여군 양화면 시음리	4476040032
충청남도 부여군 양화면 암수리	충청남도 부여군 양화면 암수리	4476040028
충청남도 부여군 양화면 오량리	충청남도 부여군 양화면 오량리	4476040024
충청남도 부여군 양화면 원당리	충청남도 부여군 양화면 원당리	4476040025
충청남도 부여군 양화면 입포리	충청남도 부여군 양화면 입포리	4476040023
충청남도 부여군 양화면 족교리	충청남도 부여군 양화면 족교리	4476040026
충청남도 부여군 양화면 초왕리	충청남도 부여군 양화면 초왕리	4476040029
충청남도 부여군 옥산면 가덕리	충청남도 부여군 옥산면 가덕리	4476037031
충청남도 부여군 옥산면 내대리	충청남도 부여군 옥산면 내대리	4476037030
충청남도 부여군 옥산면 대덕리	충청남도 부여군 옥산면 대덕리	4476037028
충청남도 부여군 옥산면 봉산리	충청남도 부여군 옥산면 봉산리	4476037025
충청남도 부여군 옥산면 상기리	충청남도 부여군 옥산면 상기리	4476037021
충청남도 부여군 옥산면 수암리	충청남도 부여군 옥산면 수암리	4476037024
충청남도 부여군 옥산면 신안리	충청남도 부여군 옥산면 신안리	4476037027
충청남도 부여군 옥산면 안서리	충청남도 부여군 옥산면 안서리	4476037029
충청남도 부여군 옥산면 중양리	충청남도 부여군 옥산면 중양리	4476037026
충청남도 부여군 옥산면 학산리	충청남도 부여군 옥산면 학산리	4476037022
충청남도 부여군 옥산면 홍연리	충청남도 부여군 옥산면 홍연리	4476037023
충청남도 부여군 외산면 가덕리	충청남도 부여군 외산면 가덕리	4476033025
충청남도 부여군 외산면 갈산리	충청남도 부여군 외산면 갈산리	4476033027
충청남도 부여군 외산면 만수리	충청남도 부여군 외산면 만수리	4476033030
충청남도 부여군 외산면 문신리	충청남도 부여군 외산면 문신리	4476033024
충청남도 부여군 외산면 반교리	충청남도 부여군 외산면 반교리	4476033026
충청남도 부여군 외산면 복덕리	충청남도 부여군 외산면 복덕리	4476033031
충청남도 부여군 외산면 비암리	충청남도 부여군 외산면 비암리	4476033022
충청남도 부여군 외산면 삼산리	충청남도 부여군 외산면 삼산리	4476033021
충청남도 부여군 외산면 수신리	충청남도 부여군 외산면 수신리	4476033029
충청남도 부여군 외산면 장항리	충청남도 부여군 외산면 장항리	4476033028
충청남도 부여군 외산면 전장리	충청남도 부여군 외산면 전장리	4476033033
충청남도 부여군 외산면 지선리	충청남도 부여군 외산면 지선리	4476033023
충청남도 부여군 외산면 화성리	충청남도 부여군 외산면 화성리	4476033032
충청남도 부여군 은산면 가곡리	충청남도 부여군 은산면 가곡리	4476032036
충청남도 부여군 은산면 가중리	충청남도 부여군 은산면 가중리	4476032028
충청남도 부여군 은산면 각대리	충청남도 부여군 은산면 각대리	4476032030
충청남도 부여군 은산면 거전리	충청남도 부여군 은산면 거전리	4476032031
충청남도 부여군 은산면 경둔리	충청남도 부여군 은산면 경둔리	4476032029
충청남도 부여군 은산면 금공리	충청남도 부여군 은산면 금공리	4476032035
충청남도 부여군 은산면 나령리	충청남도 부여군 은산면 나령리	4476032027
충청남도 부여군 은산면 내지리	충청남도 부여군 은산면 내지리	4476032033
충청남도 부여군 은산면 대양리	충청남도 부여군 은산면 대양리	4476032026
충청남도 부여군 은산면 신대리	충청남도 부여군 은산면 신대리	4476032021
충청남도 부여군 은산면 오번리	충청남도 부여군 은산면 오번리	4476032023
충청남도 부여군 은산면 용두리	충청남도 부여군 은산면 용두리	4476032032
충청남도 부여군 은산면 은산리	충청남도 부여군 은산면 은산리	4476032024
충청남도 부여군 은산면 장벌리	충청남도 부여군 은산면 장벌리	4476032037
충청남도 부여군 은산면 합수리	충청남도 부여군 은산면 합수리	4476032034
충청남도 부여군 은산면 홍산리	충청남도 부여군 은산면 홍산리	4476032022
충청남도 부여군 은산면 회곡리	충청남도 부여군 은산면 회곡리	4476032025
충청남도 부여군 임천면 가신리	충청남도 부여군 임천면 가신리	4476041022
충청남도 부여군 임천면 구교리	충청남도 부여군 임천면 구교리	4476041023
충청남도 부여군 임천면 군사리	충청남도 부여군 임천면 군사리	4476041021
충청남도 부여군 임천면 두곡리	충청남도 부여군 임천면 두곡리	4476041029
충청남도 부여군 임천면 만사리	충청남도 부여군 임천면 만사리	4476041027
충청남도 부여군 임천면 발산리	충청남도 부여군 임천면 발산리	4476041026
충청남도 부여군 임천면 비정리	충청남도 부여군 임천면 비정리	4476041025
충청남도 부여군 임천면 옥곡리	충청남도 부여군 임천면 옥곡리	4476041031
충청남도 부여군 임천면 점리	충청남도 부여군 임천면 점리	4476041028
충청남도 부여군 임천면 칠산리	충청남도 부여군 임천면 칠산리	4476041024
충청남도 부여군 임천면 탑산리	충청남도 부여군 임천면 탑산리	4476041030
충청남도 부여군 장암면 북고리	충청남도 부여군 장암면 북고리	4476042030
충청남도 부여군 장암면 상황리	충청남도 부여군 장암면 상황리	4476042022
충청남도 부여군 장암면 석동리	충청남도 부여군 장암면 석동리	4476042027
충청남도 부여군 장암면 원문리	충청남도 부여군 장암면 원문리	4476042026
충청남도 부여군 장암면 장하리	충청남도 부여군 장암면 장하리	4476042024
충청남도 부여군 장암면 점상리	충청남도 부여군 장암면 점상리	4476042021
충청남도 부여군 장암면 정암리	충청남도 부여군 장암면 정암리	4476042025
충청남도 부여군 장암면 지토리	충청남도 부여군 장암면 지토리	4476042028
충청남도 부여군 장암면 하황리	충청남도 부여군 장암면 하황리	4476042023
충청남도 부여군 장암면 합곡리	충청남도 부여군 장암면 합곡리	4476042029
충청남도 부여군 초촌면 산직리	충청남도 부여군 초촌면 산직리	4476045023
충청남도 부여군 초촌면 세탑리	충청남도 부여군 초촌면 세탑리	4476045028
충청남도 부여군 초촌면 소사리	충청남도 부여군 초촌면 소사리	4476045022
충청남도 부여군 초촌면 송국리	충청남도 부여군 초촌면 송국리	4476045027
충청남도 부여군 초촌면 송정리	충청남도 부여군 초촌면 송정리	4476045029
충청남도 부여군 초촌면 신암리	충청남도 부여군 초촌면 신암리	4476045021
충청남도 부여군 초촌면 연화리	충청남도 부여군 초촌면 연화리	4476045025
충청남도 부여군 초촌면 응평리	충청남도 부여군 초촌면 응평리	4476045024
충청남도 부여군 초촌면 진호리	충청남도 부여군 초촌면 진호리	4476045030
충청남도 부여군 초촌면 초평리	충청남도 부여군 초촌면 초평리	4476045031
충청남도 부여군 초촌면 추양리	충청남도 부여군 초촌면 추양리	4476045026
충청남도 부여군 충화면 가화리	충청남도 부여군 충화면 가화리	4476039026
충청남도 부여군 충화면 만지리	충청남도 부여군 충화면 만지리	4476039028
충청남도 부여군 충화면 복금리	충청남도 부여군 충화면 복금리	4476039022
충청남도 부여군 충화면 오덕리	충청남도 부여군 충화면 오덕리	4476039023
충청남도 부여군 충화면 지석리	충청남도 부여군 충화면 지석리	4476039025
충청남도 부여군 충화면 천당리	충청남도 부여군 충화면 천당리	4476039021
충청남도 부여군 충화면 청남리	충청남도 부여군 충화면 청남리	4476039029
충청남도 부여군 충화면 팔충리	충청남도 부여군 충화면 팔충리	4476039027
충청남도 부여군 충화면 현미리	충청남도 부여군 충화면 현미리	4476039024
충청남도 부여군 홍산면 교원리	충청남도 부여군 홍산면 교원리	4476036027
충청남도 부여군 홍산면 남촌리	충청남도 부여군 홍산면 남촌리	4476036024
충청남도 부여군 홍산면 무정리	충청남도 부여군 홍산면 무정리	4476036030
충청남도 부여군 홍산면 북촌리	충청남도 부여군 홍산면 북촌리	4476036023
충청남도 부여군 홍산면 상천리	충청남도 부여군 홍산면 상천리	4476036029
충청남도 부여군 홍산면 정동리	충청남도 부여군 홍산면 정동리	4476036022
충청남도 부여군 홍산면 조현리	충청남도 부여군 홍산면 조현리	4476036028
충청남도 부여군 홍산면 좌홍리	충청남도 부여군 홍산면 좌홍리	4476036026
충청남도 부여군 홍산면 토정리	충청남도 부여군 홍산면 토정리	4476036021
충청남도 부여군 홍산면 홍양리	충청남도 부여군 홍산면 홍양리	4476036025
충청남도 서산시 갈산동	충청남도 서산시 갈산동	4421010300
충청남도 서산시 고북면 가구리	충청남도 서산시 고북면 가구리	4421040021
충청남도 서산시 고북면 기포리	충청남도 서산시 고북면 기포리	4421040029
충청남도 서산시 고북면 남정리	충청남도 서산시 고북면 남정리	4421040028
충청남도 서산시 고북면 봉생리	충청남도 서산시 고북면 봉생리	4421040032
충청남도 서산시 고북면 사기리	충청남도 서산시 고북면 사기리	4421040033
충청남도 서산시 고북면 신상리	충청남도 서산시 고북면 신상리	4421040026
충청남도 서산시 고북면 신송리	충청남도 서산시 고북면 신송리	4421040022
충청남도 서산시 고북면 신정리	충청남도 서산시 고북면 신정리	4421040027
충청남도 서산시 고북면 양천리	충청남도 서산시 고북면 양천리	4421040030
충청남도 서산시 고북면 용암리	충청남도 서산시 고북면 용암리	4421040025
충청남도 서산시 고북면 장요리	충청남도 서산시 고북면 장요리	4421040023
충청남도 서산시 고북면 정자리	충청남도 서산시 고북면 정자리	4421040031
충청남도 서산시 고북면 초록리	충청남도 서산시 고북면 초록리	4421040024
충청남도 서산시 대산읍 기은리	충청남도 서산시 대산읍 기은리	4421025025
충청남도 서산시 대산읍 대로리	충청남도 서산시 대산읍 대로리	4421025022
충청남도 서산시 대산읍 대산리	충청남도 서산시 대산읍 대산리	4421025021
충청남도 서산시 대산읍 대죽리	충청남도 서산시 대산읍 대죽리	4421025027
충청남도 서산시 대산읍 독곶리	충청남도 서산시 대산읍 독곶리	4421025031
충청남도 서산시 대산읍 영탑리	충청남도 서산시 대산읍 영탑리	4421025030
충청남도 서산시 대산읍 오지리	충청남도 서산시 대산읍 오지리	4421025024
충청남도 서산시 대산읍 운산리	충청남도 서산시 대산읍 운산리	4421025029
충청남도 서산시 대산읍 웅도리	충청남도 서산시 대산읍 웅도리	4421025023
충청남도 서산시 대산읍 화곡리	충청남도 서산시 대산읍 화곡리	4421025028
충청남도 서산시 덕지천동	충청남도 서산시 덕지천동	4421011400
충청남도 서산시 동문동	충청남도 서산시 동문동	4421010200
충청남도 서산시 부석면 가사리	충청남도 서산시 부석면 가사리	4421032021
충청남도 서산시 부석면 간월도리	충청남도 서산시 부석면 간월도리	4421032034
충청남도 서산시 부석면 갈마리	충청남도 서산시 부석면 갈마리	4421032025
충청남도 서산시 부석면 강당리	충청남도 서산시 부석면 강당리	4421032031
충청남도 서산시 부석면 강수리	충청남도 서산시 부석면 강수리	4421032022
충청남도 서산시 부석면 대두리	충청남도 서산시 부석면 대두리	4421032027
충청남도 서산시 부석면 마룡리	충청남도 서산시 부석면 마룡리	4421032032
충청남도 서산시 부석면 봉락리	충청남도 서산시 부석면 봉락리	4421032028
충청남도 서산시 부석면 송시리	충청남도 서산시 부석면 송시리	4421032023
충청남도 서산시 부석면 월계리	충청남도 서산시 부석면 월계리	4421032024
충청남도 서산시 부석면 지산리	충청남도 서산시 부석면 지산리	4421032029
충청남도 서산시 부석면 창리	충청남도 서산시 부석면 창리	4421032033
충청남도 서산시 부석면 취평리	충청남도 서산시 부석면 취평리	4421032026
충청남도 서산시 부석면 칠전리	충청남도 서산시 부석면 칠전리	4421032030
충청남도 서산시 석남동	충청남도 서산시 석남동	4421010800
충청남도 서산시 석림동	충청남도 서산시 석림동	4421010700
충청남도 서산시 성연면 갈현리	충청남도 서산시 성연면 갈현리	4421036026
충청남도 서산시 성연면 고남리	충청남도 서산시 성연면 고남리	4421036022
충청남도 서산시 성연면 명천리	충청남도 서산시 성연면 명천리	4421036027
충청남도 서산시 성연면 예덕리	충청남도 서산시 성연면 예덕리	4421036028
충청남도 서산시 성연면 오사리	충청남도 서산시 성연면 오사리	4421036023
충청남도 서산시 성연면 왕정리	충청남도 서산시 성연면 왕정리	4421036024
충청남도 서산시 성연면 일람리	충청남도 서산시 성연면 일람리	4421036021
충청남도 서산시 성연면 평리	충청남도 서산시 성연면 평리	4421036025
충청남도 서산시 성연면 해성리	충청남도 서산시 성연면 해성리	4421036029
충청남도 서산시 수석동	충청남도 서산시 수석동	4421010600
충청남도 서산시 양대동	충청남도 서산시 양대동	4421011100
충청남도 서산시 예천동	충청남도 서산시 예천동	4421010900
충청남도 서산시 오남동	충청남도 서산시 오남동	4421011200
충청남도 서산시 온석동	충청남도 서산시 온석동	4421010400
충청남도 서산시 운산면 가좌리	충청남도 서산시 운산면 가좌리	4421038035
충청남도 서산시 운산면 갈산리	충청남도 서산시 운산면 갈산리	4421038033
충청남도 서산시 운산면 거성리	충청남도 서산시 운산면 거성리	4421038039
충청남도 서산시 운산면 고산리	충청남도 서산시 운산면 고산리	4421038028
충청남도 서산시 운산면 고풍리	충청남도 서산시 운산면 고풍리	4421038024
충청남도 서산시 운산면 상성리	충청남도 서산시 운산면 상성리	4421038037
충청남도 서산시 운산면 소중리	충청남도 서산시 운산면 소중리	4421038036
충청남도 서산시 운산면 수당리	충청남도 서산시 운산면 수당리	4421038030
충청남도 서산시 운산면 수평리	충청남도 서산시 운산면 수평리	4421038029
충청남도 서산시 운산면 신창리	충청남도 서산시 운산면 신창리	4421038021
충청남도 서산시 운산면 안호리	충청남도 서산시 운산면 안호리	4421038031
충청남도 서산시 운산면 여미리	충청남도 서산시 운산면 여미리	4421038034
충청남도 서산시 운산면 와우리	충청남도 서산시 운산면 와우리	4421038026
충청남도 서산시 운산면 용장리	충청남도 서산시 운산면 용장리	4421038032
충청남도 서산시 운산면 용현리	충청남도 서산시 운산면 용현리	4421038022
충청남도 서산시 운산면 원벌리	충청남도 서산시 운산면 원벌리	4421038038
충청남도 서산시 운산면 원평리	충청남도 서산시 운산면 원평리	4421038025
충청남도 서산시 운산면 태봉리	충청남도 서산시 운산면 태봉리	4421038023
충청남도 서산시 운산면 팔중리	충청남도 서산시 운산면 팔중리	4421038027
충청남도 서산시 음암면 도당리	충청남도 서산시 음암면 도당리	4421037021
충청남도 서산시 음암면 문양리	충청남도 서산시 음암면 문양리	4421037023
충청남도 서산시 음암면 부산리	충청남도 서산시 음암면 부산리	4421037025
충청남도 서산시 음암면 부장리	충청남도 서산시 음암면 부장리	4421037030
충청남도 서산시 음암면 상홍리	충청남도 서산시 음암면 상홍리	4421037026
충청남도 서산시 음암면 성암리	충청남도 서산시 음암면 성암리	4421037029
충청남도 서산시 음암면 신장리	충청남도 서산시 음암면 신장리	4421037027
충청남도 서산시 음암면 유계리	충청남도 서산시 음암면 유계리	4421037028
충청남도 서산시 음암면 율목리	충청남도 서산시 음암면 율목리	4421037024
충청남도 서산시 음암면 탑곡리	충청남도 서산시 음암면 탑곡리	4421037022
충청남도 서산시 읍내동	충청남도 서산시 읍내동	4421010100
충청남도 서산시 인지면 남정리	충청남도 서산시 인지면 남정리	4421031026
충청남도 서산시 인지면 둔당리	충청남도 서산시 인지면 둔당리	4421031021
충청남도 서산시 인지면 모월리	충청남도 서산시 인지면 모월리	4421031023
충청남도 서산시 인지면 산동리	충청남도 서산시 인지면 산동리	4421031024
충청남도 서산시 인지면 성리	충청남도 서산시 인지면 성리	4421031029
충청남도 서산시 인지면 애정리	충청남도 서산시 인지면 애정리	4421031025
충청남도 서산시 인지면 야당리	충청남도 서산시 인지면 야당리	4421031022
충청남도 서산시 인지면 차리	충청남도 서산시 인지면 차리	4421031028
충청남도 서산시 인지면 풍전리	충청남도 서산시 인지면 풍전리	4421031030
충청남도 서산시 인지면 화수리	충청남도 서산시 인지면 화수리	4421031027
충청남도 서산시 잠홍동	충청남도 서산시 잠홍동	4421010500
충청남도 서산시 장동	충청남도 서산시 장동	4421011300
충청남도 서산시 죽성동	충청남도 서산시 죽성동	4421011000
충청남도 서산시 지곡면 대요리	충청남도 서산시 지곡면 대요리	4421034027
충청남도 서산시 지곡면 도성리	충청남도 서산시 지곡면 도성리	4421034026
충청남도 서산시 지곡면 무장리	충청남도 서산시 지곡면 무장리	4421034029
충청남도 서산시 지곡면 산성리	충청남도 서산시 지곡면 산성리	4421034022
충청남도 서산시 지곡면 연화리	충청남도 서산시 지곡면 연화리	4421034024
충청남도 서산시 지곡면 장현리	충청남도 서산시 지곡면 장현리	4421034023
충청남도 서산시 지곡면 중왕리	충청남도 서산시 지곡면 중왕리	4421034025
충청남도 서산시 지곡면 화천리	충청남도 서산시 지곡면 화천리	4421034021
충청남도 서산시 지곡면 환성리	충청남도 서산시 지곡면 환성리	4421034028
충청남도 서산시 팔봉면 고파도리	충청남도 서산시 팔봉면 고파도리	4421033025
충청남도 서산시 팔봉면 금학리	충청남도 서산시 팔봉면 금학리	4421033021
충청남도 서산시 팔봉면 대황리	충청남도 서산시 팔봉면 대황리	4421033023
충청남도 서산시 팔봉면 덕송리	충청남도 서산시 팔봉면 덕송리	4421033027
충청남도 서산시 팔봉면 양길리	충청남도 서산시 팔봉면 양길리	4421033022
충청남도 서산시 팔봉면 어송리	충청남도 서산시 팔봉면 어송리	4421033028
충청남도 서산시 팔봉면 진장리	충청남도 서산시 팔봉면 진장리	4421033029
충청남도 서산시 팔봉면 호리	충청남도 서산시 팔봉면 호리	4421033026
충청남도 서산시 팔봉면 흑석리	충청남도 서산시 팔봉면 흑석리	4421033024
충청남도 서산시 해미면 관유리	충청남도 서산시 해미면 관유리	4421039028
충청남도 서산시 해미면 귀밀리	충청남도 서산시 해미면 귀밀리	4421039033
충청남도 서산시 해미면 기지리	충청남도 서산시 해미면 기지리	4421039038
충청남도 서산시 해미면 대곡리	충청남도 서산시 해미면 대곡리	4421039023
충청남도 서산시 해미면 동암리	충청남도 서산시 해미면 동암리	4421039030
충청남도 서산시 해미면 반양리	충청남도 서산시 해미면 반양리	4421039031
충청남도 서산시 해미면 산수리	충청남도 서산시 해미면 산수리	4421039024
충청남도 서산시 해미면 삼송리	충청남도 서산시 해미면 삼송리	4421039027
충청남도 서산시 해미면 석포리	충청남도 서산시 해미면 석포리	4421039040
충청남도 서산시 해미면 양림리	충청남도 서산시 해미면 양림리	4421039037
충청남도 서산시 해미면 억대리	충청남도 서산시 해미면 억대리	4421039034
충청남도 서산시 해미면 언암리	충청남도 서산시 해미면 언암리	4421039039
충청남도 서산시 해미면 오학리	충청남도 서산시 해미면 오학리	4421039026
충청남도 서산시 해미면 웅소성리	충청남도 서산시 해미면 웅소성리	4421039032
충청남도 서산시 해미면 읍내리	충청남도 서산시 해미면 읍내리	4421039021
충청남도 서산시 해미면 응평리	충청남도 서산시 해미면 응평리	4421039036
충청남도 서산시 해미면 저성리	충청남도 서산시 해미면 저성리	4421039041
충청남도 서산시 해미면 전천리	충청남도 서산시 해미면 전천리	4421039035
충청남도 서산시 해미면 조산리	충청남도 서산시 해미면 조산리	4421039042
충청남도 서산시 해미면 홍천리	충청남도 서산시 해미면 홍천리	4421039029
충청남도 서산시 해미면 황락리	충청남도 서산시 해미면 황락리	4421039025
충청남도 서산시 해미면 휴암리	충청남도 서산시 해미면 휴암리	4421039022
충청남도 서천군 기산면 가공리	충청남도 서천군 기산면 가공리	4477033030
충청남도 서천군 기산면 광암리	충청남도 서천군 기산면 광암리	4477033032
충청남도 서천군 기산면 내동리	충청남도 서천군 기산면 내동리	4477033023
충청남도 서천군 기산면 두남리	충청남도 서천군 기산면 두남리	4477033024
충청남도 서천군 기산면 두북리	충청남도 서천군 기산면 두북리	4477033025
충청남도 서천군 기산면 막동리	충청남도 서천군 기산면 막동리	4477033028
충청남도 서천군 기산면 산정리	충청남도 서천군 기산면 산정리	4477033027
충청남도 서천군 기산면 신산리	충청남도 서천군 기산면 신산리	4477033022
충청남도 서천군 기산면 영모리	충청남도 서천군 기산면 영모리	4477033031
충청남도 서천군 기산면 원길리	충청남도 서천군 기산면 원길리	4477033026
충청남도 서천군 기산면 월기리	충청남도 서천군 기산면 월기리	4477033029
충청남도 서천군 기산면 화산리	충청남도 서천군 기산면 화산리	4477033021
충청남도 서천군 기산면 황사리	충청남도 서천군 기산면 황사리	4477033033
충청남도 서천군 마산면 가양리	충청남도 서천군 마산면 가양리	4477035025
충청남도 서천군 마산면 관포리	충청남도 서천군 마산면 관포리	4477035027
충청남도 서천군 마산면 군간리	충청남도 서천군 마산면 군간리	4477035030
충청남도 서천군 마산면 나궁리	충청남도 서천군 마산면 나궁리	4477035035
충청남도 서천군 마산면 마명리	충청남도 서천군 마산면 마명리	4477035033
충청남도 서천군 마산면 벽오리	충청남도 서천군 마산면 벽오리	4477035032
충청남도 서천군 마산면 삼월리	충청남도 서천군 마산면 삼월리	4477035029
충청남도 서천군 마산면 소야리	충청남도 서천군 마산면 소야리	4477035022
충청남도 서천군 마산면 송림리	충청남도 서천군 마산면 송림리	4477035036
충청남도 서천군 마산면 시선리	충청남도 서천군 마산면 시선리	4477035031
충청남도 서천군 마산면 신봉리	충청남도 서천군 마산면 신봉리	4477035028
충청남도 서천군 마산면 신장리	충청남도 서천군 마산면 신장리	4477035023
충청남도 서천군 마산면 안당리	충청남도 서천군 마산면 안당리	4477035021
충청남도 서천군 마산면 요곡리	충청남도 서천군 마산면 요곡리	4477035026
충청남도 서천군 마산면 이사리	충청남도 서천군 마산면 이사리	4477035034
충청남도 서천군 마산면 지산리	충청남도 서천군 마산면 지산리	4477035024
충청남도 서천군 마서면 계동리	충청남도 서천군 마서면 계동리	4477031021
충청남도 서천군 마서면 남전리	충청남도 서천군 마서면 남전리	4477031028
충청남도 서천군 마서면 당선리	충청남도 서천군 마서면 당선리	4477031036
충청남도 서천군 마서면 덕암리	충청남도 서천군 마서면 덕암리	4477031030
충청남도 서천군 마서면 도삼리	충청남도 서천군 마서면 도삼리	4477031033
충청남도 서천군 마서면 봉남리	충청남도 서천군 마서면 봉남리	4477031022
충청남도 서천군 마서면 산내리	충청남도 서천군 마서면 산내리	4477031035
충청남도 서천군 마서면 송내리	충청남도 서천군 마서면 송내리	4477031031
충청남도 서천군 마서면 송석리	충청남도 서천군 마서면 송석리	4477031025
충청남도 서천군 마서면 신포리	충청남도 서천군 마서면 신포리	4477031034
충청남도 서천군 마서면 어리	충청남도 서천군 마서면 어리	4477031037
충청남도 서천군 마서면 옥북리	충청남도 서천군 마서면 옥북리	4477031029
충청남도 서천군 마서면 옥산리	충청남도 서천군 마서면 옥산리	4477031023
충청남도 서천군 마서면 월포리	충청남도 서천군 마서면 월포리	4477031027
충청남도 서천군 마서면 장선리	충청남도 서천군 마서면 장선리	4477031032
충청남도 서천군 마서면 죽산리	충청남도 서천군 마서면 죽산리	4477031026
충청남도 서천군 마서면 한성리	충청남도 서천군 마서면 한성리	4477031024
충청남도 서천군 문산면 구동리	충청남도 서천군 문산면 구동리	4477037027
충청남도 서천군 문산면 금복리	충청남도 서천군 문산면 금복리	4477037024
충청남도 서천군 문산면 문장리	충청남도 서천군 문산면 문장리	4477037022
충청남도 서천군 문산면 북산리	충청남도 서천군 문산면 북산리	4477037023
충청남도 서천군 문산면 수암리	충청남도 서천군 문산면 수암리	4477037025
충청남도 서천군 문산면 신농리	충청남도 서천군 문산면 신농리	4477037021
충청남도 서천군 문산면 은곡리	충청남도 서천군 문산면 은곡리	4477037028
충청남도 서천군 문산면 지원리	충청남도 서천군 문산면 지원리	4477037026
충청남도 서천군 비인면 관리	충청남도 서천군 비인면 관리	4477040029
충청남도 서천군 비인면 구복리	충청남도 서천군 비인면 구복리	4477040025
충청남도 서천군 비인면 남당리	충청남도 서천군 비인면 남당리	4477040026
충청남도 서천군 비인면 다사리	충청남도 서천군 비인면 다사리	4477040030
충청남도 서천군 비인면 선도리	충청남도 서천군 비인면 선도리	4477040023
충청남도 서천군 비인면 성내리	충청남도 서천군 비인면 성내리	4477040021
충청남도 서천군 비인면 성북리	충청남도 서천군 비인면 성북리	4477040022
충청남도 서천군 비인면 성산리	충청남도 서천군 비인면 성산리	4477040028
충청남도 서천군 비인면 율리	충청남도 서천군 비인면 율리	4477040027
충청남도 서천군 비인면 장포리	충청남도 서천군 비인면 장포리	4477040031
충청남도 서천군 비인면 칠지리	충청남도 서천군 비인면 칠지리	4477040024
충청남도 서천군 서면 개야리	충청남도 서천군 서면 개야리	4477041021
충청남도 서천군 서면 도둔리	충청남도 서천군 서면 도둔리	4477041028
충청남도 서천군 서면 마량리	충청남도 서천군 서면 마량리	4477041022
충청남도 서천군 서면 부사리	충청남도 서천군 서면 부사리	4477041024
충청남도 서천군 서면 신합리	충청남도 서천군 서면 신합리	4477041026
충청남도 서천군 서면 원두리	충청남도 서천군 서면 원두리	4477041025
충청남도 서천군 서면 월리	충청남도 서천군 서면 월리	4477041023
충청남도 서천군 서면 월호리	충청남도 서천군 서면 월호리	4477041027
충청남도 서천군 서면 주항리	충청남도 서천군 서면 주항리	4477041029
충청남도 서천군 서천읍 구암리	충청남도 서천군 서천읍 구암리	4477025331
충청남도 서천군 서천읍 군사리	충청남도 서천군 서천읍 군사리	4477025321
충청남도 서천군 서천읍 남산리	충청남도 서천군 서천읍 남산리	4477025333
충청남도 서천군 서천읍 동산리	충청남도 서천군 서천읍 동산리	4477025327
충청남도 서천군 서천읍 두왕리	충청남도 서천군 서천읍 두왕리	4477025332
충청남도 서천군 서천읍 둔덕리	충청남도 서천군 서천읍 둔덕리	4477025326
충청남도 서천군 서천읍 사곡리	충청남도 서천군 서천읍 사곡리	4477025322
충청남도 서천군 서천읍 삼산리	충청남도 서천군 서천읍 삼산리	4477025328
충청남도 서천군 서천읍 신송리	충청남도 서천군 서천읍 신송리	4477025329
충청남도 서천군 서천읍 오석리	충청남도 서천군 서천읍 오석리	4477025323
충청남도 서천군 서천읍 태월리	충청남도 서천군 서천읍 태월리	4477025325
충청남도 서천군 서천읍 화금리	충청남도 서천군 서천읍 화금리	4477025330
충청남도 서천군 서천읍 화성리	충청남도 서천군 서천읍 화성리	4477025324
충청남도 서천군 시초면 봉선리	충청남도 서천군 시초면 봉선리	4477036028
충청남도 서천군 시초면 선동리	충청남도 서천군 시초면 선동리	4477036022
충청남도 서천군 시초면 선암리	충청남도 서천군 시초면 선암리	4477036023
충청남도 서천군 시초면 신곡리	충청남도 서천군 시초면 신곡리	4477036026
충청남도 서천군 시초면 신흥리	충청남도 서천군 시초면 신흥리	4477036024
충청남도 서천군 시초면 용곡리	충청남도 서천군 시초면 용곡리	4477036025
충청남도 서천군 시초면 초현리	충청남도 서천군 시초면 초현리	4477036021
충청남도 서천군 시초면 태성리	충청남도 서천군 시초면 태성리	4477036027
충청남도 서천군 시초면 풍정리	충청남도 서천군 시초면 풍정리	4477036029
충청남도 서천군 시초면 후암리	충청남도 서천군 시초면 후암리	4477036030
충청남도 서천군 장항읍 성주리	충청남도 서천군 장항읍 성주리	4477025023
충청남도 서천군 장항읍 송림리	충청남도 서천군 장항읍 송림리	4477025027
충청남도 서천군 장항읍 신창리	충청남도 서천군 장항읍 신창리	4477025024
충청남도 서천군 장항읍 옥남리	충청남도 서천군 장항읍 옥남리	4477025028
충청남도 서천군 장항읍 옥산리	충청남도 서천군 장항읍 옥산리	4477025029
충청남도 서천군 장항읍 원수리	충청남도 서천군 장항읍 원수리	4477025030
충청남도 서천군 장항읍 장암리	충청남도 서천군 장항읍 장암리	4477025025
충청남도 서천군 장항읍 창선1리	충청남도 서천군 장항읍 창선1리	4477025021
충청남도 서천군 장항읍 창선2리	충청남도 서천군 장항읍 창선2리	4477025022
충청남도 서천군 장항읍 화천리	충청남도 서천군 장항읍 화천리	4477025026
충청남도 서천군 종천면 당정리	충청남도 서천군 종천면 당정리	4477039024
충청남도 서천군 종천면 도만리	충청남도 서천군 종천면 도만리	4477039028
충청남도 서천군 종천면 랑평리	충청남도 서천군 종천면 랑평리	4477039022
충청남도 서천군 종천면 산천리	충청남도 서천군 종천면 산천리	4477039027
충청남도 서천군 종천면 석촌리	충청남도 서천군 종천면 석촌리	4477039029
충청남도 서천군 종천면 신검리	충청남도 서천군 종천면 신검리	4477039021
충청남도 서천군 종천면 장구리	충청남도 서천군 종천면 장구리	4477039025
충청남도 서천군 종천면 종천리	충청남도 서천군 종천면 종천리	4477039023
충청남도 서천군 종천면 지석리	충청남도 서천군 종천면 지석리	4477039030
충청남도 서천군 종천면 화산리	충청남도 서천군 종천면 화산리	4477039026
충청남도 서천군 판교면 금덕리	충청남도 서천군 판교면 금덕리	4477038035
충청남도 서천군 판교면 등고리	충청남도 서천군 판교면 등고리	4477038034
충청남도 서천군 판교면 마대리	충청남도 서천군 판교면 마대리	4477038022
충청남도 서천군 판교면 만덕리	충청남도 서천군 판교면 만덕리	4477038028
충청남도 서천군 판교면 문곡리	충청남도 서천군 판교면 문곡리	4477038026
충청남도 서천군 판교면 복대리	충청남도 서천군 판교면 복대리	4477038032
충청남도 서천군 판교면 상좌리	충청남도 서천군 판교면 상좌리	4477038024
충청남도 서천군 판교면 수성리	충청남도 서천군 판교면 수성리	4477038031
충청남도 서천군 판교면 심동리	충청남도 서천군 판교면 심동리	4477038023
충청남도 서천군 판교면 우라리	충청남도 서천군 판교면 우라리	4477038025
충청남도 서천군 판교면 저산리	충청남도 서천군 판교면 저산리	4477038030
충청남도 서천군 판교면 판교리	충청남도 서천군 판교면 판교리	4477038021
충청남도 서천군 판교면 현암리	충청남도 서천군 판교면 현암리	4477038029
충청남도 서천군 판교면 후동리	충청남도 서천군 판교면 후동리	4477038027
충청남도 서천군 판교면 흥림리	충청남도 서천군 판교면 흥림리	4477038033
충청남도 서천군 한산면 구동리	충청남도 서천군 한산면 구동리	4477034041
충청남도 서천군 한산면 나교리	충청남도 서천군 한산면 나교리	4477034032
충청남도 서천군 한산면 단상리	충청남도 서천군 한산면 단상리	4477034034
충청남도 서천군 한산면 단하리	충청남도 서천군 한산면 단하리	4477034035
충청남도 서천군 한산면 동산리	충청남도 서천군 한산면 동산리	4477034022
충청남도 서천군 한산면 동지리	충청남도 서천군 한산면 동지리	4477034033
충청남도 서천군 한산면 마양리	충청남도 서천군 한산면 마양리	4477034036
충청남도 서천군 한산면 성외리	충청남도 서천군 한산면 성외리	4477034023
충청남도 서천군 한산면 송곡리	충청남도 서천군 한산면 송곡리	4477034027
충청남도 서천군 한산면 송산리	충청남도 서천군 한산면 송산리	4477034029
충청남도 서천군 한산면 신성리	충청남도 서천군 한산면 신성리	4477034040
충청남도 서천군 한산면 여사리	충청남도 서천군 한산면 여사리	4477034031
충청남도 서천군 한산면 연봉리	충청남도 서천군 한산면 연봉리	4477034038
충청남도 서천군 한산면 온동리	충청남도 서천군 한산면 온동리	4477034037
충청남도 서천군 한산면 용산리	충청남도 서천군 한산면 용산리	4477034039
충청남도 서천군 한산면 원산리	충청남도 서천군 한산면 원산리	4477034030
충청남도 서천군 한산면 종지리	충청남도 서천군 한산면 종지리	4477034026
충청남도 서천군 한산면 죽촌리	충청남도 서천군 한산면 죽촌리	4477034025
충청남도 서천군 한산면 지현리	충청남도 서천군 한산면 지현리	4477034021
충청남도 서천군 한산면 축동리	충청남도 서천군 한산면 축동리	4477034028
충청남도 서천군 한산면 호암리	충청남도 서천군 한산면 호암리	4477034024
충청남도 서천군 화양면 고마리	충청남도 서천군 화양면 고마리	4477032036
충청남도 서천군 화양면 금당리	충청남도 서천군 화양면 금당리	4477032034
충청남도 서천군 화양면 기복리	충청남도 서천군 화양면 기복리	4477032032
충청남도 서천군 화양면 남성리	충청남도 서천군 화양면 남성리	4477032028
충청남도 서천군 화양면 대등리	충청남도 서천군 화양면 대등리	4477032029
충청남도 서천군 화양면 대하리	충청남도 서천군 화양면 대하리	4477032031
충청남도 서천군 화양면 망월리	충청남도 서천군 화양면 망월리	4477032038
충청남도 서천군 화양면 보현리	충청남도 서천군 화양면 보현리	4477032022
충청남도 서천군 화양면 봉명리	충청남도 서천군 화양면 봉명리	4477032039
충청남도 서천군 화양면 옥포리	충청남도 서천군 화양면 옥포리	4477032021
충청남도 서천군 화양면 와초리	충청남도 서천군 화양면 와초리	4477032023
충청남도 서천군 화양면 완포리	충청남도 서천군 화양면 완포리	4477032024
충청남도 서천군 화양면 월산리	충청남도 서천군 화양면 월산리	4477032027
충청남도 서천군 화양면 장상리	충청남도 서천군 화양면 장상리	4477032037
충청남도 서천군 화양면 죽산리	충청남도 서천군 화양면 죽산리	4477032026
충청남도 서천군 화양면 창외리	충청남도 서천군 화양면 창외리	4477032035
충청남도 서천군 화양면 추동리	충청남도 서천군 화양면 추동리	4477032033
충청남도 서천군 화양면 화촌리	충청남도 서천군 화양면 화촌리	4477032025
충청남도 서천군 화양면 활동리	충청남도 서천군 화양면 활동리	4477032030
충청남도 아산시 권곡동	충청남도 아산시 권곡동	4420011400
충청남도 아산시 기산동	충청남도 아산시 기산동	4420010400
충청남도 아산시 남동	충청남도 아산시 남동	4420011900
충청남도 아산시 도고면 금산리	충청남도 아산시 도고면 금산리	4420040024
충청남도 아산시 도고면 기곡리	충청남도 아산시 도고면 기곡리	4420040036
충청남도 아산시 도고면 농은리	충청남도 아산시 도고면 농은리	4420040029
충청남도 아산시 도고면 덕암리	충청남도 아산시 도고면 덕암리	4420040031
충청남도 아산시 도고면 도산리	충청남도 아산시 도고면 도산리	4420040027
충청남도 아산시 도고면 봉농리	충청남도 아산시 도고면 봉농리	4420040022
충청남도 아산시 도고면 석당리	충청남도 아산시 도고면 석당리	4420040032
충청남도 아산시 도고면 시전리	충청남도 아산시 도고면 시전리	4420040025
충청남도 아산시 도고면 신언리	충청남도 아산시 도고면 신언리	4420040021
충청남도 아산시 도고면 신유리	충청남도 아산시 도고면 신유리	4420040026
충청남도 아산시 도고면 신통리	충청남도 아산시 도고면 신통리	4420040035
충청남도 아산시 도고면 오암리	충청남도 아산시 도고면 오암리	4420040030
충청남도 아산시 도고면 와산리	충청남도 아산시 도고면 와산리	4420040034
충청남도 아산시 도고면 향산리	충청남도 아산시 도고면 향산리	4420040033
충청남도 아산시 도고면 화천리	충청남도 아산시 도고면 화천리	4420040028
충청남도 아산시 도고면 효자리	충청남도 아산시 도고면 효자리	4420040023
충청남도 아산시 둔포면 관대리	충청남도 아산시 둔포면 관대리	4420036027
충청남도 아산시 둔포면 둔포리	충청남도 아산시 둔포면 둔포리	4420036021
충청남도 아산시 둔포면 봉재리	충청남도 아산시 둔포면 봉재리	4420036030
충청남도 아산시 둔포면 산전리	충청남도 아산시 둔포면 산전리	4420036028
충청남도 아산시 둔포면 석곡리	충청남도 아산시 둔포면 석곡리	4420036032
충청남도 아산시 둔포면 송용리	충청남도 아산시 둔포면 송용리	4420036022
충청남도 아산시 둔포면 시포리	충청남도 아산시 둔포면 시포리	4420036023
충청남도 아산시 둔포면 신남리	충청남도 아산시 둔포면 신남리	4420036025
충청남도 아산시 둔포면 신법리	충청남도 아산시 둔포면 신법리	4420036024
충청남도 아산시 둔포면 신양리	충청남도 아산시 둔포면 신양리	4420036029
충청남도 아산시 둔포면 신왕리	충청남도 아산시 둔포면 신왕리	4420036034
충청남도 아산시 둔포면 신항리	충청남도 아산시 둔포면 신항리	4420036026
충청남도 아산시 둔포면 염작리	충청남도 아산시 둔포면 염작리	4420036035
충청남도 아산시 둔포면 운교리	충청남도 아산시 둔포면 운교리	4420036031
충청남도 아산시 둔포면 운용리	충청남도 아산시 둔포면 운용리	4420036033
충청남도 아산시 득산동	충청남도 아산시 득산동	4420011600
충청남도 아산시 모종동	충청남도 아산시 모종동	4420011300
충청남도 아산시 방축동	충청남도 아산시 방축동	4420010300
충청남도 아산시 배미동	충청남도 아산시 배미동	4420011500
충청남도 아산시 배방읍 갈매리	충청남도 아산시 배방읍 갈매리	4420025328
충청남도 아산시 배방읍 공수리	충청남도 아산시 배방읍 공수리	4420025324
충청남도 아산시 배방읍 구령리	충청남도 아산시 배방읍 구령리	4420025332
충청남도 아산시 배방읍 북수리	충청남도 아산시 배방읍 북수리	4420025325
충청남도 아산시 배방읍 세교리	충청남도 아산시 배방읍 세교리	4420025329
충청남도 아산시 배방읍 세출리	충청남도 아산시 배방읍 세출리	4420025327
충청남도 아산시 배방읍 수철리	충청남도 아산시 배방읍 수철리	4420025322
충청남도 아산시 배방읍 신흥리	충청남도 아산시 배방읍 신흥리	4420025323
충청남도 아산시 배방읍 장재리	충청남도 아산시 배방읍 장재리	4420025331
충청남도 아산시 배방읍 중리	충청남도 아산시 배방읍 중리	4420025321
충청남도 아산시 배방읍 회룡리	충청남도 아산시 배방읍 회룡리	4420025326
충청남도 아산시 배방읍 휴대리	충청남도 아산시 배방읍 휴대리	4420025330
충청남도 아산시 법곡동	충청남도 아산시 법곡동	4420010700
충청남도 아산시 선장면 가산리	충청남도 아산시 선장면 가산리	4420039032
충청남도 아산시 선장면 군덕리	충청남도 아산시 선장면 군덕리	4420039021
충청남도 아산시 선장면 궁평리	충청남도 아산시 선장면 궁평리	4420039034
충청남도 아산시 선장면 대정리	충청남도 아산시 선장면 대정리	4420039024
충청남도 아산시 선장면 대흥리	충청남도 아산시 선장면 대흥리	4420039030
충청남도 아산시 선장면 돈포리	충청남도 아산시 선장면 돈포리	4420039022
충청남도 아산시 선장면 선창리	충청남도 아산시 선장면 선창리	4420039029
충청남도 아산시 선장면 신덕리	충청남도 아산시 선장면 신덕리	4420039023
충청남도 아산시 선장면 신동리	충청남도 아산시 선장면 신동리	4420039028
충청남도 아산시 선장면 신문리	충청남도 아산시 선장면 신문리	4420039033
충청남도 아산시 선장면 신성리	충청남도 아산시 선장면 신성리	4420039026
충청남도 아산시 선장면 장곳리	충청남도 아산시 선장면 장곳리	4420039025
충청남도 아산시 선장면 죽산리	충청남도 아산시 선장면 죽산리	4420039027
충청남도 아산시 선장면 채신언리	충청남도 아산시 선장면 채신언리	4420039035
충청남도 아산시 선장면 홍곳리	충청남도 아산시 선장면 홍곳리	4420039031
충청남도 아산시 송악면 강당리	충청남도 아산시 송악면 강당리	4420031024
충청남도 아산시 송악면 강장리	충청남도 아산시 송악면 강장리	4420031031
충청남도 아산시 송악면 거산리	충청남도 아산시 송악면 거산리	4420031030
충청남도 아산시 송악면 궁평리	충청남도 아산시 송악면 궁평리	4420031026
충청남도 아산시 송악면 동화리	충청남도 아산시 송악면 동화리	4420031033
충청남도 아산시 송악면 마곡리	충청남도 아산시 송악면 마곡리	4420031025
충청남도 아산시 송악면 송학리	충청남도 아산시 송악면 송학리	4420031028
충청남도 아산시 송악면 수곡리	충청남도 아산시 송악면 수곡리	4420031032
충청남도 아산시 송악면 역촌리	충청남도 아산시 송악면 역촌리	4420031021
충청남도 아산시 송악면 외암리	충청남도 아산시 송악면 외암리	4420031023
충청남도 아산시 송악면 유곡리	충청남도 아산시 송악면 유곡리	4420031027
충청남도 아산시 송악면 종곡리	충청남도 아산시 송악면 종곡리	4420031029
충청남도 아산시 송악면 평촌리	충청남도 아산시 송악면 평촌리	4420031022
충청남도 아산시 신동	충청남도 아산시 신동	4420011800
충청남도 아산시 신인동	충청남도 아산시 신인동	4420010600
충청남도 아산시 신창면 가내리	충청남도 아산시 신창면 가내리	4420041032
충청남도 아산시 신창면 가덕리	충청남도 아산시 신창면 가덕리	4420041030
충청남도 아산시 신창면 궁화리	충청남도 아산시 신창면 궁화리	4420041029
충청남도 아산시 신창면 남성리	충청남도 아산시 신창면 남성리	4420041028
충청남도 아산시 신창면 수장리	충청남도 아산시 신창면 수장리	4420041026
충청남도 아산시 신창면 신곡리	충청남도 아산시 신창면 신곡리	4420041031
충청남도 아산시 신창면 신달리	충청남도 아산시 신창면 신달리	4420041027
충청남도 아산시 신창면 오목리	충청남도 아산시 신창면 오목리	4420041021
충청남도 아산시 신창면 읍내리	충청남도 아산시 신창면 읍내리	4420041022
충청남도 아산시 신창면 창암리	충청남도 아산시 신창면 창암리	4420041023
충청남도 아산시 신창면 행목리	충청남도 아산시 신창면 행목리	4420041025
충청남도 아산시 신창면 황산리	충청남도 아산시 신창면 황산리	4420041024
충청남도 아산시 실옥동	충청남도 아산시 실옥동	4420010200
충청남도 아산시 염치읍 강청리	충청남도 아산시 염치읍 강청리	4420025022
충청남도 아산시 염치읍 곡교리	충청남도 아산시 염치읍 곡교리	4420025028
충청남도 아산시 염치읍 대동리	충청남도 아산시 염치읍 대동리	4420025034
충청남도 아산시 염치읍 동정리	충청남도 아산시 염치읍 동정리	4420025027
충청남도 아산시 염치읍 방현리	충청남도 아산시 염치읍 방현리	4420025031
충청남도 아산시 염치읍 백암리	충청남도 아산시 염치읍 백암리	4420025033
충청남도 아산시 염치읍 산양리	충청남도 아산시 염치읍 산양리	4420025021
충청남도 아산시 염치읍 서원리	충청남도 아산시 염치읍 서원리	4420025023
충청남도 아산시 염치읍 석두리	충청남도 아산시 염치읍 석두리	4420025029
충청남도 아산시 염치읍 석정리	충청남도 아산시 염치읍 석정리	4420025030
충청남도 아산시 염치읍 송곡리	충청남도 아산시 염치읍 송곡리	4420025032
충청남도 아산시 염치읍 쌍죽리	충청남도 아산시 염치읍 쌍죽리	4420025026
충청남도 아산시 염치읍 염성리	충청남도 아산시 염치읍 염성리	4420025025
충청남도 아산시 염치읍 중방리	충청남도 아산시 염치읍 중방리	4420025024
충청남도 아산시 영인면 구성리	충청남도 아산시 영인면 구성리	4420037028
충청남도 아산시 영인면 백석포리	충청남도 아산시 영인면 백석포리	4420037026
충청남도 아산시 영인면 상성리	충청남도 아산시 영인면 상성리	4420037022
충청남도 아산시 영인면 성내리	충청남도 아산시 영인면 성내리	4420037031
충청남도 아산시 영인면 신봉리	충청남도 아산시 영인면 신봉리	4420037030
충청남도 아산시 영인면 신운리	충청남도 아산시 영인면 신운리	4420037025
충청남도 아산시 영인면 신현리	충청남도 아산시 영인면 신현리	4420037023
충청남도 아산시 영인면 신화리	충청남도 아산시 영인면 신화리	4420037032
충청남도 아산시 영인면 아산리	충청남도 아산시 영인면 아산리	4420037021
충청남도 아산시 영인면 역리	충청남도 아산시 영인면 역리	4420037033
충청남도 아산시 영인면 와우리	충청남도 아산시 영인면 와우리	4420037027
충청남도 아산시 영인면 월선리	충청남도 아산시 영인면 월선리	4420037024
충청남도 아산시 영인면 창용리	충청남도 아산시 영인면 창용리	4420037029
충청남도 아산시 온천동	충청남도 아산시 온천동	4420010100
충청남도 아산시 용화동	충청남도 아산시 용화동	4420011200
충청남도 아산시 음봉면	충청남도 아산시 음봉면	4420035000
충청남도 아산시 음봉면 덕지리	충청남도 아산시 음봉면 덕지리	4420035034
충청남도 아산시 음봉면 동암리	충청남도 아산시 음봉면 동암리	4420035035
충청남도 아산시 음봉면 동천리	충청남도 아산시 음봉면 동천리	4420035022
충청남도 아산시 음봉면 산동리	충청남도 아산시 음봉면 산동리	4420035033
충청남도 아산시 음봉면 산정리	충청남도 아산시 음봉면 산정리	4420035025
충청남도 아산시 음봉면 삼거리	충청남도 아산시 음봉면 삼거리	4420035021
충청남도 아산시 음봉면 소동리	충청남도 아산시 음봉면 소동리	4420035027
충청남도 아산시 음봉면 송촌리	충청남도 아산시 음봉면 송촌리	4420035036
충청남도 아산시 음봉면 신수리	충청남도 아산시 음봉면 신수리	4420035023
충청남도 아산시 음봉면 신정리	충청남도 아산시 음봉면 신정리	4420035024
충청남도 아산시 음봉면 신휴리	충청남도 아산시 음봉면 신휴리	4420035028
충청남도 아산시 음봉면 쌍룡리	충청남도 아산시 음봉면 쌍룡리	4420035031
충청남도 아산시 음봉면 쌍암리	충청남도 아산시 음봉면 쌍암리	4420035030
충청남도 아산시 음봉면 원남리	충청남도 아산시 음봉면 원남리	4420035026
충청남도 아산시 음봉면 월랑리	충청남도 아산시 음봉면 월랑리	4420035032
충청남도 아산시 음봉면 의식리	충청남도 아산시 음봉면 의식리	4420035029
충청남도 아산시 읍내동	충청남도 아산시 읍내동	4420011000
충청남도 아산시 인주면 걸매리	충청남도 아산시 인주면 걸매리	4420038024
충청남도 아산시 인주면 공세리	충청남도 아산시 인주면 공세리	4420038021
충청남도 아산시 인주면 관암리	충청남도 아산시 인주면 관암리	4420038031
충청남도 아산시 인주면 금성리	충청남도 아산시 인주면 금성리	4420038028
충청남도 아산시 인주면 냉정리	충청남도 아산시 인주면 냉정리	4420038032
충청남도 아산시 인주면 대음리	충청남도 아산시 인주면 대음리	4420038027
충청남도 아산시 인주면 도흥리	충청남도 아산시 인주면 도흥리	4420038030
충청남도 아산시 인주면 모원리	충청남도 아산시 인주면 모원리	4420038022
충청남도 아산시 인주면 문방리	충청남도 아산시 인주면 문방리	4420038026
충청남도 아산시 인주면 밀두리	충청남도 아산시 인주면 밀두리	4420038025
충청남도 아산시 인주면 신성리	충청남도 아산시 인주면 신성리	4420038023
충청남도 아산시 인주면 해암리	충청남도 아산시 인주면 해암리	4420038029
충청남도 아산시 장존동	충청남도 아산시 장존동	4420010800
충청남도 아산시 점양동	충청남도 아산시 점양동	4420011700
충청남도 아산시 좌부동	충청남도 아산시 좌부동	4420010900
충청남도 아산시 초사동	충청남도 아산시 초사동	4420010500
충청남도 아산시 탕정면 갈산리	충청남도 아산시 탕정면 갈산리	4420033026
충청남도 아산시 탕정면 동산리	충청남도 아산시 탕정면 동산리	4420033023
충청남도 아산시 탕정면 매곡리	충청남도 아산시 탕정면 매곡리	4420033025
충청남도 아산시 탕정면 명암리	충청남도 아산시 탕정면 명암리	4420033022
충청남도 아산시 탕정면 용두리	충청남도 아산시 탕정면 용두리	4420033021
충청남도 아산시 탕정면 호산리	충청남도 아산시 탕정면 호산리	4420033024
충청남도 아산시 풍기동	충청남도 아산시 풍기동	4420011100
충청남도 예산군 고덕면 구만리	충청남도 예산군 고덕면 구만리	4481038029
충청남도 예산군 고덕면 대천리	충청남도 예산군 고덕면 대천리	4481038021
충청남도 예산군 고덕면 몽곡리	충청남도 예산군 고덕면 몽곡리	4481038022
충청남도 예산군 고덕면 사리	충청남도 예산군 고덕면 사리	4481038031
충청남도 예산군 고덕면 상궁리	충청남도 예산군 고덕면 상궁리	4481038028
충청남도 예산군 고덕면 상몽리	충청남도 예산군 고덕면 상몽리	4481038023
충청남도 예산군 고덕면 상장리	충청남도 예산군 고덕면 상장리	4481038027
충청남도 예산군 고덕면 석곡리	충청남도 예산군 고덕면 석곡리	4481038032
충청남도 예산군 고덕면 오추리	충청남도 예산군 고덕면 오추리	4481038025
충청남도 예산군 고덕면 용리	충청남도 예산군 고덕면 용리	4481038030
충청남도 예산군 고덕면 지곡리	충청남도 예산군 고덕면 지곡리	4481038026
충청남도 예산군 고덕면 호음리	충청남도 예산군 고덕면 호음리	4481038024
충청남도 예산군 광시면 가덕리	충청남도 예산군 광시면 가덕리	4481033039
충청남도 예산군 광시면 관음리	충청남도 예산군 광시면 관음리	4481033029
충청남도 예산군 광시면 광시리	충청남도 예산군 광시면 광시리	4481033021
충청남도 예산군 광시면 구례리	충청남도 예산군 광시면 구례리	4481033026
충청남도 예산군 광시면 노전리	충청남도 예산군 광시면 노전리	4481033022
충청남도 예산군 광시면 대리	충청남도 예산군 광시면 대리	4481033040
충청남도 예산군 광시면 동산리	충청남도 예산군 광시면 동산리	4481033030
충청남도 예산군 광시면 마사리	충청남도 예산군 광시면 마사리	4481033027
충청남도 예산군 광시면 미곡리	충청남도 예산군 광시면 미곡리	4481033037
충청남도 예산군 광시면 서초정리	충청남도 예산군 광시면 서초정리	4481033033
충청남도 예산군 광시면 시목리	충청남도 예산군 광시면 시목리	4481033038
충청남도 예산군 광시면 신대리	충청남도 예산군 광시면 신대리	4481033028
충청남도 예산군 광시면 신흥리	충청남도 예산군 광시면 신흥리	4481033034
충청남도 예산군 광시면 용두리	충청남도 예산군 광시면 용두리	4481033036
충청남도 예산군 광시면 운산리	충청남도 예산군 광시면 운산리	4481033023
충청남도 예산군 광시면 월송리	충청남도 예산군 광시면 월송리	4481033032
충청남도 예산군 광시면 은사리	충청남도 예산군 광시면 은사리	4481033025
충청남도 예산군 광시면 장신리	충청남도 예산군 광시면 장신리	4481033035
충청남도 예산군 광시면 장전리	충청남도 예산군 광시면 장전리	4481033031
충청남도 예산군 광시면 하장대리	충청남도 예산군 광시면 하장대리	4481033024
충청남도 예산군 대술면 궐곡리	충청남도 예산군 대술면 궐곡리	4481031028
충청남도 예산군 대술면 농리	충청남도 예산군 대술면 농리	4481031022
충청남도 예산군 대술면 마전리	충청남도 예산군 대술면 마전리	4481031031
충청남도 예산군 대술면 방산리	충청남도 예산군 대술면 방산리	4481031024
충청남도 예산군 대술면 산정리	충청남도 예산군 대술면 산정리	4481031030
충청남도 예산군 대술면 상항리	충청남도 예산군 대술면 상항리	4481031023
충청남도 예산군 대술면 송석리	충청남도 예산군 대술면 송석리	4481031026
충청남도 예산군 대술면 시산리	충청남도 예산군 대술면 시산리	4481031029
충청남도 예산군 대술면 이티리	충청남도 예산군 대술면 이티리	4481031032
충청남도 예산군 대술면 장복리	충청남도 예산군 대술면 장복리	4481031025
충청남도 예산군 대술면 화산리	충청남도 예산군 대술면 화산리	4481031027
충청남도 예산군 대술면 화천리	충청남도 예산군 대술면 화천리	4481031021
충청남도 예산군 대흥면 갈신리	충청남도 예산군 대흥면 갈신리	4481034033
충청남도 예산군 대흥면 교촌리	충청남도 예산군 대흥면 교촌리	4481034023
충청남도 예산군 대흥면 금곡리	충청남도 예산군 대흥면 금곡리	4481034031
충청남도 예산군 대흥면 노동리	충청남도 예산군 대흥면 노동리	4481034027
충청남도 예산군 대흥면 대야리	충청남도 예산군 대흥면 대야리	4481034025
충청남도 예산군 대흥면 대율리	충청남도 예산군 대흥면 대률리	4481034032
충청남도 예산군 대흥면 동서리	충청남도 예산군 대흥면 동서리	4481034021
충청남도 예산군 대흥면 상중리	충청남도 예산군 대흥면 상중리	4481034022
충청남도 예산군 대흥면 손지리	충청남도 예산군 대흥면 손지리	4481034034
충청남도 예산군 대흥면 송지리	충청남도 예산군 대흥면 송지리	4481034024
충청남도 예산군 대흥면 신속리	충청남도 예산군 대흥면 신속리	4481034026
충청남도 예산군 대흥면 지곡리	충청남도 예산군 대흥면 지곡리	4481034028
충청남도 예산군 대흥면 탄방리	충청남도 예산군 대흥면 탄방리	4481034030
충청남도 예산군 대흥면 하탄방리	충청남도 예산군 대흥면 하탄방리	4481034029
충청남도 예산군 덕산면 광천리	충청남도 예산군 덕산면 광천리	4481036030
충청남도 예산군 덕산면 낙상리	충청남도 예산군 덕산면 낙상리	4481036035
충청남도 예산군 덕산면 내라리	충청남도 예산군 덕산면 내라리	4481036033
충청남도 예산군 덕산면 대동리	충청남도 예산군 덕산면 대동리	4481036036
충청남도 예산군 덕산면 대치리	충청남도 예산군 덕산면 대치리	4481036029
충청남도 예산군 덕산면 둔리	충청남도 예산군 덕산면 둔리	4481036028
충청남도 예산군 덕산면 복당리	충청남도 예산군 덕산면 복당리	4481036034
충청남도 예산군 덕산면 북문리	충청남도 예산군 덕산면 북문리	4481036022
충청남도 예산군 덕산면 사동리	충청남도 예산군 덕산면 사동리	4481036025
충청남도 예산군 덕산면 사천리	충청남도 예산군 덕산면 사천리	4481036031
충청남도 예산군 덕산면 상가리	충청남도 예산군 덕산면 상가리	4481036024
충청남도 예산군 덕산면 시량리	충청남도 예산군 덕산면 시량리	4481036027
충청남도 예산군 덕산면 신평리	충청남도 예산군 덕산면 신평리	4481036026
충청남도 예산군 덕산면 옥계리	충청남도 예산군 덕산면 옥계리	4481036023
충청남도 예산군 덕산면 외라리	충청남도 예산군 덕산면 외라리	4481036032
충청남도 예산군 덕산면 읍내리	충청남도 예산군 덕산면 읍내리	4481036021
충청남도 예산군 봉산면 고도리	충청남도 예산군 봉산면 고도리	4481037021
충청남도 예산군 봉산면 구암리	충청남도 예산군 봉산면 구암리	4481037022
충청남도 예산군 봉산면 궁평리	충청남도 예산군 봉산면 궁평리	4481037032
충청남도 예산군 봉산면 금치리	충청남도 예산군 봉산면 금치리	4481037033
충청남도 예산군 봉산면 당곡리	충청남도 예산군 봉산면 당곡리	4481037027
충청남도 예산군 봉산면 대지리	충청남도 예산군 봉산면 대지리	4481037030
충청남도 예산군 봉산면 마교리	충청남도 예산군 봉산면 마교리	4481037035
충청남도 예산군 봉산면 봉림리	충청남도 예산군 봉산면 봉림리	4481037023
충청남도 예산군 봉산면 사석리	충청남도 예산군 봉산면 사석리	4481037024
충청남도 예산군 봉산면 시동리	충청남도 예산군 봉산면 시동리	4481037028
충청남도 예산군 봉산면 옥전리	충청남도 예산군 봉산면 옥전리	4481037026
충청남도 예산군 봉산면 옹안리	충청남도 예산군 봉산면 옹안리	4481037034
충청남도 예산군 봉산면 하평리	충청남도 예산군 봉산면 하평리	4481037025
충청남도 예산군 봉산면 화전리	충청남도 예산군 봉산면 화전리	4481037031
충청남도 예산군 봉산면 효교리	충청남도 예산군 봉산면 효교리	4481037029
충청남도 예산군 삽교읍 가리	충청남도 예산군 삽교읍 가리	4481025333
충청남도 예산군 삽교읍 두리	충청남도 예산군 삽교읍 두리	4481025321
충청남도 예산군 삽교읍 목리	충청남도 예산군 삽교읍 목리	4481025326
충청남도 예산군 삽교읍 방아리	충청남도 예산군 삽교읍 방아리	4481025339
충청남도 예산군 삽교읍 삽교리	충청남도 예산군 삽교읍 삽교리	4481025322
충청남도 예산군 삽교읍 상성리	충청남도 예산군 삽교읍 상성리	4481025334
충청남도 예산군 삽교읍 상하리	충청남도 예산군 삽교읍 상하리	4481025331
충청남도 예산군 삽교읍 성리	충청남도 예산군 삽교읍 성리	4481025337
충청남도 예산군 삽교읍 송산리	충청남도 예산군 삽교읍 송산리	4481025329
충청남도 예산군 삽교읍 수촌리	충청남도 예산군 삽교읍 수촌리	4481025324
충청남도 예산군 삽교읍 신가리	충청남도 예산군 삽교읍 신가리	4481025338
충청남도 예산군 삽교읍 신리	충청남도 예산군 삽교읍 신리	4481025327
충청남도 예산군 삽교읍 안치리	충청남도 예산군 삽교읍 안치리	4481025328
충청남도 예산군 삽교읍 역리	충청남도 예산군 삽교읍 역리	4481025330
충청남도 예산군 삽교읍 용동리	충청남도 예산군 삽교읍 용동리	4481025335
충청남도 예산군 삽교읍 월산리	충청남도 예산군 삽교읍 월산리	4481025341
충청남도 예산군 삽교읍 이리	충청남도 예산군 삽교읍 이리	4481025325
충청남도 예산군 삽교읍 창정리	충청남도 예산군 삽교읍 창정리	4481025332
충청남도 예산군 삽교읍 평촌리	충청남도 예산군 삽교읍 평촌리	4481025323
충청남도 예산군 삽교읍 하포리	충청남도 예산군 삽교읍 하포리	4481025336
충청남도 예산군 삽교읍 효림리	충청남도 예산군 삽교읍 효림리	4481025340
충청남도 예산군 신암면 계촌리	충청남도 예산군 신암면 계촌리	4481039022
충청남도 예산군 신암면 두곡리	충청남도 예산군 신암면 두곡리	4481039023
충청남도 예산군 신암면 별리	충청남도 예산군 신암면 별리	4481039031
충청남도 예산군 신암면 신종리	충청남도 예산군 신암면 신종리	4481039024
충청남도 예산군 신암면 신택리	충청남도 예산군 신암면 신택리	4481039026
충청남도 예산군 신암면 예림리	충청남도 예산군 신암면 예림리	4481039028
충청남도 예산군 신암면 오산리	충청남도 예산군 신암면 오산리	4481039032
충청남도 예산군 신암면 용궁리	충청남도 예산군 신암면 용궁리	4481039027
충청남도 예산군 신암면 조곡리	충청남도 예산군 신암면 조곡리	4481039030
충청남도 예산군 신암면 종경리	충청남도 예산군 신암면 종경리	4481039021
충청남도 예산군 신암면 중예리	충청남도 예산군 신암면 중예리	4481039029
충청남도 예산군 신암면 탄중리	충청남도 예산군 신암면 탄중리	4481039033
충청남도 예산군 신암면 하평리	충청남도 예산군 신암면 하평리	4481039025
충청남도 예산군 신양면 가지리	충청남도 예산군 신양면 가지리	4481032032
충청남도 예산군 신양면 귀곡리	충청남도 예산군 신양면 귀곡리	4481032029
충청남도 예산군 신양면 녹문리	충청남도 예산군 신양면 녹문리	4481032024
충청남도 예산군 신양면 대덕리	충청남도 예산군 신양면 대덕리	4481032035
충청남도 예산군 신양면 만사리	충청남도 예산군 신양면 만사리	4481032033
충청남도 예산군 신양면 무봉리	충청남도 예산군 신양면 무봉리	4481032023
충청남도 예산군 신양면 불원리	충청남도 예산군 신양면 불원리	4481032026
충청남도 예산군 신양면 서계양리	충청남도 예산군 신양면 서계양리	4481032025
충청남도 예산군 신양면 시왕리	충청남도 예산군 신양면 시왕리	4481032027
충청남도 예산군 신양면 신양리	충청남도 예산군 신양면 신양리	4481032021
충청남도 예산군 신양면 여래미리	충청남도 예산군 신양면 여래미리	4481032034
충청남도 예산군 신양면 연리	충청남도 예산군 신양면 연리	4481032028
충청남도 예산군 신양면 죽천리	충청남도 예산군 신양면 죽천리	4481032031
충청남도 예산군 신양면 차동리	충청남도 예산군 신양면 차동리	4481032036
충청남도 예산군 신양면 하천리	충청남도 예산군 신양면 하천리	4481032030
충청남도 예산군 신양면 황계리	충청남도 예산군 신양면 황계리	4481032022
충청남도 예산군 예산읍 간양리	충청남도 예산군 예산읍 간양리	4481025031
충청남도 예산군 예산읍 관작리	충청남도 예산군 예산읍 관작리	4481025028
충청남도 예산군 예산읍 궁평리	충청남도 예산군 예산읍 궁평리	4481025032
충청남도 예산군 예산읍 대회리	충청남도 예산군 예산읍 대회리	4481025023
충청남도 예산군 예산읍 발연리	충청남도 예산군 예산읍 발연리	4481025026
충청남도 예산군 예산읍 산성리	충청남도 예산군 예산읍 산성리	4481025025
충청남도 예산군 예산읍 석양리	충청남도 예산군 예산읍 석양리	4481025027
충청남도 예산군 예산읍 수철리	충청남도 예산군 예산읍 수철리	4481025033
충청남도 예산군 예산읍 신례원리	충청남도 예산군 예산읍 신례원리	4481025030
충청남도 예산군 예산읍 예산리	충청남도 예산군 예산읍 예산리	4481025021
충청남도 예산군 예산읍 주교리	충청남도 예산군 예산읍 주교리	4481025024
충청남도 예산군 예산읍 창소리	충청남도 예산군 예산읍 창소리	4481025029
충청남도 예산군 예산읍 향천리	충청남도 예산군 예산읍 향천리	4481025022
충청남도 예산군 오가면 내량리	충청남도 예산군 오가면 내량리	4481040029
충청남도 예산군 오가면 분천리	충청남도 예산군 오가면 분천리	4481040027
충청남도 예산군 오가면 신석리	충청남도 예산군 오가면 신석리	4481040024
충청남도 예산군 오가면 신원리	충청남도 예산군 오가면 신원리	4481040031
충청남도 예산군 오가면 신장리	충청남도 예산군 오가면 신장리	4481040023
충청남도 예산군 오가면 양막리	충청남도 예산군 오가면 양막리	4481040028
충청남도 예산군 오가면 역탑리	충청남도 예산군 오가면 역탑리	4481040021
충청남도 예산군 오가면 오촌리	충청남도 예산군 오가면 오촌리	4481040032
충청남도 예산군 오가면 원천리	충청남도 예산군 오가면 원천리	4481040030
충청남도 예산군 오가면 원평리	충청남도 예산군 오가면 원평리	4481040022
충청남도 예산군 오가면 월곡리	충청남도 예산군 오가면 월곡리	4481040025
충청남도 예산군 오가면 좌방리	충청남도 예산군 오가면 좌방리	4481040026
충청남도 예산군 응봉면 건지화리	충청남도 예산군 응봉면 건지화리	4481035023
충청남도 예산군 응봉면 계정리	충청남도 예산군 응봉면 계정리	4481035033
충청남도 예산군 응봉면 노화리	충청남도 예산군 응봉면 노화리	4481035021
충청남도 예산군 응봉면 등촌리	충청남도 예산군 응봉면 등촌리	4481035026
충청남도 예산군 응봉면 송석리	충청남도 예산군 응봉면 송석리	4481035031
충청남도 예산군 응봉면 신리	충청남도 예산군 응봉면 신리	4481035024
충청남도 예산군 응봉면 운곡리	충청남도 예산군 응봉면 운곡리	4481035029
충청남도 예산군 응봉면 입침리	충청남도 예산군 응봉면 입침리	4481035028
충청남도 예산군 응봉면 주령리	충청남도 예산군 응봉면 주령리	4481035032
충청남도 예산군 응봉면 증곡리	충청남도 예산군 응봉면 증곡리	4481035030
충청남도 예산군 응봉면 지석리	충청남도 예산군 응봉면 지석리	4481035022
충청남도 예산군 응봉면 평촌리	충청남도 예산군 응봉면 평촌리	4481035025
충청남도 예산군 응봉면 후사리	충청남도 예산군 응봉면 후사리	4481035027
충청남도 천안동남구 광덕면 광덕리	충청남도 천안시 동남구 광덕면 광덕리	4413132021
충청남도 천안동남구 광덕면 대덕리	충청남도 천안시 동남구 광덕면 대덕리	4413132024
충청남도 천안동남구 광덕면 대평리	충청남도 천안시 동남구 광덕면 대평리	4413132030
충청남도 천안동남구 광덕면 매당리	충청남도 천안시 동남구 광덕면 매당리	4413132025
충청남도 천안동남구 광덕면 무학리	충청남도 천안시 동남구 광덕면 무학리	4413132027
충청남도 천안동남구 광덕면 보산원리	충청남도 천안시 동남구 광덕면 보산원리	4413132023
충청남도 천안동남구 광덕면 신덕리	충청남도 천안시 동남구 광덕면 신덕리	4413132028
충청남도 천안동남구 광덕면 신흥리	충청남도 천안시 동남구 광덕면 신흥리	4413132026
충청남도 천안동남구 광덕면 원덕리	충청남도 천안시 동남구 광덕면 원덕리	4413132031
충청남도 천안동남구 광덕면 지장리	충청남도 천안시 동남구 광덕면 지장리	4413132022
충청남도 천안동남구 광덕면 행정리	충청남도 천안시 동남구 광덕면 행정리	4413132029
충청남도 천안동남구 구룡동	충청남도 천안시 동남구 구룡동	4413112000
충청남도 천안동남구 구성동	충청남도 천안시 동남구 구성동	4413110800
충청남도 천안동남구 다가동	충청남도 천안시 동남구 다가동	4413111400
충청남도 천안동남구 대흥동	충청남도 천안시 동남구 대흥동	4413110100
충청남도 천안동남구 동면 광덕리	충청남도 천안시 동남구 동면 광덕리	4413137024
충청남도 천안동남구 동면 구도리	충청남도 천안시 동남구 동면 구도리	4413137021
충청남도 천안동남구 동면 덕성리	충청남도 천안시 동남구 동면 덕성리	4413137027
충청남도 천안동남구 동면 동산리	충청남도 천안시 동남구 동면 동산리	4413137025
충청남도 천안동남구 동면 송연리	충청남도 천안시 동남구 동면 송연리	4413137022
충청남도 천안동남구 동면 수남리	충청남도 천안시 동남구 동면 수남리	4413137030
충청남도 천안동남구 동면 장송리	충청남도 천안시 동남구 동면 장송리	4413137029
충청남도 천안동남구 동면 죽계리	충청남도 천안시 동남구 동면 죽계리	4413137028
충청남도 천안동남구 동면 행암리	충청남도 천안시 동남구 동면 행암리	4413137026
충청남도 천안동남구 동면 화계리	충청남도 천안시 동남구 동면 화계리	4413137023
충청남도 천안동남구 동면 화덕리	충청남도 천안시 동남구 동면 화덕리	4413137031
충청남도 천안동남구 목천읍 교천리	충청남도 천안시 동남구 목천읍 교천리	4413125032
충청남도 천안동남구 목천읍 교촌리	충청남도 천안시 동남구 목천읍 교촌리	4413125023
충청남도 천안동남구 목천읍 남화리	충청남도 천안시 동남구 목천읍 남화리	4413125030
충청남도 천안동남구 목천읍 덕전리	충청남도 천안시 동남구 목천읍 덕전리	4413125025
충청남도 천안동남구 목천읍 도장리	충청남도 천안시 동남구 목천읍 도장리	4413125037
충청남도 천안동남구 목천읍 동리	충청남도 천안시 동남구 목천읍 동리	4413125022
충청남도 천안동남구 목천읍 동평리	충청남도 천안시 동남구 목천읍 동평리	4413125028
충청남도 천안동남구 목천읍 삼성리	충청남도 천안시 동남구 목천읍 삼성리	4413125036
충청남도 천안동남구 목천읍 서리	충청남도 천안시 동남구 목천읍 서리	4413125021
충청남도 천안동남구 목천읍 서흥리	충청남도 천안시 동남구 목천읍 서흥리	4413125024
충청남도 천안동남구 목천읍 석천리	충청남도 천안시 동남구 목천읍 석천리	4413125027
충청남도 천안동남구 목천읍 소사리	충청남도 천안시 동남구 목천읍 소사리	4413125038
충청남도 천안동남구 목천읍 송전리	충청남도 천안시 동남구 목천읍 송전리	4413125026
충청남도 천안동남구 목천읍 신계리	충청남도 천안시 동남구 목천읍 신계리	4413125033
충청남도 천안동남구 목천읍 운전리	충청남도 천안시 동남구 목천읍 운전리	4413125029
충청남도 천안동남구 목천읍 응원리	충청남도 천안시 동남구 목천읍 응원리	4413125035
충청남도 천안동남구 목천읍 지산리	충청남도 천안시 동남구 목천읍 지산리	4413125031
충청남도 천안동남구 목천읍 천정리	충청남도 천안시 동남구 목천읍 천정리	4413125034
충청남도 천안동남구 문화동	충청남도 천안시 동남구 문화동	4413110300
충청남도 천안동남구 병천면 가전리	충청남도 천안시 동남구 병천면 가전리	4413136021
충청남도 천안동남구 병천면 관성리	충청남도 천안시 동남구 병천면 관성리	4413136026
충청남도 천안동남구 병천면 도원리	충청남도 천안시 동남구 병천면 도원리	4413136024
충청남도 천안동남구 병천면 매성리	충청남도 천안시 동남구 병천면 매성리	4413136025
충청남도 천안동남구 병천면 병천리	충청남도 천안시 동남구 병천면 병천리	4413136022
충청남도 천안동남구 병천면 봉항리	충청남도 천안시 동남구 병천면 봉항리	4413136027
충청남도 천안동남구 병천면 송정리	충청남도 천안시 동남구 병천면 송정리	4413136029
충청남도 천안동남구 병천면 용두리	충청남도 천안시 동남구 병천면 용두리	4413136028
충청남도 천안동남구 병천면 탑원리	충청남도 천안시 동남구 병천면 탑원리	4413136023
충청남도 천안동남구 봉명동	충청남도 천안시 동남구 봉명동	4413111300
충청남도 천안동남구 북면 납안리	충청남도 천안시 동남구 북면 납안리	4413133031
충청남도 천안동남구 북면 대평리	충청남도 천안시 동남구 북면 대평리	4413133033
충청남도 천안동남구 북면 매송리	충청남도 천안시 동남구 북면 매송리	4413133025
충청남도 천안동남구 북면 명덕리	충청남도 천안시 동남구 북면 명덕리	4413133026
충청남도 천안동남구 북면 사담리	충청남도 천안시 동남구 북면 사담리	4413133028
충청남도 천안동남구 북면 상동리	충청남도 천안시 동남구 북면 상동리	4413133022
충청남도 천안동남구 북면 양곡리	충청남도 천안시 동남구 북면 양곡리	4413133030
충청남도 천안동남구 북면 연춘리	충청남도 천안시 동남구 북면 연춘리	4413133021
충청남도 천안동남구 북면 오곡리	충청남도 천안시 동남구 북면 오곡리	4413133027
충청남도 천안동남구 북면 용암리	충청남도 천안시 동남구 북면 용암리	4413133024
충청남도 천안동남구 북면 운용리	충청남도 천안시 동남구 북면 운용리	4413133032
충청남도 천안동남구 북면 은지리	충청남도 천안시 동남구 북면 은지리	4413133023
충청남도 천안동남구 북면 전곡리	충청남도 천안시 동남구 북면 전곡리	4413133029
충청남도 천안동남구 사직동	충청남도 천안시 동남구 사직동	4413110400
충청남도 천안동남구 삼룡동	충청남도 천안시 동남구 삼룡동	4413111000
충청남도 천안동남구 성남면 대정리	충청남도 천안시 동남구 성남면 대정리	4413134024
충청남도 천안동남구 성남면 대화리	충청남도 천안시 동남구 성남면 대화리	4413134028
충청남도 천안동남구 성남면 대흥리	충청남도 천안시 동남구 성남면 대흥리	4413134023
충청남도 천안동남구 성남면 봉양리	충청남도 천안시 동남구 성남면 봉양리	4413134022
충청남도 천안동남구 성남면 석곡리	충청남도 천안시 동남구 성남면 석곡리	4413134025
충청남도 천안동남구 성남면 신덕리	충청남도 천안시 동남구 성남면 신덕리	4413134021
충청남도 천안동남구 성남면 신사리	충청남도 천안시 동남구 성남면 신사리	4413134027
충청남도 천안동남구 성남면 용원리	충청남도 천안시 동남구 성남면 용원리	4413134026
충청남도 천안동남구 성남면 화성리	충청남도 천안시 동남구 성남면 화성리	4413134029
충청남도 천안동남구 성황동	충청남도 천안시 동남구 성황동	4413110200
충청남도 천안동남구 수신면 발산리	충청남도 천안시 동남구 수신면 발산리	4413135025
충청남도 천안동남구 수신면 백자리	충청남도 천안시 동남구 수신면 백자리	4413135024
충청남도 천안동남구 수신면 속창리	충청남도 천안시 동남구 수신면 속창리	4413135021
충청남도 천안동남구 수신면 신풍리	충청남도 천안시 동남구 수신면 신풍리	4413135022
충청남도 천안동남구 수신면 장산리	충청남도 천안시 동남구 수신면 장산리	4413135026
충청남도 천안동남구 수신면 해정리	충청남도 천안시 동남구 수신면 해정리	4413135023
충청남도 천안동남구 신방동	충청남도 천안시 동남구 신방동	4413111600
충청남도 천안동남구 신부동	충청남도 천안시 동남구 신부동	4413111800
충청남도 천안동남구 쌍용동	충청남도 천안시 동남구 쌍용동	4413111700
충청남도 천안동남구 안서동	충청남도 천안시 동남구 안서동	4413111900
충청남도 천안동남구 영성동	충청남도 천안시 동남구 영성동	4413110500
충청남도 천안동남구 오룡동	충청남도 천안시 동남구 오룡동	4413110600
충청남도 천안동남구 용곡동	충청남도 천안시 동남구 용곡동	4413111500
충청남도 천안동남구 원성동	충청남도 천안시 동남구 원성동	4413110700
충청남도 천안동남구 유량동	충청남도 천안시 동남구 유량동	4413111200
충청남도 천안동남구 청당동	충청남도 천안시 동남구 청당동	4413111100
충청남도 천안동남구 청수동	충청남도 천안시 동남구 청수동	4413110900
충청남도 천안동남구 풍세면 가송리	충청남도 천안시 동남구 풍세면 가송리	4413131022
충청남도 천안동남구 풍세면 남관리	충청남도 천안시 동남구 풍세면 남관리	4413131025
충청남도 천안동남구 풍세면 두남리	충청남도 천안시 동남구 풍세면 두남리	4413131024
충청남도 천안동남구 풍세면 미죽리	충청남도 천안시 동남구 풍세면 미죽리	4413131023
충청남도 천안동남구 풍세면 보성리	충청남도 천안시 동남구 풍세면 보성리	4413131028
충청남도 천안동남구 풍세면 삼태리	충청남도 천안시 동남구 풍세면 삼태리	4413131026
충청남도 천안동남구 풍세면 용정리	충청남도 천안시 동남구 풍세면 용정리	4413131027
충청남도 천안동남구 풍세면 풍서리	충청남도 천안시 동남구 풍세면 풍서리	4413131021
충청남도 천안서북구 두정동	충청남도 천안시 서북구 두정동	4413310400
충청남도 천안서북구 백석동	충청남도 천안시 서북구 백석동	4413310300
충청남도 천안서북구 부대동	충청남도 천안시 서북구 부대동	4413311100
충청남도 천안서북구 불당동	충청남도 천안시 서북구 불당동	4413310800
충청남도 천안서북구 성거읍 모전리	충청남도 천안시 서북구 성거읍 모전리	4413325326
충청남도 천안서북구 성거읍 문덕리	충청남도 천안시 서북구 성거읍 문덕리	4413325329
충청남도 천안서북구 성거읍 삼곡리	충청남도 천안시 서북구 성거읍 삼곡리	4413325327
충청남도 천안서북구 성거읍 석교리	충청남도 천안시 서북구 성거읍 석교리	4413325330
충청남도 천안서북구 성거읍 소우리	충청남도 천안시 서북구 성거읍 소우리	4413325332
충청남도 천안서북구 성거읍 송남리	충청남도 천안시 서북구 성거읍 송남리	4413325321
충청남도 천안서북구 성거읍 신월리	충청남도 천안시 서북구 성거읍 신월리	4413325333
충청남도 천안서북구 성거읍 오목리	충청남도 천안시 서북구 성거읍 오목리	4413325323
충청남도 천안서북구 성거읍 오색당리	충청남도 천안시 서북구 성거읍 오색당리	4413325324
충청남도 천안서북구 성거읍 요방리	충청남도 천안시 서북구 성거읍 요방리	4413325331
충청남도 천안서북구 성거읍 저리	충청남도 천안시 서북구 성거읍 저리	4413325325
충청남도 천안서북구 성거읍 정촌리	충청남도 천안시 서북구 성거읍 정촌리	4413325328
충청남도 천안서북구 성거읍 천흥리	충청남도 천안시 서북구 성거읍 천흥리	4413325322
충청남도 천안서북구 성성동	충청남도 천안시 서북구 성성동	4413310500
충청남도 천안서북구 성정동	충청남도 천안시 서북구 성정동	4413310200
충청남도 천안서북구 성환읍 대홍리	충청남도 천안시 서북구 성환읍 대홍리	4413325034
충청남도 천안서북구 성환읍 도하리	충청남도 천안시 서북구 성환읍 도하리	4413325038
충청남도 천안서북구 성환읍 매주리	충청남도 천안시 서북구 성환읍 매주리	4413325023
충청남도 천안서북구 성환읍 복모리	충청남도 천안시 서북구 성환읍 복모리	4413325030
충청남도 천안서북구 성환읍 성월리	충청남도 천안시 서북구 성환읍 성월리	4413325022
충청남도 천안서북구 성환읍 성환리	충청남도 천안시 서북구 성환읍 성환리	4413325021
충청남도 천안서북구 성환읍 송덕리	충청남도 천안시 서북구 성환읍 송덕리	4413325027
충청남도 천안서북구 성환읍 수향리	충청남도 천안시 서북구 성환읍 수향리	4413325035
충청남도 천안서북구 성환읍 신가리	충청남도 천안시 서북구 성환읍 신가리	4413325031
충청남도 천안서북구 성환읍 신방리	충청남도 천안시 서북구 성환읍 신방리	4413325026
충청남도 천안서북구 성환읍 안궁리	충청남도 천안시 서북구 성환읍 안궁리	4413325036
충청남도 천안서북구 성환읍 양령리	충청남도 천안시 서북구 성환읍 양령리	4413325037
충청남도 천안서북구 성환읍 어룡리	충청남도 천안시 서북구 성환읍 어룡리	4413325029
충청남도 천안서북구 성환읍 와룡리	충청남도 천안시 서북구 성환읍 와룡리	4413325032
충청남도 천안서북구 성환읍 왕림리	충청남도 천안시 서북구 성환읍 왕림리	4413325025
충청남도 천안서북구 성환읍 우신리	충청남도 천안시 서북구 성환읍 우신리	4413325028
충청남도 천안서북구 성환읍 율금리	충청남도 천안시 서북구 성환읍 율금리	4413325024
충청남도 천안서북구 성환읍 학정리	충청남도 천안시 서북구 성환읍 학정리	4413325033
충청남도 천안서북구 신당동	충청남도 천안시 서북구 신당동	4413311000
충청남도 천안서북구 쌍용동	충청남도 천안시 서북구 쌍용동	4413310700
충청남도 천안서북구 업성동	충청남도 천안시 서북구 업성동	4413310900
충청남도 천안서북구 와촌동	충청남도 천안시 서북구 와촌동	4413310100
충청남도 천안서북구 입장면 가산리	충청남도 천안시 서북구 입장면 가산리	4413331036
충청남도 천안서북구 입장면 기로리	충청남도 천안시 서북구 입장면 기로리	4413331023
충청남도 천안서북구 입장면 도림리	충청남도 천안시 서북구 입장면 도림리	4413331024
충청남도 천안서북구 입장면 독정리	충청남도 천안시 서북구 입장면 독정리	4413331038
충청남도 천안서북구 입장면 산정리	충청남도 천안시 서북구 입장면 산정리	4413331034
충청남도 천안서북구 입장면 상장리	충청남도 천안시 서북구 입장면 상장리	4413331022
충청남도 천안서북구 입장면 시장리	충청남도 천안시 서북구 입장면 시장리	4413331028
충청남도 천안서북구 입장면 신덕리	충청남도 천안시 서북구 입장면 신덕리	4413331030
충청남도 천안서북구 입장면 신두리	충청남도 천안시 서북구 입장면 신두리	4413331031
충청남도 천안서북구 입장면 양대리	충청남도 천안시 서북구 입장면 양대리	4413331025
충청남도 천안서북구 입장면 연곡리	충청남도 천안시 서북구 입장면 연곡리	4413331035
충청남도 천안서북구 입장면 용정리	충청남도 천안시 서북구 입장면 용정리	4413331032
충청남도 천안서북구 입장면 유리	충청남도 천안시 서북구 입장면 유리	4413331037
충청남도 천안서북구 입장면 하장리	충청남도 천안시 서북구 입장면 하장리	4413331021
충청남도 천안서북구 입장면 호당리	충청남도 천안시 서북구 입장면 호당리	4413331027
충청남도 천안서북구 입장면 홍천리	충청남도 천안시 서북구 입장면 홍천리	4413331026
충청남도 천안서북구 입장면 효계리	충청남도 천안시 서북구 입장면 효계리	4413331029
충청남도 천안서북구 입장면 흑암리	충청남도 천안시 서북구 입장면 흑암리	4413331033
충청남도 천안서북구 직산읍 군동리	충청남도 천안시 서북구 직산읍 군동리	4413325621
충청남도 천안서북구 직산읍 군서리	충청남도 천안시 서북구 직산읍 군서리	4413325622
충청남도 천안서북구 직산읍 남산리	충청남도 천안시 서북구 직산읍 남산리	4413325623
충청남도 천안서북구 직산읍 마정리	충청남도 천안시 서북구 직산읍 마정리	4413325633
충청남도 천안서북구 직산읍 모시리	충청남도 천안시 서북구 직산읍 모시리	4413325629
충청남도 천안서북구 직산읍 부송리	충청남도 천안시 서북구 직산읍 부송리	4413325628
충청남도 천안서북구 직산읍 삼은리	충청남도 천안시 서북구 직산읍 삼은리	4413325626
충청남도 천안서북구 직산읍 상덕리	충청남도 천안시 서북구 직산읍 상덕리	4413325627
충청남도 천안서북구 직산읍 석곡리	충청남도 천안시 서북구 직산읍 석곡리	4413325634
충청남도 천안서북구 직산읍 수헐리	충청남도 천안시 서북구 직산읍 수헐리	4413325625
충청남도 천안서북구 직산읍 신갈리	충청남도 천안시 서북구 직산읍 신갈리	4413325632
충청남도 천안서북구 직산읍 양당리	충청남도 천안시 서북구 직산읍 양당리	4413325631
충청남도 천안서북구 직산읍 자은가리	충청남도 천안시 서북구 직산읍 자은가리	4413325630
충청남도 천안서북구 직산읍 판정리	충청남도 천안시 서북구 직산읍 판정리	4413325624
충청남도 천안서북구 차암동	충청남도 천안시 서북구 차암동	4413310600
충청남도 청양군 남양면 구룡리	충청남도 청양군 남양면 구룡리	4479037021
충청남도 청양군 남양면 금정리	충청남도 청양군 남양면 금정리	4479037031
충청남도 청양군 남양면 대봉리	충청남도 청양군 남양면 대봉리	4479037025
충청남도 청양군 남양면 매곡리	충청남도 청양군 남양면 매곡리	4479037027
충청남도 청양군 남양면 백금리	충청남도 청양군 남양면 백금리	4479037023
충청남도 청양군 남양면 봉암리	충청남도 청양군 남양면 봉암리	4479037032
충청남도 청양군 남양면 신왕리	충청남도 청양군 남양면 신왕리	4479037022
충청남도 청양군 남양면 온암리	충청남도 청양군 남양면 온암리	4479037028
충청남도 청양군 남양면 온직리	충청남도 청양군 남양면 온직리	4479037029
충청남도 청양군 남양면 용두리	충청남도 청양군 남양면 용두리	4479037030
충청남도 청양군 남양면 용마리	충청남도 청양군 남양면 용마리	4479037024
충청남도 청양군 남양면 흥산리	충청남도 청양군 남양면 흥산리	4479037026
충청남도 청양군 대치면 개곡리	충청남도 청양군 대치면 개곡리	4479032026
충청남도 청양군 대치면 광금리	충청남도 청양군 대치면 광금리	4479032023
충청남도 청양군 대치면 광대리	충청남도 청양군 대치면 광대리	4479032028
충청남도 청양군 대치면 구치리	충청남도 청양군 대치면 구치리	4479032024
충청남도 청양군 대치면 농소리	충청남도 청양군 대치면 농소리	4479032035
충청남도 청양군 대치면 대치리	충청남도 청양군 대치면 대치리	4479032029
충청남도 청양군 대치면 상갑리	충청남도 청양군 대치면 상갑리	4479032034
충청남도 청양군 대치면 수석리	충청남도 청양군 대치면 수석리	4479032036
충청남도 청양군 대치면 시전리	충청남도 청양군 대치면 시전리	4479032033
충청남도 청양군 대치면 오룡리	충청남도 청양군 대치면 오룡리	4479032030
충청남도 청양군 대치면 이화리	충청남도 청양군 대치면 이화리	4479032032
충청남도 청양군 대치면 작천리	충청남도 청양군 대치면 작천리	4479032027
충청남도 청양군 대치면 장곡리	충청남도 청양군 대치면 장곡리	4479032025
충청남도 청양군 대치면 주정리	충청남도 청양군 대치면 주정리	4479032021
충청남도 청양군 대치면 탄정리	충청남도 청양군 대치면 탄정리	4479032022
충청남도 청양군 대치면 형산리	충청남도 청양군 대치면 형산리	4479032031
충청남도 청양군 목면 대평리	충청남도 청양군 목면 대평리	4479034027
충청남도 청양군 목면 본의리	충청남도 청양군 목면 본의리	4479034026
충청남도 청양군 목면 송암리	충청남도 청양군 목면 송암리	4479034025
충청남도 청양군 목면 신흥리	충청남도 청양군 목면 신흥리	4479034023
충청남도 청양군 목면 안심리	충청남도 청양군 목면 안심리	4479034024
충청남도 청양군 목면 지곡리	충청남도 청양군 목면 지곡리	4479034021
충청남도 청양군 목면 화양리	충청남도 청양군 목면 화양리	4479034022
충청남도 청양군 비봉면 강정리	충청남도 청양군 비봉면 강정리	4479039027
충청남도 청양군 비봉면 관산리	충청남도 청양군 비봉면 관산리	4479039025
충청남도 청양군 비봉면 록평리	충청남도 청양군 비봉면 록평리	4479039021
충청남도 청양군 비봉면 방한리	충청남도 청양군 비봉면 방한리	4479039030
충청남도 청양군 비봉면 사점리	충청남도 청양군 비봉면 사점리	4479039024
충청남도 청양군 비봉면 신원리	충청남도 청양군 비봉면 신원리	4479039022
충청남도 청양군 비봉면 양사리	충청남도 청양군 비봉면 양사리	4479039028
충청남도 청양군 비봉면 용천리	충청남도 청양군 비봉면 용천리	4479039029
충청남도 청양군 비봉면 장재리	충청남도 청양군 비봉면 장재리	4479039026
충청남도 청양군 비봉면 중묵리	충청남도 청양군 비봉면 중묵리	4479039023
충청남도 청양군 운곡면 광암리	충청남도 청양군 운곡면 광암리	4479031028
충청남도 청양군 운곡면 모곡리	충청남도 청양군 운곡면 모곡리	4479031024
충청남도 청양군 운곡면 미량리	충청남도 청양군 운곡면 미량리	4479031027
충청남도 청양군 운곡면 신대리	충청남도 청양군 운곡면 신대리	4479031025
충청남도 청양군 운곡면 영양리	충청남도 청양군 운곡면 영양리	4479031026
충청남도 청양군 운곡면 위라리	충청남도 청양군 운곡면 위라리	4479031021
충청남도 청양군 운곡면 추광리	충청남도 청양군 운곡면 추광리	4479031029
충청남도 청양군 운곡면 효제리	충청남도 청양군 운곡면 효제리	4479031022
충청남도 청양군 운곡면 후덕리	충청남도 청양군 운곡면 후덕리	4479031023
충청남도 청양군 장평면 관현리	충청남도 청양군 장평면 관현리	4479036030
충청남도 청양군 장평면 구룡리	충청남도 청양군 장평면 구룡리	4479036029
충청남도 청양군 장평면 락지리	충청남도 청양군 장평면 락지리	4479036025
충청남도 청양군 장평면 미당리	충청남도 청양군 장평면 미당리	4479036023
충청남도 청양군 장평면 분향리	충청남도 청양군 장평면 분향리	4479036031
충청남도 청양군 장평면 은곡리	충청남도 청양군 장평면 은곡리	4479036022
충청남도 청양군 장평면 적곡리	충청남도 청양군 장평면 적곡리	4479036024
충청남도 청양군 장평면 죽림리	충청남도 청양군 장평면 죽림리	4479036027
충청남도 청양군 장평면 중추리	충청남도 청양군 장평면 중추리	4479036021
충청남도 청양군 장평면 지천리	충청남도 청양군 장평면 지천리	4479036026
충청남도 청양군 장평면 화산리	충청남도 청양군 장평면 화산리	4479036028
충청남도 청양군 정산면 광생리	충청남도 청양군 정산면 광생리	4479033036
충청남도 청양군 정산면 남천리	충청남도 청양군 정산면 남천리	4479033025
충청남도 청양군 정산면 내초리	충청남도 청양군 정산면 내초리	4479033031
충청남도 청양군 정산면 대박리	충청남도 청양군 정산면 대박리	4479033027
충청남도 청양군 정산면 덕성리	충청남도 청양군 정산면 덕성리	4479033035
충청남도 청양군 정산면 마치리	충청남도 청양군 정산면 마치리	4479033029
충청남도 청양군 정산면 백곡리	충청남도 청양군 정산면 백곡리	4479033023
충청남도 청양군 정산면 서정리	충청남도 청양군 정산면 서정리	4479033021
충청남도 청양군 정산면 송학리	충청남도 청양군 정산면 송학리	4479033026
충청남도 청양군 정산면 신덕리	충청남도 청양군 정산면 신덕리	4479033032
충청남도 청양군 정산면 역촌리	충청남도 청양군 정산면 역촌리	4479033022
충청남도 청양군 정산면 와촌리	충청남도 청양군 정산면 와촌리	4479033033
충청남도 청양군 정산면 용두리	충청남도 청양군 정산면 용두리	4479033028
충청남도 청양군 정산면 천장리	충청남도 청양군 정산면 천장리	4479033030
충청남도 청양군 정산면 학암리	충청남도 청양군 정산면 학암리	4479033034
충청남도 청양군 정산면 해남리	충청남도 청양군 정산면 해남리	4479033024
충청남도 청양군 청남면 내직리	충청남도 청양군 청남면 내직리	4479035023
충청남도 청양군 청남면 대흥리	충청남도 청양군 청남면 대흥리	4479035029
충청남도 청양군 청남면 동강리	충청남도 청양군 청남면 동강리	4479035025
충청남도 청양군 청남면 상장리	충청남도 청양군 청남면 상장리	4479035031
충청남도 청양군 청남면 아산리	충청남도 청양군 청남면 아산리	4479035030
충청남도 청양군 청남면 왕진리	충청남도 청양군 청남면 왕진리	4479035027
충청남도 청양군 청남면 인양리	충청남도 청양군 청남면 인양리	4479035028
충청남도 청양군 청남면 중산리	충청남도 청양군 청남면 중산리	4479035026
충청남도 청양군 청남면 지곡리	충청남도 청양군 청남면 지곡리	4479035022
충청남도 청양군 청남면 천내리	충청남도 청양군 청남면 천내리	4479035024
충청남도 청양군 청남면 청소리	충청남도 청양군 청남면 청소리	4479035021
충청남도 청양군 청양읍 교월리	충청남도 청양군 청양읍 교월리	4479025023
충청남도 청양군 청양읍 군량리	충청남도 청양군 청양읍 군량리	4479025027
충청남도 청양군 청양읍 백천리	충청남도 청양군 청양읍 백천리	4479025022
충청남도 청양군 청양읍 벽천리	충청남도 청양군 청양읍 벽천리	4479025024
충청남도 청양군 청양읍 송방리	충청남도 청양군 청양읍 송방리	4479025029
충청남도 청양군 청양읍 읍내리	충청남도 청양군 청양읍 읍내리	4479025021
충청남도 청양군 청양읍 장승리	충청남도 청양군 청양읍 장승리	4479025028
충청남도 청양군 청양읍 적누리	충청남도 청양군 청양읍 적누리	4479025025
충청남도 청양군 청양읍 정좌리	충청남도 청양군 청양읍 정좌리	4479025026
충청남도 청양군 청양읍 청수리	충청남도 청양군 청양읍 청수리	4479025030
충청남도 청양군 청양읍 학당리	충청남도 청양군 청양읍 학당리	4479025031
충청남도 청양군 화성면 광평리	충청남도 청양군 화성면 광평리	4479038030
충청남도 청양군 화성면 구재리	충청남도 청양군 화성면 구재리	4479038032
충청남도 청양군 화성면 기덕리	충청남도 청양군 화성면 기덕리	4479038026
충청남도 청양군 화성면 농암리	충청남도 청양군 화성면 농암리	4479038024
충청남도 청양군 화성면 매산리	충청남도 청양군 화성면 매산리	4479038031
충청남도 청양군 화성면 산정리	충청남도 청양군 화성면 산정리	4479038021
충청남도 청양군 화성면 수정리	충청남도 청양군 화성면 수정리	4479038027
충청남도 청양군 화성면 신정리	충청남도 청양군 화성면 신정리	4479038029
충청남도 청양군 화성면 용당리	충청남도 청양군 화성면 용당리	4479038028
충청남도 청양군 화성면 장계리	충청남도 청양군 화성면 장계리	4479038022
충청남도 청양군 화성면 화강리	충청남도 청양군 화성면 화강리	4479038023
충청남도 청양군 화성면 화암리	충청남도 청양군 화성면 화암리	4479038025
충청남도 태안군 고남면 고남리	충청남도 태안군 고남면 고남리	4482531023
충청남도 태안군 고남면 누동리	충청남도 태안군 고남면 누동리	4482531022
충청남도 태안군 고남면 장곡리	충청남도 태안군 고남면 장곡리	4482531021
충청남도 태안군 근흥면 가의도리	충청남도 태안군 근흥면 가의도리	4482533029
충청남도 태안군 근흥면 도황리	충청남도 태안군 근흥면 도황리	4482533026
충청남도 태안군 근흥면 두야리	충청남도 태안군 근흥면 두야리	4482533021
충청남도 태안군 근흥면 마금리	충청남도 태안군 근흥면 마금리	4482533023
충청남도 태안군 근흥면 수룡리	충청남도 태안군 근흥면 수룡리	4482533022
충청남도 태안군 근흥면 신진도리	충청남도 태안군 근흥면 신진도리	4482533028
충청남도 태안군 근흥면 안기리	충청남도 태안군 근흥면 안기리	4482533024
충청남도 태안군 근흥면 용신리	충청남도 태안군 근흥면 용신리	4482533025
충청남도 태안군 근흥면 정죽리	충청남도 태안군 근흥면 정죽리	4482533027
충청남도 태안군 남면 달산리	충청남도 태안군 남면 달산리	4482532024
충청남도 태안군 남면 당암리	충청남도 태안군 남면 당암리	4482532027
충청남도 태안군 남면 몽산리	충청남도 태안군 남면 몽산리	4482532022
충청남도 태안군 남면 신온리	충청남도 태안군 남면 신온리	4482532028
충청남도 태안군 남면 신장리	충청남도 태안군 남면 신장리	4482532023
충청남도 태안군 남면 양잠리	충청남도 태안군 남면 양잠리	4482532025
충청남도 태안군 남면 원청리	충청남도 태안군 남면 원청리	4482532026
충청남도 태안군 남면 진산리	충청남도 태안군 남면 진산리	4482532021
충청남도 태안군 소원면 모항리	충청남도 태안군 소원면 모항리	4482534027
충청남도 태안군 소원면 법산리	충청남도 태안군 소원면 법산리	4482534022
충청남도 태안군 소원면 소근리	충청남도 태안군 소원면 소근리	4482534025
충청남도 태안군 소원면 송현리	충청남도 태안군 소원면 송현리	4482534029
충청남도 태안군 소원면 시목리	충청남도 태안군 소원면 시목리	4482534021
충청남도 태안군 소원면 신덕리	충청남도 태안군 소원면 신덕리	4482534023
충청남도 태안군 소원면 영전리	충청남도 태안군 소원면 영전리	4482534024
충청남도 태안군 소원면 의항리	충청남도 태안군 소원면 의항리	4482534026
충청남도 태안군 소원면 파도리	충청남도 태안군 소원면 파도리	4482534028
충청남도 태안군 안면읍 승언리	충청남도 태안군 안면읍 승언리	4482525321
충청남도 태안군 안면읍 신야리	충청남도 태안군 안면읍 신야리	4482525325
충청남도 태안군 안면읍 정당리	충청남도 태안군 안면읍 정당리	4482525322
충청남도 태안군 안면읍 중장리	충청남도 태안군 안면읍 중장리	4482525324
충청남도 태안군 안면읍 창기리	충청남도 태안군 안면읍 창기리	4482525323
충청남도 태안군 안면읍 황도리	충청남도 태안군 안면읍 황도리	4482525326
충청남도 태안군 원북면 대기리	충청남도 태안군 원북면 대기리	4482535027
충청남도 태안군 원북면 동해리	충청남도 태안군 원북면 동해리	4482535026
충청남도 태안군 원북면 마산리	충청남도 태안군 원북면 마산리	4482535031
충청남도 태안군 원북면 반계리	충청남도 태안군 원북면 반계리	4482535021
충청남도 태안군 원북면 방갈리	충청남도 태안군 원북면 방갈리	4482535024
충청남도 태안군 원북면 신두리	충청남도 태안군 원북면 신두리	4482535025
충청남도 태안군 원북면 양산리	충청남도 태안군 원북면 양산리	4482535030
충청남도 태안군 원북면 이곡리	충청남도 태안군 원북면 이곡리	4482535022
충청남도 태안군 원북면 장대리	충청남도 태안군 원북면 장대리	4482535028
충청남도 태안군 원북면 청산리	충청남도 태안군 원북면 청산리	4482535029
충청남도 태안군 원북면 황촌리	충청남도 태안군 원북면 황촌리	4482535023
충청남도 태안군 이원면 관리	충청남도 태안군 이원면 관리	4482536022
충청남도 태안군 이원면 내리	충청남도 태안군 이원면 내리	4482536021
충청남도 태안군 이원면 당산리	충청남도 태안군 이원면 당산리	4482536023
충청남도 태안군 이원면 사창리	충청남도 태안군 이원면 사창리	4482536025
충청남도 태안군 이원면 포지리	충청남도 태안군 이원면 포지리	4482536024
충청남도 태안군 태안읍 남문리	충청남도 태안군 태안읍 남문리	4482525022
충청남도 태안군 태안읍 남산리	충청남도 태안군 태안읍 남산리	4482525024
충청남도 태안군 태안읍 도내리	충청남도 태안군 태안읍 도내리	4482525030
충청남도 태안군 태안읍 동문리	충청남도 태안군 태안읍 동문리	4482525021
충청남도 태안군 태안읍 반곡리	충청남도 태안군 태안읍 반곡리	4482525026
충청남도 태안군 태안읍 삭선리	충청남도 태안군 태안읍 삭선리	4482525033
충청남도 태안군 태안읍 산후리	충청남도 태안군 태안읍 산후리	4482525032
충청남도 태안군 태안읍 상옥리	충청남도 태안군 태안읍 상옥리	4482525028
충청남도 태안군 태안읍 송암리	충청남도 태안군 태안읍 송암리	4482525025
충청남도 태안군 태안읍 어은리	충청남도 태안군 태안읍 어은리	4482525031
충청남도 태안군 태안읍 인평리	충청남도 태안군 태안읍 인평리	4482525029
충청남도 태안군 태안읍 장산리	충청남도 태안군 태안읍 장산리	4482525023
충청남도 태안군 태안읍 평천리	충청남도 태안군 태안읍 평천리	4482525027
충청남도 홍성군 갈산면 가곡리	충청남도 홍성군 갈산면 가곡리	4480038024
충청남도 홍성군 갈산면 갈오리	충청남도 홍성군 갈산면 갈오리	4480038025
충청남도 홍성군 갈산면 기산리	충청남도 홍성군 갈산면 기산리	4480038031
충청남도 홍성군 갈산면 내갈리	충청남도 홍성군 갈산면 내갈리	4480038022
충청남도 홍성군 갈산면 대사리	충청남도 홍성군 갈산면 대사리	4480038036
충청남도 홍성군 갈산면 동산리	충청남도 홍성군 갈산면 동산리	4480038026
충청남도 홍성군 갈산면 동성리	충청남도 홍성군 갈산면 동성리	4480038032
충청남도 홍성군 갈산면 부기리	충청남도 홍성군 갈산면 부기리	4480038030
충청남도 홍성군 갈산면 상촌리	충청남도 홍성군 갈산면 상촌리	4480038021
충청남도 홍성군 갈산면 신안리	충청남도 홍성군 갈산면 신안리	4480038023
충청남도 홍성군 갈산면 쌍천리	충청남도 홍성군 갈산면 쌍천리	4480038027
충청남도 홍성군 갈산면 오두리	충청남도 홍성군 갈산면 오두리	4480038029
충청남도 홍성군 갈산면 와리	충청남도 홍성군 갈산면 와리	4480038035
충청남도 홍성군 갈산면 운곡리	충청남도 홍성군 갈산면 운곡리	4480038034
충청남도 홍성군 갈산면 취생리	충청남도 홍성군 갈산면 취생리	4480038033
충청남도 홍성군 갈산면 행산리	충청남도 홍성군 갈산면 행산리	4480038028
충청남도 홍성군 결성면 교항리	충청남도 홍성군 결성면 교항리	4480036027
충청남도 홍성군 결성면 금곡리	충청남도 홍성군 결성면 금곡리	4480036024
충청남도 홍성군 결성면 무량리	충청남도 홍성군 결성면 무량리	4480036026
충청남도 홍성군 결성면 성곡리	충청남도 홍성군 결성면 성곡리	4480036025
충청남도 홍성군 결성면 성남리	충청남도 홍성군 결성면 성남리	4480036023
충청남도 홍성군 결성면 성호리	충청남도 홍성군 결성면 성호리	4480036022
충청남도 홍성군 결성면 용호리	충청남도 홍성군 결성면 용호리	4480036028
충청남도 홍성군 결성면 읍내리	충청남도 홍성군 결성면 읍내리	4480036021
충청남도 홍성군 결성면 형산리	충청남도 홍성군 결성면 형산리	4480036029
충청남도 홍성군 광천읍 가정리	충청남도 홍성군 광천읍 가정리	4480025324
충청남도 홍성군 광천읍 광천리	충청남도 홍성군 광천읍 광천리	4480025322
충청남도 홍성군 광천읍 내죽리	충청남도 홍성군 광천읍 내죽리	4480025325
충청남도 홍성군 광천읍 담산리	충청남도 홍성군 광천읍 담산리	4480025323
충청남도 홍성군 광천읍 대평리	충청남도 홍성군 광천읍 대평리	4480025332
충청남도 홍성군 광천읍 매현리	충청남도 홍성군 광천읍 매현리	4480025327
충청남도 홍성군 광천읍 벽계리	충청남도 홍성군 광천읍 벽계리	4480025328
충청남도 홍성군 광천읍 상정리	충청남도 홍성군 광천읍 상정리	4480025329
충청남도 홍성군 광천읍 소암리	충청남도 홍성군 광천읍 소암리	4480025326
충청남도 홍성군 광천읍 신진리	충청남도 홍성군 광천읍 신진리	4480025321
충청남도 홍성군 광천읍 옹암리	충청남도 홍성군 광천읍 옹암리	4480025330
충청남도 홍성군 광천읍 운용리	충청남도 홍성군 광천읍 운용리	4480025331
충청남도 홍성군 광천읍 월림리	충청남도 홍성군 광천읍 월림리	4480025333
충청남도 홍성군 구항면 공리	충청남도 홍성군 구항면 공리	4480039023
충청남도 홍성군 구항면 남산리	충청남도 홍성군 구항면 남산리	4480039024
충청남도 홍성군 구항면 내현리	충청남도 홍성군 구항면 내현리	4480039027
충청남도 홍성군 구항면 대정리	충청남도 홍성군 구항면 대정리	4480039029
충청남도 홍성군 구항면 마온리	충청남도 홍성군 구항면 마온리	4480039032
충청남도 홍성군 구항면 신곡리	충청남도 홍성군 구항면 신곡리	4480039030
충청남도 홍성군 구항면 오봉리	충청남도 홍성군 구항면 오봉리	4480039022
충청남도 홍성군 구항면 장양리	충청남도 홍성군 구항면 장양리	4480039025
충청남도 홍성군 구항면 지정리	충청남도 홍성군 구항면 지정리	4480039028
충청남도 홍성군 구항면 청광리	충청남도 홍성군 구항면 청광리	4480039031
충청남도 홍성군 구항면 태봉리	충청남도 홍성군 구항면 태봉리	4480039026
충청남도 홍성군 구항면 황곡리	충청남도 홍성군 구항면 황곡리	4480039021
충청남도 홍성군 금마면 가산리	충청남도 홍성군 금마면 가산리	4480032024
충청남도 홍성군 금마면 덕정리	충청남도 홍성군 금마면 덕정리	4480032026
충청남도 홍성군 금마면 봉서리	충청남도 홍성군 금마면 봉서리	4480032022
충청남도 홍성군 금마면 부평리	충청남도 홍성군 금마면 부평리	4480032025
충청남도 홍성군 금마면 송강리	충청남도 홍성군 금마면 송강리	4480032033
충청남도 홍성군 금마면 송암리	충청남도 홍성군 금마면 송암리	4480032028
충청남도 홍성군 금마면 신곡리	충청남도 홍성군 금마면 신곡리	4480032030
충청남도 홍성군 금마면 용흥리	충청남도 홍성군 금마면 용흥리	4480032027
충청남도 홍성군 금마면 월암리	충청남도 홍성군 금마면 월암리	4480032021
충청남도 홍성군 금마면 인산리	충청남도 홍성군 금마면 인산리	4480032023
충청남도 홍성군 금마면 장성리	충청남도 홍성군 금마면 장성리	4480032029
충청남도 홍성군 금마면 죽림리	충청남도 홍성군 금마면 죽림리	4480032031
충청남도 홍성군 금마면 화양리	충청남도 홍성군 금마면 화양리	4480032032
충청남도 홍성군 서부면 거차리	충청남도 홍성군 서부면 거차리	4480037025
충청남도 홍성군 서부면 광리	충청남도 홍성군 서부면 광리	4480037022
충청남도 홍성군 서부면 궁리	충청남도 홍성군 서부면 궁리	4480037023
충청남도 홍성군 서부면 남당리	충청남도 홍성군 서부면 남당리	4480037027
충청남도 홍성군 서부면 상황리	충청남도 홍성군 서부면 상황리	4480037024
충청남도 홍성군 서부면 신리	충청남도 홍성군 서부면 신리	4480037028
충청남도 홍성군 서부면 양곡리	충청남도 홍성군 서부면 양곡리	4480037029
충청남도 홍성군 서부면 어사리	충청남도 홍성군 서부면 어사리	4480037026
충청남도 홍성군 서부면 이호리	충청남도 홍성군 서부면 이호리	4480037021
충청남도 홍성군 서부면 죽도리	충청남도 홍성군 서부면 죽도리	4480037032
충청남도 홍성군 서부면 중리	충청남도 홍성군 서부면 중리	4480037031
충청남도 홍성군 서부면 판교리	충청남도 홍성군 서부면 판교리	4480037030
충청남도 홍성군 은하면 금국리	충청남도 홍성군 은하면 금국리	4480035025
충청남도 홍성군 은하면 대율리	충청남도 홍성군 은하면 대율리	4480035024
충청남도 홍성군 은하면 대천리	충청남도 홍성군 은하면 대천리	4480035021
충청남도 홍성군 은하면 대판리	충청남도 홍성군 은하면 대판리	4480035028
충청남도 홍성군 은하면 덕실리	충청남도 홍성군 은하면 덕실리	4480035029
충청남도 홍성군 은하면 목현리	충청남도 홍성군 은하면 목현리	4480035027
충청남도 홍성군 은하면 유송리	충청남도 홍성군 은하면 유송리	4480035022
충청남도 홍성군 은하면 장곡리	충청남도 홍성군 은하면 장곡리	4480035023
충청남도 홍성군 은하면 장척리	충청남도 홍성군 은하면 장척리	4480035031
충청남도 홍성군 은하면 학산리	충청남도 홍성군 은하면 학산리	4480035026
충청남도 홍성군 은하면 화봉리	충청남도 홍성군 은하면 화봉리	4480035030
충청남도 홍성군 장곡면 가송리	충청남도 홍성군 장곡면 가송리	4480034027
충청남도 홍성군 장곡면 광성리	충청남도 홍성군 장곡면 광성리	4480034024
충청남도 홍성군 장곡면 대현리	충청남도 홍성군 장곡면 대현리	4480034035
충청남도 홍성군 장곡면 도산리	충청남도 홍성군 장곡면 도산리	4480034021
충청남도 홍성군 장곡면 산성리	충청남도 홍성군 장곡면 산성리	4480034033
충청남도 홍성군 장곡면 상송리	충청남도 홍성군 장곡면 상송리	4480034036
충청남도 홍성군 장곡면 신동리	충청남도 홍성군 장곡면 신동리	4480034028
충청남도 홍성군 장곡면 신풍리	충청남도 홍성군 장곡면 신풍리	4480034022
충청남도 홍성군 장곡면 오성리	충청남도 홍성군 장곡면 오성리	4480034025
충청남도 홍성군 장곡면 옥계리	충청남도 홍성군 장곡면 옥계리	4480034034
충청남도 홍성군 장곡면 월계리	충청남도 홍성군 장곡면 월계리	4480034030
충청남도 홍성군 장곡면 죽전리	충청남도 홍성군 장곡면 죽전리	4480034026
충청남도 홍성군 장곡면 지정리	충청남도 홍성군 장곡면 지정리	4480034029
충청남도 홍성군 장곡면 천태리	충청남도 홍성군 장곡면 천태리	4480034032
충청남도 홍성군 장곡면 행정리	충청남도 홍성군 장곡면 행정리	4480034031
충청남도 홍성군 장곡면 화계리	충청남도 홍성군 장곡면 화계리	4480034023
충청남도 홍성군 홍동면 구정리	충청남도 홍성군 홍동면 구정리	4480033028
충청남도 홍성군 홍동면 금당리	충청남도 홍성군 홍동면 금당리	4480033031
충청남도 홍성군 홍동면 금평리	충청남도 홍성군 홍동면 금평리	4480033027
충청남도 홍성군 홍동면 대영리	충청남도 홍성군 홍동면 대영리	4480033033
충청남도 홍성군 홍동면 문당리	충청남도 홍성군 홍동면 문당리	4480033026
충청남도 홍성군 홍동면 수란리	충청남도 홍성군 홍동면 수란리	4480033030
충청남도 홍성군 홍동면 신기리	충청남도 홍성군 홍동면 신기리	4480033029
충청남도 홍성군 홍동면 운월리	충청남도 홍성군 홍동면 운월리	4480033021
충청남도 홍성군 홍동면 원천리	충청남도 홍성군 홍동면 원천리	4480033023
충청남도 홍성군 홍동면 월현리	충청남도 홍성군 홍동면 월현리	4480033022
충청남도 홍성군 홍동면 팔괘리	충청남도 홍성군 홍동면 팔괘리	4480033034
충청남도 홍성군 홍동면 홍원리	충청남도 홍성군 홍동면 홍원리	4480033024
충청남도 홍성군 홍동면 화신리	충청남도 홍성군 홍동면 화신리	4480033025
충청남도 홍성군 홍동면 효학리	충청남도 홍성군 홍동면 효학리	4480033032
충청남도 홍성군 홍북읍 갈산리	충청남도 홍성군 홍북읍 갈산리	4480025629
충청남도 홍성군 홍북읍 내덕리	충청남도 홍성군 홍북읍 내덕리	4480025624
충청남도 홍성군 홍북읍 노은리	충청남도 홍성군 홍북읍 노은리	4480025632
충청남도 홍성군 홍북읍 대동리	충청남도 홍성군 홍북읍 대동리	4480025626
충청남도 홍성군 홍북읍 대인리	충청남도 홍성군 홍북읍 대인리	4480025633
충청남도 홍성군 홍북읍 봉신리	충청남도 홍성군 홍북읍 봉신리	4480025623
충청남도 홍성군 홍북읍 산수리	충청남도 홍성군 홍북읍 산수리	4480025631
충청남도 홍성군 홍북읍 상하리	충청남도 홍성군 홍북읍 상하리	4480025622
충청남도 홍성군 홍북읍 석택리	충청남도 홍성군 홍북읍 석택리	4480025627
충청남도 홍성군 홍북읍 신경리	충청남도 홍성군 홍북읍 신경리	4480025625
충청남도 홍성군 홍북읍 신정리	충청남도 홍성군 홍북읍 신정리	4480025630
충청남도 홍성군 홍북읍 용산리	충청남도 홍성군 홍북읍 용산리	4480025628
충청남도 홍성군 홍북읍 중계리	충청남도 홍성군 홍북읍 중계리	4480025621
충청남도 홍성군 홍성읍 고암리	충청남도 홍성군 홍성읍 고암리	4480025030
충청남도 홍성군 홍성읍 구룡리	충청남도 홍성군 홍성읍 구룡리	4480025032
충청남도 홍성군 홍성읍 남장리	충청남도 홍성군 홍성읍 남장리	4480025026
충청남도 홍성군 홍성읍 내법리	충청남도 홍성군 홍성읍 내법리	4480025031
충청남도 홍성군 홍성읍 대교리	충청남도 홍성군 홍성읍 대교리	4480025022
충청남도 홍성군 홍성읍 소향리	충청남도 홍성군 홍성읍 소향리	4480025023
충청남도 홍성군 홍성읍 송월리	충청남도 홍성군 홍성읍 송월리	4480025029
충청남도 홍성군 홍성읍 신성리	충청남도 홍성군 홍성읍 신성리	4480025028
충청남도 홍성군 홍성읍 오관리	충청남도 홍성군 홍성읍 오관리	4480025021
충청남도 홍성군 홍성읍 옥암리	충청남도 홍성군 홍성읍 옥암리	4480025025
충청남도 홍성군 홍성읍 월산리	충청남도 홍성군 홍성읍 월산리	4480025024
충청남도 홍성군 홍성읍 학계리	충청남도 홍성군 홍성읍 학계리	4480025027
충청북도 괴산군 감물면 광전리	충청북도 괴산군 감물면 광전리	4376031026
충청북도 괴산군 감물면 구월리	충청북도 괴산군 감물면 구월리	4376031024
충청북도 괴산군 감물면 매전리	충청북도 괴산군 감물면 매전리	4376031027
충청북도 괴산군 감물면 백양리	충청북도 괴산군 감물면 백양리	4376031025
충청북도 괴산군 감물면 오성리	충청북도 괴산군 감물면 오성리	4376031021
충청북도 괴산군 감물면 오창리	충청북도 괴산군 감물면 오창리	4376031022
충청북도 괴산군 감물면 이담리	충청북도 괴산군 감물면 이담리	4376031023
충청북도 괴산군 괴산읍 검승리	충청북도 괴산군 괴산읍 검승리	4376025031
충청북도 괴산군 괴산읍 능촌리	충청북도 괴산군 괴산읍 능촌리	4376025027
충청북도 괴산군 괴산읍 대덕리	충청북도 괴산군 괴산읍 대덕리	4376025029
충청북도 괴산군 괴산읍 대사리	충청북도 괴산군 괴산읍 대사리	4376025030
충청북도 괴산군 괴산읍 동부리	충청북도 괴산군 괴산읍 동부리	4376025021
충청북도 괴산군 괴산읍 사창리	충청북도 괴산군 괴산읍 사창리	4376025026
충청북도 괴산군 괴산읍 서부리	충청북도 괴산군 괴산읍 서부리	4376025022
충청북도 괴산군 괴산읍 신기리	충청북도 괴산군 괴산읍 신기리	4376025024
충청북도 괴산군 괴산읍 신항리	충청북도 괴산군 괴산읍 신항리	4376025025
충청북도 괴산군 괴산읍 정용리	충청북도 괴산군 괴산읍 정용리	4376025023
충청북도 괴산군 괴산읍 제월리	충청북도 괴산군 괴산읍 제월리	4376025028
충청북도 괴산군 문광면 광덕리	충청북도 괴산군 문광면 광덕리	4376035021
충청북도 괴산군 문광면 대명리	충청북도 괴산군 문광면 대명리	4376035023
충청북도 괴산군 문광면 문법리	충청북도 괴산군 문광면 문법리	4376035025
충청북도 괴산군 문광면 방성리	충청북도 괴산군 문광면 방성리	4376035028
충청북도 괴산군 문광면 송평리	충청북도 괴산군 문광면 송평리	4376035022
충청북도 괴산군 문광면 신기리	충청북도 괴산군 문광면 신기리	4376035026
충청북도 괴산군 문광면 양곡리	충청북도 괴산군 문광면 양곡리	4376035027
충청북도 괴산군 문광면 옥성리	충청북도 괴산군 문광면 옥성리	4376035030
충청북도 괴산군 문광면 유평리	충청북도 괴산군 문광면 유평리	4376035024
충청북도 괴산군 문광면 흑석리	충청북도 괴산군 문광면 흑석리	4376035029
충청북도 괴산군 불정면 목도리	충청북도 괴산군 불정면 목도리	4376041021
충청북도 괴산군 불정면 삼방리	충청북도 괴산군 불정면 삼방리	4376041026
충청북도 괴산군 불정면 세평리	충청북도 괴산군 불정면 세평리	4376041032
충청북도 괴산군 불정면 신흥리	충청북도 괴산군 불정면 신흥리	4376041030
충청북도 괴산군 불정면 앵천리	충청북도 괴산군 불정면 앵천리	4376041029
충청북도 괴산군 불정면 외령리	충청북도 괴산군 불정면 외령리	4376041025
충청북도 괴산군 불정면 웅동리	충청북도 괴산군 불정면 웅동리	4376041027
충청북도 괴산군 불정면 지장리	충청북도 괴산군 불정면 지장리	4376041031
충청북도 괴산군 불정면 창산리	충청북도 괴산군 불정면 창산리	4376041022
충청북도 괴산군 불정면 추산리	충청북도 괴산군 불정면 추산리	4376041024
충청북도 괴산군 불정면 탑촌리	충청북도 괴산군 불정면 탑촌리	4376041023
충청북도 괴산군 불정면 하문리	충청북도 괴산군 불정면 하문리	4376041028
충청북도 괴산군 사리면 노송리	충청북도 괴산군 사리면 노송리	4376039023
충청북도 괴산군 사리면 방축리	충청북도 괴산군 사리면 방축리	4376039025
충청북도 괴산군 사리면 사담리	충청북도 괴산군 사리면 사담리	4376039021
충청북도 괴산군 사리면 소매리	충청북도 괴산군 사리면 소매리	4376039022
충청북도 괴산군 사리면 수암리	충청북도 괴산군 사리면 수암리	4376039026
충청북도 괴산군 사리면 이곡리	충청북도 괴산군 사리면 이곡리	4376039027
충청북도 괴산군 사리면 중흥리	충청북도 괴산군 사리면 중흥리	4376039024
충청북도 괴산군 사리면 화산리	충청북도 괴산군 사리면 화산리	4376039028
충청북도 괴산군 소수면 고마리	충청북도 괴산군 소수면 고마리	4376040024
충청북도 괴산군 소수면 길선리	충청북도 괴산군 소수면 길선리	4376040028
충청북도 괴산군 소수면 몽촌리	충청북도 괴산군 소수면 몽촌리	4376040026
충청북도 괴산군 소수면 소암리	충청북도 괴산군 소수면 소암리	4376040025
충청북도 괴산군 소수면 수리	충청북도 괴산군 소수면 수리	4376040021
충청북도 괴산군 소수면 아성리	충청북도 괴산군 소수면 아성리	4376040023
충청북도 괴산군 소수면 옥현리	충청북도 괴산군 소수면 옥현리	4376040027
충청북도 괴산군 소수면 입암리	충청북도 괴산군 소수면 입암리	4376040022
충청북도 괴산군 연풍면 갈금리	충청북도 괴산군 연풍면 갈금리	4376033028
충청북도 괴산군 연풍면 분지리	충청북도 괴산군 연풍면 분지리	4376033024
충청북도 괴산군 연풍면 삼풍리	충청북도 괴산군 연풍면 삼풍리	4376033021
충청북도 괴산군 연풍면 원풍리	충청북도 괴산군 연풍면 원풍리	4376033025
충청북도 괴산군 연풍면 유상리	충청북도 괴산군 연풍면 유상리	4376033026
충청북도 괴산군 연풍면 유하리	충청북도 괴산군 연풍면 유하리	4376033027
충청북도 괴산군 연풍면 적석리	충청북도 괴산군 연풍면 적석리	4376033029
충청북도 괴산군 연풍면 주진리	충청북도 괴산군 연풍면 주진리	4376033023
충청북도 괴산군 연풍면 행촌리	충청북도 괴산군 연풍면 행촌리	4376033022
충청북도 괴산군 장연면 광진리	충청북도 괴산군 장연면 광진리	4376032024
충청북도 괴산군 장연면 방곡리	충청북도 괴산군 장연면 방곡리	4376032023
충청북도 괴산군 장연면 송덕리	충청북도 괴산군 장연면 송덕리	4376032028
충청북도 괴산군 장연면 오가리	충청북도 괴산군 장연면 오가리	4376032021
충청북도 괴산군 장연면 장암리	충청북도 괴산군 장연면 장암리	4376032026
충청북도 괴산군 장연면 조곡리	충청북도 괴산군 장연면 조곡리	4376032025
충청북도 괴산군 장연면 추점리	충청북도 괴산군 장연면 추점리	4376032022
충청북도 괴산군 청안면 금신리	충청북도 괴산군 청안면 금신리	4376037022
충청북도 괴산군 청안면 문당리	충청북도 괴산군 청안면 문당리	4376037027
충청북도 괴산군 청안면 문방리	충청북도 괴산군 청안면 문방리	4376037023
충청북도 괴산군 청안면 백봉리	충청북도 괴산군 청안면 백봉리	4376037029
충청북도 괴산군 청안면 부흥리	충청북도 괴산군 청안면 부흥리	4376037030
충청북도 괴산군 청안면 운곡리	충청북도 괴산군 청안면 운곡리	4376037028
충청북도 괴산군 청안면 읍내리	충청북도 괴산군 청안면 읍내리	4376037021
충청북도 괴산군 청안면 장암리	충청북도 괴산군 청안면 장암리	4376037031
충청북도 괴산군 청안면 조천리	충청북도 괴산군 청안면 조천리	4376037025
충청북도 괴산군 청안면 청용리	충청북도 괴산군 청안면 청용리	4376037026
충청북도 괴산군 청안면 효근리	충청북도 괴산군 청안면 효근리	4376037024
충청북도 괴산군 청천면 강평리	충청북도 괴산군 청천면 강평리	4376036024
충청북도 괴산군 청천면 거봉리	충청북도 괴산군 청천면 거봉리	4376036041
충청북도 괴산군 청천면 고성리	충청북도 괴산군 청천면 고성리	4376036030
충청북도 괴산군 청천면 관평리	충청북도 괴산군 청천면 관평리	4376036050
충청북도 괴산군 청천면 귀만리	충청북도 괴산군 청천면 귀만리	4376036025
충청북도 괴산군 청천면 금평리	충청북도 괴산군 청천면 금평리	4376036033
충청북도 괴산군 청천면 대전리	충청북도 괴산군 청천면 대전리	4376036038
충청북도 괴산군 청천면 대티리	충청북도 괴산군 청천면 대티리	4376036044
충청북도 괴산군 청천면 덕평리	충청북도 괴산군 청천면 덕평리	4376036040
충청북도 괴산군 청천면 도원리	충청북도 괴산군 청천면 도원리	4376036031
충청북도 괴산군 청천면 무릉리	충청북도 괴산군 청천면 무릉리	4376036032
충청북도 괴산군 청천면 부성리	충청북도 괴산군 청천면 부성리	4376036036
충청북도 괴산군 청천면 사기막리	충청북도 괴산군 청천면 사기막리	4376036049
충청북도 괴산군 청천면 사담리	충청북도 괴산군 청천면 사담리	4376036029
충청북도 괴산군 청천면 삼락리	충청북도 괴산군 청천면 삼락리	4376036035
충청북도 괴산군 청천면 삼송리	충청북도 괴산군 청천면 삼송리	4376036051
충청북도 괴산군 청천면 상신리	충청북도 괴산군 청천면 상신리	4376036028
충청북도 괴산군 청천면 선평리	충청북도 괴산군 청천면 선평리	4376036022
충청북도 괴산군 청천면 송면리	충청북도 괴산군 청천면 송면리	4376036047
충청북도 괴산군 청천면 신월리	충청북도 괴산군 청천면 신월리	4376036027
충청북도 괴산군 청천면 여사왕리	충청북도 괴산군 청천면 여사왕리	4376036037
충청북도 괴산군 청천면 운교리	충청북도 괴산군 청천면 운교리	4376036043
충청북도 괴산군 청천면 월문리	충청북도 괴산군 청천면 월문리	4376036034
충청북도 괴산군 청천면 이평리	충청북도 괴산군 청천면 이평리	4376036048
충청북도 괴산군 청천면 지경리	충청북도 괴산군 청천면 지경리	4376036039
충청북도 괴산군 청천면 지촌리	충청북도 괴산군 청천면 지촌리	4376036042
충청북도 괴산군 청천면 청천리	충청북도 괴산군 청천면 청천리	4376036021
충청북도 괴산군 청천면 평단리	충청북도 괴산군 청천면 평단리	4376036026
충청북도 괴산군 청천면 화양리	충청북도 괴산군 청천면 화양리	4376036045
충청북도 괴산군 청천면 후영리	충청북도 괴산군 청천면 후영리	4376036046
충청북도 괴산군 청천면 후평리	충청북도 괴산군 청천면 후평리	4376036023
충청북도 괴산군 칠성면 갈읍리	충청북도 괴산군 칠성면 갈읍리	4376034031
충청북도 괴산군 칠성면 도정리	충청북도 괴산군 칠성면 도정리	4376034021
충청북도 괴산군 칠성면 두천리	충청북도 괴산군 칠성면 두천리	4376034030
충청북도 괴산군 칠성면 비도리	충청북도 괴산군 칠성면 비도리	4376034023
충청북도 괴산군 칠성면 사은리	충청북도 괴산군 칠성면 사은리	4376034027
충청북도 괴산군 칠성면 사평리	충청북도 괴산군 칠성면 사평리	4376034022
충청북도 괴산군 칠성면 송동리	충청북도 괴산군 칠성면 송동리	4376034029
충청북도 괴산군 칠성면 쌍곡리	충청북도 괴산군 칠성면 쌍곡리	4376034024
충청북도 괴산군 칠성면 외사리	충청북도 괴산군 칠성면 외사리	4376034028
충청북도 괴산군 칠성면 율원리	충청북도 괴산군 칠성면 율원리	4376034026
충청북도 괴산군 칠성면 율지리	충청북도 괴산군 칠성면 율지리	4376034025
충청북도 괴산군 칠성면 태성리	충청북도 괴산군 칠성면 태성리	4376034032
충청북도 단양군 가곡면 가대리	충청북도 단양군 가곡면 가대리	4380032022
충청북도 단양군 가곡면 대대리	충청북도 단양군 가곡면 대대리	4380032025
충청북도 단양군 가곡면 덕천리	충청북도 단양군 가곡면 덕천리	4380032024
충청북도 단양군 가곡면 보발리	충청북도 단양군 가곡면 보발리	4380032027
충청북도 단양군 가곡면 사평리	충청북도 단양군 가곡면 사평리	4380032021
충청북도 단양군 가곡면 어의곡리	충청북도 단양군 가곡면 어의곡리	4380032026
충청북도 단양군 가곡면 여천리	충청북도 단양군 가곡면 여천리	4380032023
충청북도 단양군 가곡면 향산리	충청북도 단양군 가곡면 향산리	4380032028
충청북도 단양군 단성면 가산리	충청북도 단양군 단성면 가산리	4380036033
충청북도 단양군 단성면 고평리	충청북도 단양군 단성면 고평리	4380036029
충청북도 단양군 단성면 대잠리	충청북도 단양군 단성면 대잠리	4380036034
충청북도 단양군 단성면 두항리	충청북도 단양군 단성면 두항리	4380036028
충청북도 단양군 단성면 벌천리	충청북도 단양군 단성면 벌천리	4380036031
충청북도 단양군 단성면 북상리	충청북도 단양군 단성면 북상리	4380036021
충청북도 단양군 단성면 북하리	충청북도 단양군 단성면 북하리	4380036022
충청북도 단양군 단성면 상방리	충청북도 단양군 단성면 상방리	4380036023
충청북도 단양군 단성면 양당리	충청북도 단양군 단성면 양당리	4380036030
충청북도 단양군 단성면 외중방리	충청북도 단양군 단성면 외중방리	4380036026
충청북도 단양군 단성면 장회리	충청북도 단양군 단성면 장회리	4380036027
충청북도 단양군 단성면 중방리	충청북도 단양군 단성면 중방리	4380036024
충청북도 단양군 단성면 하방리	충청북도 단양군 단성면 하방리	4380036025
충청북도 단양군 단성면 회산리	충청북도 단양군 단성면 회산리	4380036032
충청북도 단양군 단양읍 고수리	충청북도 단양군 단양읍 고수리	4380025037
충청북도 단양군 단양읍 금곡리	충청북도 단양군 단양읍 금곡리	4380025035
충청북도 단양군 단양읍 기촌리	충청북도 단양군 단양읍 기촌리	4380025036
충청북도 단양군 단양읍 노동리	충청북도 단양군 단양읍 노동리	4380025031
충청북도 단양군 단양읍 덕상리	충청북도 단양군 단양읍 덕상리	4380025022
충청북도 단양군 단양읍 도담리	충청북도 단양군 단양읍 도담리	4380025028
충청북도 단양군 단양읍 도전리	충청북도 단양군 단양읍 도전리	4380025026
충청북도 단양군 단양읍 마조리	충청북도 단양군 단양읍 마조리	4380025032
충청북도 단양군 단양읍 별곡리	충청북도 단양군 단양읍 별곡리	4380025025
충청북도 단양군 단양읍 상진리	충청북도 단양군 단양읍 상진리	4380025027
충청북도 단양군 단양읍 수촌리	충청북도 단양군 단양읍 수촌리	4380025033
충청북도 단양군 단양읍 심곡리	충청북도 단양군 단양읍 심곡리	4380025023
충청북도 단양군 단양읍 장현리	충청북도 단양군 단양읍 장현리	4380025030
충청북도 단양군 단양읍 증도리	충청북도 단양군 단양읍 증도리	4380025024
충청북도 단양군 단양읍 천동리	충청북도 단양군 단양읍 천동리	4380025034
충청북도 단양군 단양읍 현천리	충청북도 단양군 단양읍 현천리	4380025021
충청북도 단양군 단양읍 후곡리	충청북도 단양군 단양읍 후곡리	4380025029
충청북도 단양군 대강면 괴평리	충청북도 단양군 대강면 괴평리	4380031034
충청북도 단양군 대강면 남조리	충청북도 단양군 대강면 남조리	4380031044
충청북도 단양군 대강면 남천리	충청북도 단양군 대강면 남천리	4380031043
충청북도 단양군 대강면 당동리	충청북도 단양군 대강면 당동리	4380031023
충청북도 단양군 대강면 덕촌리	충청북도 단양군 대강면 덕촌리	4380031040
충청북도 단양군 대강면 두음리	충청북도 단양군 대강면 두음리	4380031033
충청북도 단양군 대강면 무수천리	충청북도 단양군 대강면 무수천리	4380031045
충청북도 단양군 대강면 미노리	충청북도 단양군 대강면 미노리	4380031039
충청북도 단양군 대강면 방곡리	충청북도 단양군 대강면 방곡리	4380031048
충청북도 단양군 대강면 사동리	충청북도 단양군 대강면 사동리	4380031042
충청북도 단양군 대강면 사인암리	충청북도 단양군 대강면 사인암리	4380031035
충청북도 단양군 대강면 성금리	충청북도 단양군 대강면 성금리	4380031038
충청북도 단양군 대강면 신구리	충청북도 단양군 대강면 신구리	4380031046
충청북도 단양군 대강면 올산리	충청북도 단양군 대강면 올산리	4380031047
충청북도 단양군 대강면 용부원리	충청북도 단양군 대강면 용부원리	4380031024
충청북도 단양군 대강면 장림리	충청북도 단양군 대강면 장림리	4380031021
충청북도 단양군 대강면 장정리	충청북도 단양군 대강면 장정리	4380031041
충청북도 단양군 대강면 직티리	충청북도 단양군 대강면 직티리	4380031036
충청북도 단양군 대강면 황정리	충청북도 단양군 대강면 황정리	4380031037
충청북도 단양군 매포읍 가평리	충청북도 단양군 매포읍 가평리	4380025332
충청북도 단양군 매포읍 고양리	충청북도 단양군 매포읍 고양리	4380025334
충청북도 단양군 매포읍 김산리	충청북도 단양군 매포읍 김산리	4380025335
충청북도 단양군 매포읍 도곡리	충청북도 단양군 매포읍 도곡리	4380025328
충청북도 단양군 매포읍 매포리	충청북도 단양군 매포읍 매포리	4380025321
충청북도 단양군 매포읍 삼곡리	충청북도 단양군 매포읍 삼곡리	4380025333
충청북도 단양군 매포읍 상괴리	충청북도 단양군 매포읍 상괴리	4380025325
충청북도 단양군 매포읍 상시리	충청북도 단양군 매포읍 상시리	4380025330
충청북도 단양군 매포읍 안동리	충청북도 단양군 매포읍 안동리	4380025326
충청북도 단양군 매포읍 영천리	충청북도 단양군 매포읍 영천리	4380025331
충청북도 단양군 매포읍 우덕리	충청북도 단양군 매포읍 우덕리	4380025322
충청북도 단양군 매포읍 응실리	충청북도 단양군 매포읍 응실리	4380025336
충청북도 단양군 매포읍 평동리	충청북도 단양군 매포읍 평동리	4380025327
충청북도 단양군 매포읍 하괴리	충청북도 단양군 매포읍 하괴리	4380025324
충청북도 단양군 매포읍 하시리	충청북도 단양군 매포읍 하시리	4380025329
충청북도 단양군 어상천면 대전리	충청북도 단양군 어상천면 대전리	4380034024
충청북도 단양군 어상천면 덕문곡리	충청북도 단양군 어상천면 덕문곡리	4380034025
충청북도 단양군 어상천면 방북리	충청북도 단양군 어상천면 방북리	4380034026
충청북도 단양군 어상천면 석교리	충청북도 단양군 어상천면 석교리	4380034023
충청북도 단양군 어상천면 심곡리	충청북도 단양군 어상천면 심곡리	4380034027
충청북도 단양군 어상천면 연곡리	충청북도 단양군 어상천면 연곡리	4380034022
충청북도 단양군 어상천면 율곡리	충청북도 단양군 어상천면 율곡리	4380034028
충청북도 단양군 어상천면 임현리	충청북도 단양군 어상천면 임현리	4380034021
충청북도 단양군 영춘면 남천리	충청북도 단양군 영춘면 남천리	4380033023
충청북도 단양군 영춘면 동대리	충청북도 단양군 영춘면 동대리	4380033026
충청북도 단양군 영춘면 만종리	충청북도 단양군 영춘면 만종리	4380033032
충청북도 단양군 영춘면 백자리	충청북도 단양군 영춘면 백자리	4380033024
충청북도 단양군 영춘면 별방리	충청북도 단양군 영춘면 별방리	4380033031
충청북도 단양군 영춘면 사이곡리	충청북도 단양군 영춘면 사이곡리	4380033030
충청북도 단양군 영춘면 사지원리	충청북도 단양군 영춘면 사지원리	4380033034
충청북도 단양군 영춘면 상리	충청북도 단양군 영춘면 상리	4380033021
충청북도 단양군 영춘면 오사리	충청북도 단양군 영춘면 오사리	4380033028
충청북도 단양군 영춘면 용진리	충청북도 단양군 영춘면 용진리	4380033027
충청북도 단양군 영춘면 유암리	충청북도 단양군 영춘면 유암리	4380033029
충청북도 단양군 영춘면 의풍리	충청북도 단양군 영춘면 의풍리	4380033025
충청북도 단양군 영춘면 장발리	충청북도 단양군 영춘면 장발리	4380033033
충청북도 단양군 영춘면 하리	충청북도 단양군 영춘면 하리	4380033022
충청북도 단양군 적성면 각기리	충청북도 단양군 적성면 각기리	4380035028
충청북도 단양군 적성면 기동리	충청북도 단양군 적성면 기동리	4380035027
충청북도 단양군 적성면 대가리	충청북도 단양군 적성면 대가리	4380035030
충청북도 단양군 적성면 상리	충청북도 단양군 적성면 상리	4380035025
충청북도 단양군 적성면 상원곡리	충청북도 단양군 적성면 상원곡리	4380035033
충청북도 단양군 적성면 성곡리	충청북도 단양군 적성면 성곡리	4380035024
충청북도 단양군 적성면 소야리	충청북도 단양군 적성면 소야리	4380035029
충청북도 단양군 적성면 애곡리	충청북도 단양군 적성면 애곡리	4380035026
충청북도 단양군 적성면 파랑리	충청북도 단양군 적성면 파랑리	4380035031
충청북도 단양군 적성면 하리	충청북도 단양군 적성면 하리	4380035023
충청북도 단양군 적성면 하원곡리	충청북도 단양군 적성면 하원곡리	4380035032
충청북도 단양군 적성면 하진리	충청북도 단양군 적성면 하진리	4380035021
충청북도 단양군 적성면 현곡리	충청북도 단양군 적성면 현곡리	4380035022
충청북도 보은군 내북면 대안리	충청북도 보은군 내북면 대안리	4372039027
충청북도 보은군 내북면 도원리	충청북도 보은군 내북면 도원리	4372039025
충청북도 보은군 내북면 동산리	충청북도 보은군 내북면 동산리	4372039031
충청북도 보은군 내북면 두평리	충청북도 보은군 내북면 두평리	4372039038
충청북도 보은군 내북면 법주리	충청북도 보은군 내북면 법주리	4372039033
충청북도 보은군 내북면 봉황리	충청북도 보은군 내북면 봉황리	4372039023
충청북도 보은군 내북면 상궁리	충청북도 보은군 내북면 상궁리	4372039035
충청북도 보은군 내북면 서지리	충청북도 보은군 내북면 서지리	4372039039
충청북도 보은군 내북면 성암리	충청북도 보은군 내북면 성암리	4372039030
충청북도 보은군 내북면 성티리	충청북도 보은군 내북면 성티리	4372039022
충청북도 보은군 내북면 세촌리	충청북도 보은군 내북면 세촌리	4372039040
충청북도 보은군 내북면 신궁리	충청북도 보은군 내북면 신궁리	4372039036
충청북도 보은군 내북면 아곡리	충청북도 보은군 내북면 아곡리	4372039034
충청북도 보은군 내북면 염둔리	충청북도 보은군 내북면 염둔리	4372039026
충청북도 보은군 내북면 용수리	충청북도 보은군 내북면 용수리	4372039028
충청북도 보은군 내북면 이원리	충청북도 보은군 내북면 이원리	4372039021
충청북도 보은군 내북면 적음리	충청북도 보은군 내북면 적음리	4372039029
충청북도 보은군 내북면 창리	충청북도 보은군 내북면 창리	4372039024
충청북도 보은군 내북면 하궁리	충청북도 보은군 내북면 하궁리	4372039037
충청북도 보은군 내북면 화전리	충청북도 보은군 내북면 화전리	4372039032
충청북도 보은군 마로면 갈전리	충청북도 보은군 마로면 갈전리	4372033031
충청북도 보은군 마로면 갈평리	충청북도 보은군 마로면 갈평리	4372033034
충청북도 보은군 마로면 관기리	충청북도 보은군 마로면 관기리	4372033021
충청북도 보은군 마로면 기대리	충청북도 보은군 마로면 기대리	4372033029
충청북도 보은군 마로면 변둔리	충청북도 보은군 마로면 변둔리	4372033025
충청북도 보은군 마로면 세중리	충청북도 보은군 마로면 세중리	4372033024
충청북도 보은군 마로면 소여리	충청북도 보은군 마로면 소여리	4372033026
충청북도 보은군 마로면 송현리	충청북도 보은군 마로면 송현리	4372033028
충청북도 보은군 마로면 수문리	충청북도 보은군 마로면 수문리	4372033022
충청북도 보은군 마로면 오천리	충청북도 보은군 마로면 오천리	4372033023
충청북도 보은군 마로면 원정리	충청북도 보은군 마로면 원정리	4372033030
충청북도 보은군 마로면 임곡리	충청북도 보은군 마로면 임곡리	4372033033
충청북도 보은군 마로면 적암리	충청북도 보은군 마로면 적암리	4372033027
충청북도 보은군 마로면 한중리	충청북도 보은군 마로면 한중리	4372033032
충청북도 보은군 보은읍 강산리	충청북도 보은군 보은읍 강산리	4372025039
충청북도 보은군 보은읍 강신리	충청북도 보은군 보은읍 강신리	4372025035
충청북도 보은군 보은읍 교사리	충청북도 보은군 보은읍 교사리	4372025024
충청북도 보은군 보은읍 금굴리	충청북도 보은군 보은읍 금굴리	4372025027
충청북도 보은군 보은읍 길상리	충청북도 보은군 보은읍 길상리	4372025032
충청북도 보은군 보은읍 노티리	충청북도 보은군 보은읍 노티리	4372025045
충청북도 보은군 보은읍 누청리	충청북도 보은군 보은읍 누청리	4372025034
충청북도 보은군 보은읍 대야리	충청북도 보은군 보은읍 대야리	4372025033
충청북도 보은군 보은읍 봉평리	충청북도 보은군 보은읍 봉평리	4372025047
충청북도 보은군 보은읍 산성리	충청북도 보은군 보은읍 산성리	4372025043
충청북도 보은군 보은읍 삼산리	충청북도 보은군 보은읍 삼산리	4372025021
충청북도 보은군 보은읍 성족리	충청북도 보은군 보은읍 성족리	4372025036
충청북도 보은군 보은읍 성주리	충청북도 보은군 보은읍 성주리	4372025030
충청북도 보은군 보은읍 수정리	충청북도 보은군 보은읍 수정리	4372025025
충청북도 보은군 보은읍 신함리	충청북도 보은군 보은읍 신함리	4372025041
충청북도 보은군 보은읍 어암리	충청북도 보은군 보은읍 어암리	4372025029
충청북도 보은군 보은읍 용암리	충청북도 보은군 보은읍 용암리	4372025046
충청북도 보은군 보은읍 월송리	충청북도 보은군 보은읍 월송리	4372025028
충청북도 보은군 보은읍 이평리	충청북도 보은군 보은읍 이평리	4372025031
충청북도 보은군 보은읍 장속리	충청북도 보은군 보은읍 장속리	4372025048
충청북도 보은군 보은읍 장신리	충청북도 보은군 보은읍 장신리	4372025023
충청북도 보은군 보은읍 종곡리	충청북도 보은군 보은읍 종곡리	4372025037
충청북도 보은군 보은읍 죽전리	충청북도 보은군 보은읍 죽전리	4372025022
충청북도 보은군 보은읍 중동리	충청북도 보은군 보은읍 중동리	4372025040
충청북도 보은군 보은읍 중초리	충청북도 보은군 보은읍 중초리	4372025044
충청북도 보은군 보은읍 지산리	충청북도 보은군 보은읍 지산리	4372025026
충청북도 보은군 보은읍 풍취리	충청북도 보은군 보은읍 풍취리	4372025042
충청북도 보은군 보은읍 학림리	충청북도 보은군 보은읍 학림리	4372025038
충청북도 보은군 산외면 가고리	충청북도 보은군 산외면 가고리	4372040028
충청북도 보은군 산외면 구티리	충청북도 보은군 산외면 구티리	4372040021
충청북도 보은군 산외면 길탕리	충청북도 보은군 산외면 길탕리	4372040037
충청북도 보은군 산외면 대원리	충청북도 보은군 산외면 대원리	4372040025
충청북도 보은군 산외면 동화리	충청북도 보은군 산외면 동화리	4372040032
충청북도 보은군 산외면 문암리	충청북도 보은군 산외면 문암리	4372040023
충청북도 보은군 산외면 백석리	충청북도 보은군 산외면 백석리	4372040030
충청북도 보은군 산외면 봉계리	충청북도 보은군 산외면 봉계리	4372040022
충청북도 보은군 산외면 산대리	충청북도 보은군 산외면 산대리	4372040034
충청북도 보은군 산외면 신정리	충청북도 보은군 산외면 신정리	4372040031
충청북도 보은군 산외면 아시리	충청북도 보은군 산외면 아시리	4372040029
충청북도 보은군 산외면 어온리	충청북도 보은군 산외면 어온리	4372040035
충청북도 보은군 산외면 오대리	충청북도 보은군 산외면 오대리	4372040027
충청북도 보은군 산외면 원평리	충청북도 보은군 산외면 원평리	4372040033
충청북도 보은군 산외면 이식리	충청북도 보은군 산외면 이식리	4372040036
충청북도 보은군 산외면 장갑리	충청북도 보은군 산외면 장갑리	4372040024
충청북도 보은군 산외면 중티리	충청북도 보은군 산외면 중티리	4372040038
충청북도 보은군 산외면 탁주리	충청북도 보은군 산외면 탁주리	4372040026
충청북도 보은군 삼승면 내망리	충청북도 보은군 삼승면 내망리	4372035022
충청북도 보은군 삼승면 달산리	충청북도 보은군 삼승면 달산리	4372035024
충청북도 보은군 삼승면 둔덕리	충청북도 보은군 삼승면 둔덕리	4372035030
충청북도 보은군 삼승면 상가리	충청북도 보은군 삼승면 상가리	4372035028
충청북도 보은군 삼승면 서원리	충청북도 보은군 삼승면 서원리	4372035031
충청북도 보은군 삼승면 선곡리	충청북도 보은군 삼승면 선곡리	4372035026
충청북도 보은군 삼승면 송죽리	충청북도 보은군 삼승면 송죽리	4372035025
충청북도 보은군 삼승면 우진리	충청북도 보은군 삼승면 우진리	4372035029
충청북도 보은군 삼승면 원남리	충청북도 보은군 삼승면 원남리	4372035021
충청북도 보은군 삼승면 천남리	충청북도 보은군 삼승면 천남리	4372035027
충청북도 보은군 삼승면 탄금리	충청북도 보은군 삼승면 탄금리	4372035023
충청북도 보은군 속리산면 갈목리	충청북도 보은군 속리산면 갈목리	4372031522
충청북도 보은군 속리산면 구병리	충청북도 보은군 속리산면 구병리	4372031529
충청북도 보은군 속리산면 도화리	충청북도 보은군 속리산면 도화리	4372031530
충청북도 보은군 속리산면 만수리	충청북도 보은군 속리산면 만수리	4372031531
충청북도 보은군 속리산면 백현리	충청북도 보은군 속리산면 백현리	4372031526
충청북도 보은군 속리산면 북암리	충청북도 보은군 속리산면 북암리	4372031525
충청북도 보은군 속리산면 사내리	충청북도 보은군 속리산면 사내리	4372031527
충청북도 보은군 속리산면 삼가리	충청북도 보은군 속리산면 삼가리	4372031528
충청북도 보은군 속리산면 상판리	충청북도 보은군 속리산면 상판리	4372031521
충청북도 보은군 속리산면 중판리	충청북도 보은군 속리산면 중판리	4372031523
충청북도 보은군 속리산면 하판리	충청북도 보은군 속리산면 하판리	4372031524
충청북도 보은군 수한면 거현리	충청북도 보은군 수한면 거현리	4372036025
충청북도 보은군 수한면 광촌리	충청북도 보은군 수한면 광촌리	4372036032
충청북도 보은군 수한면 교암리	충청북도 보은군 수한면 교암리	4372036022
충청북도 보은군 수한면 노성리	충청북도 보은군 수한면 노성리	4372036037
충청북도 보은군 수한면 동정리	충청북도 보은군 수한면 동정리	4372036034
충청북도 보은군 수한면 묘서리	충청북도 보은군 수한면 묘서리	4372036031
충청북도 보은군 수한면 발산리	충청북도 보은군 수한면 발산리	4372036023
충청북도 보은군 수한면 병원리	충청북도 보은군 수한면 병원리	4372036021
충청북도 보은군 수한면 산척리	충청북도 보은군 수한면 산척리	4372036035
충청북도 보은군 수한면 성리	충청북도 보은군 수한면 성리	4372036030
충청북도 보은군 수한면 소계리	충청북도 보은군 수한면 소계리	4372036024
충청북도 보은군 수한면 오정리	충청북도 보은군 수한면 오정리	4372036027
충청북도 보은군 수한면 율산리	충청북도 보은군 수한면 율산리	4372036036
충청북도 보은군 수한면 장선리	충청북도 보은군 수한면 장선리	4372036033
충청북도 보은군 수한면 질신리	충청북도 보은군 수한면 질신리	4372036026
충청북도 보은군 수한면 차정리	충청북도 보은군 수한면 차정리	4372036028
충청북도 보은군 수한면 후평리	충청북도 보은군 수한면 후평리	4372036029
충청북도 보은군 장안면 개안리	충청북도 보은군 장안면 개안리	4372032523
충청북도 보은군 장안면 구인리	충청북도 보은군 장안면 구인리	4372032529
충청북도 보은군 장안면 봉비리	충청북도 보은군 장안면 봉비리	4372032525
충청북도 보은군 장안면 불목리	충청북도 보은군 장안면 불목리	4372032526
충청북도 보은군 장안면 서원리	충청북도 보은군 장안면 서원리	4372032522
충청북도 보은군 장안면 오창리	충청북도 보은군 장안면 오창리	4372032527
충청북도 보은군 장안면 장내리	충청북도 보은군 장안면 장안리	4372032530
충청북도 보은군 장안면 장안리	충청북도 보은군 장안면 장안리	4372032530
충청북도 보은군 장안면 장재리	충청북도 보은군 장안면 장재리	4372032528
충청북도 보은군 장안면 황곡리	충청북도 보은군 장안면 황곡리	4372032524
충청북도 보은군 탄부면 고승리	충청북도 보은군 탄부면 고승리	4372034026
충청북도 보은군 탄부면 구암리	충청북도 보은군 탄부면 구암리	4372034022
충청북도 보은군 탄부면 대양리	충청북도 보은군 탄부면 대양리	4372034028
충청북도 보은군 탄부면 덕동리	충청북도 보은군 탄부면 덕동리	4372034024
충청북도 보은군 탄부면 매화리	충청북도 보은군 탄부면 매화리	4372034025
충청북도 보은군 탄부면 벽지리	충청북도 보은군 탄부면 벽지리	4372034029
충청북도 보은군 탄부면 사직리	충청북도 보은군 탄부면 사직리	4372034031
충청북도 보은군 탄부면 상장리	충청북도 보은군 탄부면 상장리	4372034027
충청북도 보은군 탄부면 성지리	충청북도 보은군 탄부면 성지리	4372034023
충청북도 보은군 탄부면 임한리	충청북도 보은군 탄부면 임한리	4372034033
충청북도 보은군 탄부면 장암리	충청북도 보은군 탄부면 장암리	4372034030
충청북도 보은군 탄부면 평각리	충청북도 보은군 탄부면 평각리	4372034032
충청북도 보은군 탄부면 하장리	충청북도 보은군 탄부면 하장리	4372034021
충청북도 보은군 회남면 거교리	충청북도 보은군 회남면 거교리	4372037029
충청북도 보은군 회남면 광포리	충청북도 보은군 회남면 광포리	4372037040
충청북도 보은군 회남면 금곡리	충청북도 보은군 회남면 금곡리	4372037022
충청북도 보은군 회남면 남대문리	충청북도 보은군 회남면 남대문리	4372037039
충청북도 보은군 회남면 매산리	충청북도 보은군 회남면 매산리	4372037034
충청북도 보은군 회남면 법수리	충청북도 보은군 회남면 법수리	4372037027
충청북도 보은군 회남면 분저리	충청북도 보은군 회남면 분저리	4372037031
충청북도 보은군 회남면 사음리	충청북도 보은군 회남면 사음리	4372037037
충청북도 보은군 회남면 사탄리	충청북도 보은군 회남면 사탄리	4372037038
충청북도 보은군 회남면 산수리	충청북도 보은군 회남면 산수리	4372037033
충청북도 보은군 회남면 서탄리	충청북도 보은군 회남면 서탄리	4372037032
충청북도 보은군 회남면 신곡리	충청북도 보은군 회남면 신곡리	4372037021
충청북도 보은군 회남면 신추리	충청북도 보은군 회남면 신추리	4372037028
충청북도 보은군 회남면 어성리	충청북도 보은군 회남면 어성리	4372037035
충청북도 보은군 회남면 용호리	충청북도 보은군 회남면 용호리	4372037024
충청북도 보은군 회남면 은운리	충청북도 보은군 회남면 은운리	4372037025
충청북도 보은군 회남면 조곡리	충청북도 보은군 회남면 조곡리	4372037023
충청북도 보은군 회인면 갈티리	충청북도 보은군 회인면 갈티리	4372038525
충청북도 보은군 회인면 건천리	충청북도 보은군 회인면 건천리	4372038526
충청북도 보은군 회인면 고석리	충청북도 보은군 회인면 고석리	4372038530
충청북도 보은군 회인면 눌곡리	충청북도 보은군 회인면 눌곡리	4372038532
충청북도 보은군 회인면 부수리	충청북도 보은군 회인면 부수리	4372038527
충청북도 보은군 회인면 송평리	충청북도 보은군 회인면 송평리	4372038528
충청북도 보은군 회인면 신대리	충청북도 보은군 회인면 신대리	4372038534
충청북도 보은군 회인면 신문리	충청북도 보은군 회인면 신문리	4372038523
충청북도 보은군 회인면 쌍암리	충청북도 보은군 회인면 쌍암리	4372038524
충청북도 보은군 회인면 애곡리	충청북도 보은군 회인면 애곡리	4372038531
충청북도 보은군 회인면 오동리	충청북도 보은군 회인면 오동리	4372038529
충청북도 보은군 회인면 용곡리	충청북도 보은군 회인면 용곡리	4372038535
충청북도 보은군 회인면 용촌리	충청북도 보은군 회인면 용촌리	4372038522
충청북도 보은군 회인면 죽암리	충청북도 보은군 회인면 죽암리	4372038533
충청북도 보은군 회인면 중앙리	충청북도 보은군 회인면 중앙리	4372038521
충청북도 영동군 매곡면 강진리	충청북도 영동군 매곡면 강진리	4374034026
충청북도 영동군 매곡면 공수리	충청북도 영동군 매곡면 공수리	4374034029
충청북도 영동군 매곡면 노천리	충청북도 영동군 매곡면 노천리	4374034021
충청북도 영동군 매곡면 수원리	충청북도 영동군 매곡면 수원리	4374034027
충청북도 영동군 매곡면 어촌리	충청북도 영동군 매곡면 어촌리	4374034028
충청북도 영동군 매곡면 옥전리	충청북도 영동군 매곡면 옥전리	4374034024
충청북도 영동군 매곡면 유전리	충청북도 영동군 매곡면 유전리	4374034025
충청북도 영동군 매곡면 장척리	충청북도 영동군 매곡면 장척리	4374034023
충청북도 영동군 상촌면 고자리	충청북도 영동군 상촌면 고자리	4374035025
충청북도 영동군 상촌면 궁촌리	충청북도 영동군 상촌면 궁촌리	4374035030
충청북도 영동군 상촌면 대해리	충청북도 영동군 상촌면 대해리	4374035028
충청북도 영동군 상촌면 돈대리	충청북도 영동군 상촌면 돈대리	4374035022
충청북도 영동군 상촌면 둔전리	충청북도 영동군 상촌면 둔전리	4374035026
충청북도 영동군 상촌면 물한리	충청북도 영동군 상촌면 물한리	4374035027
충청북도 영동군 상촌면 상도대리	충청북도 영동군 상촌면 상도대리	4374035024
충청북도 영동군 상촌면 유곡리	충청북도 영동군 상촌면 유곡리	4374035031
충청북도 영동군 상촌면 임산리	충청북도 영동군 상촌면 임산리	4374035021
충청북도 영동군 상촌면 하도대리	충청북도 영동군 상촌면 하도대리	4374035023
충청북도 영동군 상촌면 흥덕리	충청북도 영동군 상촌면 흥덕리	4374035029
충청북도 영동군 심천면 각계리	충청북도 영동군 심천면 각계리	4374040032
충청북도 영동군 심천면 고당리	충청북도 영동군 심천면 고당리	4374040026
충청북도 영동군 심천면 구탄리	충청북도 영동군 심천면 구탄리	4374040024
충청북도 영동군 심천면 금정리	충청북도 영동군 심천면 금정리	4374040030
충청북도 영동군 심천면 기호리	충청북도 영동군 심천면 기호리	4374040028
충청북도 영동군 심천면 길현리	충청북도 영동군 심천면 길현리	4374040023
충청북도 영동군 심천면 단전리	충청북도 영동군 심천면 단전리	4374040022
충청북도 영동군 심천면 마곡리	충청북도 영동군 심천면 마곡리	4374040027
충청북도 영동군 심천면 명천리	충청북도 영동군 심천면 명천리	4374040029
충청북도 영동군 심천면 심천리	충청북도 영동군 심천면 심천리	4374040021
충청북도 영동군 심천면 약목리	충청북도 영동군 심천면 약목리	4374040031
충청북도 영동군 심천면 용당리	충청북도 영동군 심천면 용당리	4374040034
충청북도 영동군 심천면 장동리	충청북도 영동군 심천면 장동리	4374040025
충청북도 영동군 심천면 초강리	충청북도 영동군 심천면 초강리	4374040033
충청북도 영동군 양강면 가동리	충청북도 영동군 양강면 가동리	4374036022
충청북도 영동군 양강면 괴목리	충청북도 영동군 양강면 괴목리	4374036021
충청북도 영동군 양강면 구강리	충청북도 영동군 양강면 구강리	4374036032
충청북도 영동군 양강면 남전리	충청북도 영동군 양강면 남전리	4374036025
충청북도 영동군 양강면 두평리	충청북도 영동군 양강면 두평리	4374036031
충청북도 영동군 양강면 만계리	충청북도 영동군 양강면 만계리	4374036029
충청북도 영동군 양강면 묘동리	충청북도 영동군 양강면 묘동리	4374036034
충청북도 영동군 양강면 묵정리	충청북도 영동군 양강면 묵정리	4374036030
충청북도 영동군 양강면 산막리	충청북도 영동군 양강면 산막리	4374036026
충청북도 영동군 양강면 쌍암리	충청북도 영동군 양강면 쌍암리	4374036033
충청북도 영동군 양강면 양정리	충청북도 영동군 양강면 양정리	4374036023
충청북도 영동군 양강면 유점리	충청북도 영동군 양강면 유점리	4374036028
충청북도 영동군 양강면 죽촌리	충청북도 영동군 양강면 죽촌리	4374036024
충청북도 영동군 양강면 지촌리	충청북도 영동군 양강면 지촌리	4374036027
충청북도 영동군 양산면 가곡리	충청북도 영동군 양산면 가곡리	4374039021
충청북도 영동군 양산면 가선리	충청북도 영동군 양산면 가선리	4374039029
충청북도 영동군 양산면 누교리	충청북도 영동군 양산면 누교리	4374039028
충청북도 영동군 양산면 봉곡리	충청북도 영동군 양산면 봉곡리	4374039023
충청북도 영동군 양산면 송호리	충청북도 영동군 양산면 송호리	4374039025
충청북도 영동군 양산면 수두리	충청북도 영동군 양산면 수두리	4374039026
충청북도 영동군 양산면 원당리	충청북도 영동군 양산면 원당리	4374039022
충청북도 영동군 양산면 죽산리	충청북도 영동군 양산면 죽산리	4374039024
충청북도 영동군 양산면 호탄리	충청북도 영동군 양산면 호탄리	4374039027
충청북도 영동군 영동읍 가리	충청북도 영동군 영동읍 가리	4374025035
충청북도 영동군 영동읍 계산리	충청북도 영동군 영동읍 계산리	4374025021
충청북도 영동군 영동읍 당곡리	충청북도 영동군 영동읍 당곡리	4374025025
충청북도 영동군 영동읍 동정리	충청북도 영동군 영동읍 동정리	4374025022
충청북도 영동군 영동읍 매천리	충청북도 영동군 영동읍 매천리	4374025027
충청북도 영동군 영동읍 봉현리	충청북도 영동군 영동읍 봉현리	4374025033
충청북도 영동군 영동읍 부용리	충청북도 영동군 영동읍 부용리	4374025028
충청북도 영동군 영동읍 산이리	충청북도 영동군 영동읍 산이리	4374025030
충청북도 영동군 영동읍 산익리	충청북도 영동군 영동읍 산익리	4374025026
충청북도 영동군 영동읍 설계리	충청북도 영동군 영동읍 설계리	4374025031
충청북도 영동군 영동읍 심원리	충청북도 영동군 영동읍 심원리	4374025032
충청북도 영동군 영동읍 오탄리	충청북도 영동군 영동읍 오탄리	4374025029
충청북도 영동군 영동읍 임계리	충청북도 영동군 영동읍 임계리	4374025036
충청북도 영동군 영동읍 주곡리	충청북도 영동군 영동읍 주곡리	4374025034
충청북도 영동군 영동읍 화신리	충청북도 영동군 영동읍 화신리	4374025024
충청북도 영동군 영동읍 회동리	충청북도 영동군 영동읍 회동리	4374025023
충청북도 영동군 용산면 가곡리	충청북도 영동군 용산면 가곡리	4374031029
충청북도 영동군 용산면 구촌리	충청북도 영동군 용산면 구촌리	4374031021
충청북도 영동군 용산면 금곡리	충청북도 영동군 용산면 금곡리	4374031030
충청북도 영동군 용산면 매금리	충청북도 영동군 용산면 매금리	4374031036
충청북도 영동군 용산면 미전리	충청북도 영동군 용산면 미전리	4374031034
충청북도 영동군 용산면 백자전리	충청북도 영동군 용산면 백자전리	4374031038
충청북도 영동군 용산면 법화리	충청북도 영동군 용산면 법화리	4374031033
충청북도 영동군 용산면 부릉리	충청북도 영동군 용산면 부릉리	4374031025
충청북도 영동군 용산면 부상리	충청북도 영동군 용산면 부상리	4374031028
충청북도 영동군 용산면 산저리	충청북도 영동군 용산면 산저리	4374031022
충청북도 영동군 용산면 상용리	충청북도 영동군 용산면 상용리	4374031037
충청북도 영동군 용산면 시금리	충청북도 영동군 용산면 시금리	4374031027
충청북도 영동군 용산면 신항리	충청북도 영동군 용산면 신항리	4374031024
충청북도 영동군 용산면 용산리	충청북도 영동군 용산면 용산리	4374031039
충청북도 영동군 용산면 율리	충청북도 영동군 용산면 율리	4374031023
충청북도 영동군 용산면 천작리	충청북도 영동군 용산면 천작리	4374031031
충청북도 영동군 용산면 청화리	충청북도 영동군 용산면 청화리	4374031035
충청북도 영동군 용산면 한곡리	충청북도 영동군 용산면 한곡리	4374031032
충청북도 영동군 용산면 한석리	충청북도 영동군 용산면 한석리	4374031026
충청북도 영동군 용화면 안정리	충청북도 영동군 용화면 안정리	4374037023
충청북도 영동군 용화면 여의리	충청북도 영동군 용화면 여의리	4374037026
충청북도 영동군 용화면 용강리	충청북도 영동군 용화면 용강리	4374037025
충청북도 영동군 용화면 용화리	충청북도 영동군 용화면 용화리	4374037021
충청북도 영동군 용화면 월전리	충청북도 영동군 용화면 월전리	4374037024
충청북도 영동군 용화면 자계리	충청북도 영동군 용화면 자계리	4374037027
충청북도 영동군 용화면 조동리	충청북도 영동군 용화면 조동리	4374037022
충청북도 영동군 추풍령면 계룡리	충청북도 영동군 추풍령면 계룡리	4374033523
충청북도 영동군 추풍령면 관리	충청북도 영동군 추풍령면 관리	4374033521
충청북도 영동군 추풍령면 사부리	충청북도 영동군 추풍령면 사부리	4374033522
충청북도 영동군 추풍령면 신안리	충청북도 영동군 추풍령면 신안리	4374033527
충청북도 영동군 추풍령면 웅북리	충청북도 영동군 추풍령면 웅북리	4374033528
충청북도 영동군 추풍령면 작점리	충청북도 영동군 추풍령면 작점리	4374033526
충청북도 영동군 추풍령면 죽전리	충청북도 영동군 추풍령면 죽전리	4374033525
충청북도 영동군 추풍령면 지봉리	충청북도 영동군 추풍령면 지봉리	4374033529
충청북도 영동군 추풍령면 추풍령리	충청북도 영동군 추풍령면 추풍령리	4374033524
충청북도 영동군 학산면 도덕리	충청북도 영동군 학산면 도덕리	4374038030
충청북도 영동군 학산면 박계리	충청북도 영동군 학산면 박계리	4374038027
충청북도 영동군 학산면 범화리	충청북도 영동군 학산면 범화리	4374038029
충청북도 영동군 학산면 봉림리	충청북도 영동군 학산면 봉림리	4374038028
충청북도 영동군 학산면 봉소리	충청북도 영동군 학산면 봉소리	4374038024
충청북도 영동군 학산면 서산리	충청북도 영동군 학산면 서산리	4374038021
충청북도 영동군 학산면 아암리	충청북도 영동군 학산면 아암리	4374038023
충청북도 영동군 학산면 지내리	충청북도 영동군 학산면 지내리	4374038026
충청북도 영동군 학산면 학산리	충청북도 영동군 학산면 학산리	4374038022
충청북도 영동군 학산면 황산리	충청북도 영동군 학산면 황산리	4374038025
충청북도 영동군 황간면 광평리	충청북도 영동군 황간면 광평리	4374032034
충청북도 영동군 황간면 금계리	충청북도 영동군 황간면 금계리	4374032029
충청북도 영동군 황간면 난곡리	충청북도 영동군 황간면 난곡리	4374032025
충청북도 영동군 황간면 남성리	충청북도 영동군 황간면 남성리	4374032021
충청북도 영동군 황간면 노근리	충청북도 영동군 황간면 노근리	4374032032
충청북도 영동군 황간면 마산리	충청북도 영동군 황간면 마산리	4374032023
충청북도 영동군 황간면 서송원리	충청북도 영동군 황간면 서송원리	4374032033
충청북도 영동군 황간면 소계리	충청북도 영동군 황간면 소계리	4374032024
충청북도 영동군 황간면 신흥리	충청북도 영동군 황간면 신흥리	4374032022
충청북도 영동군 황간면 용암리	충청북도 영동군 황간면 용암리	4374032028
충청북도 영동군 황간면 우매리	충청북도 영동군 황간면 우매리	4374032026
충청북도 영동군 황간면 우천리	충청북도 영동군 황간면 우천리	4374032031
충청북도 영동군 황간면 원촌리	충청북도 영동군 황간면 원촌리	4374032027
충청북도 영동군 황간면 회포리	충청북도 영동군 황간면 회포리	4374032030
충청북도 옥천군 군북면 국원리	충청북도 옥천군 군북면 국원리	4373038035
충청북도 옥천군 군북면 대정리	충청북도 옥천군 군북면 대정리	4373038025
충청북도 옥천군 군북면 막지리	충청북도 옥천군 군북면 막지리	4373038034
충청북도 옥천군 군북면 석호리	충청북도 옥천군 군북면 석호리	4373038032
충청북도 옥천군 군북면 소정리	충청북도 옥천군 군북면 소정리	4373038031
충청북도 옥천군 군북면 용호리	충청북도 옥천군 군북면 용호리	4373038033
충청북도 옥천군 군북면 이백리	충청북도 옥천군 군북면 이백리	4373038021
충청북도 옥천군 군북면 이평리	충청북도 옥천군 군북면 이평리	4373038029
충청북도 옥천군 군북면 자모리	충청북도 옥천군 군북면 자모리	4373038022
충청북도 옥천군 군북면 증약리	충청북도 옥천군 군북면 증약리	4373038023
충청북도 옥천군 군북면 지오리	충청북도 옥천군 군북면 지오리	4373038027
충청북도 옥천군 군북면 추소리	충청북도 옥천군 군북면 추소리	4373038028
충청북도 옥천군 군북면 항곡리	충청북도 옥천군 군북면 항곡리	4373038024
충청북도 옥천군 군북면 환평리	충청북도 옥천군 군북면 환평리	4373038026
충청북도 옥천군 군서면 금산리	충청북도 옥천군 군서면 금산리	4373037022
충청북도 옥천군 군서면 동평리	충청북도 옥천군 군서면 동평리	4373037021
충청북도 옥천군 군서면 사양리	충청북도 옥천군 군서면 사양리	4373037026
충청북도 옥천군 군서면 사정리	충청북도 옥천군 군서면 사정리	4373037023
충청북도 옥천군 군서면 상중리	충청북도 옥천군 군서면 상중리	4373037027
충청북도 옥천군 군서면 상지리	충청북도 옥천군 군서면 상지리	4373037024
충청북도 옥천군 군서면 오동리	충청북도 옥천군 군서면 오동리	4373037029
충청북도 옥천군 군서면 월전리	충청북도 옥천군 군서면 월전리	4373037030
충청북도 옥천군 군서면 은행리	충청북도 옥천군 군서면 은행리	4373037025
충청북도 옥천군 군서면 하동리	충청북도 옥천군 군서면 하동리	4373037028
충청북도 옥천군 동이면 금암리	충청북도 옥천군 동이면 금암리	4373031024
충청북도 옥천군 동이면 남곡리	충청북도 옥천군 동이면 남곡리	4373031029
충청북도 옥천군 동이면 석탄리	충청북도 옥천군 동이면 석탄리	4373031028
충청북도 옥천군 동이면 세산리	충청북도 옥천군 동이면 세산리	4373031022
충청북도 옥천군 동이면 우산리	충청북도 옥천군 동이면 우산리	4373031030
충청북도 옥천군 동이면 적하리	충청북도 옥천군 동이면 적하리	4373031023
충청북도 옥천군 동이면 조령리	충청북도 옥천군 동이면 조령리	4373031025
충청북도 옥천군 동이면 지양리	충청북도 옥천군 동이면 지양리	4373031027
충청북도 옥천군 동이면 청마리	충청북도 옥천군 동이면 청마리	4373031026
충청북도 옥천군 동이면 평산리	충청북도 옥천군 동이면 평산리	4373031021
충청북도 옥천군 안남면 도농리	충청북도 옥천군 안남면 도농리	4373032027
충청북도 옥천군 안남면 도덕리	충청북도 옥천군 안남면 도덕리	4373032024
충청북도 옥천군 안남면 연주리	충청북도 옥천군 안남면 연주리	4373032021
충청북도 옥천군 안남면 종미리	충청북도 옥천군 안남면 종미리	4373032022
충청북도 옥천군 안남면 지수리	충청북도 옥천군 안남면 지수리	4373032023
충청북도 옥천군 안남면 청정리	충청북도 옥천군 안남면 청정리	4373032025
충청북도 옥천군 안남면 화학리	충청북도 옥천군 안남면 화학리	4373032026
충청북도 옥천군 안내면 답양리	충청북도 옥천군 안내면 답양리	4373033033
충청북도 옥천군 안내면 도율리	충청북도 옥천군 안내면 도율리	4373033030
충청북도 옥천군 안내면 도이리	충청북도 옥천군 안내면 도이리	4373033023
충청북도 옥천군 안내면 동대리	충청북도 옥천군 안내면 동대리	4373033024
충청북도 옥천군 안내면 방하목리	충청북도 옥천군 안내면 방하목리	4373033029
충청북도 옥천군 안내면 서대리	충청북도 옥천군 안내면 서대리	4373033025
충청북도 옥천군 안내면 오덕리	충청북도 옥천군 안내면 오덕리	4373033026
충청북도 옥천군 안내면 용촌리	충청북도 옥천군 안내면 용촌리	4373033032
충청북도 옥천군 안내면 월외리	충청북도 옥천군 안내면 월외리	4373033031
충청북도 옥천군 안내면 인포리	충청북도 옥천군 안내면 인포리	4373033027
충청북도 옥천군 안내면 장계리	충청북도 옥천군 안내면 장계리	4373033028
충청북도 옥천군 안내면 정방리	충청북도 옥천군 안내면 정방리	4373033022
충청북도 옥천군 안내면 현리	충청북도 옥천군 안내면 현리	4373033021
충청북도 옥천군 옥천읍 가풍리	충청북도 옥천군 옥천읍 가풍리	4373025031
충청북도 옥천군 옥천읍 교동리	충청북도 옥천군 옥천읍 교동리	4373025025
충청북도 옥천군 옥천읍 구일리	충청북도 옥천군 옥천읍 구일리	4373025029
충청북도 옥천군 옥천읍 금구리	충청북도 옥천군 옥천읍 금구리	4373025036
충청북도 옥천군 옥천읍 대천리	충청북도 옥천군 옥천읍 대천리	4373025033
충청북도 옥천군 옥천읍 동안리	충청북도 옥천군 옥천읍 동안리	4373025026
충청북도 옥천군 옥천읍 마암리	충청북도 옥천군 옥천읍 마암리	4373025034
충청북도 옥천군 옥천읍 매화리	충청북도 옥천군 옥천읍 매화리	4373025028
충청북도 옥천군 옥천읍 문정리	충청북도 옥천군 옥천읍 문정리	4373025022
충청북도 옥천군 옥천읍 삼양리	충청북도 옥천군 옥천읍 삼양리	4373025038
충청북도 옥천군 옥천읍 삼청리	충청북도 옥천군 옥천읍 삼청리	4373025032
충청북도 옥천군 옥천읍 상계리	충청북도 옥천군 옥천읍 상계리	4373025023
충청북도 옥천군 옥천읍 서대리	충청북도 옥천군 옥천읍 서대리	4373025030
충청북도 옥천군 옥천읍 서정리	충청북도 옥천군 옥천읍 서정리	4373025039
충청북도 옥천군 옥천읍 수북리	충청북도 옥천군 옥천읍 수북리	4373025027
충청북도 옥천군 옥천읍 양수리	충청북도 옥천군 옥천읍 양수리	4373025035
충청북도 옥천군 옥천읍 오대리	충청북도 옥천군 옥천읍 오대리	4373025041
충청북도 옥천군 옥천읍 옥각리	충청북도 옥천군 옥천읍 옥각리	4373025040
충청북도 옥천군 옥천읍 장야리	충청북도 옥천군 옥천읍 장야리	4373025037
충청북도 옥천군 옥천읍 죽향리	충청북도 옥천군 옥천읍 죽향리	4373025021
충청북도 옥천군 옥천읍 하계리	충청북도 옥천군 옥천읍 하계리	4373025024
충청북도 옥천군 이원면 강청리	충청북도 옥천군 이원면 강청리	4373036023
충청북도 옥천군 이원면 개심리	충청북도 옥천군 이원면 개심리	4373036026
충청북도 옥천군 이원면 건진리	충청북도 옥천군 이원면 건진리	4373036021
충청북도 옥천군 이원면 미동리	충청북도 옥천군 이원면 미동리	4373036030
충청북도 옥천군 이원면 백지리	충청북도 옥천군 이원면 백지리	4373036033
충청북도 옥천군 이원면 수묵리	충청북도 옥천군 이원면 수묵리	4373036028
충청북도 옥천군 이원면 용방리	충청북도 옥천군 이원면 용방리	4373036035
충청북도 옥천군 이원면 원동리	충청북도 옥천군 이원면 원동리	4373036032
충청북도 옥천군 이원면 윤정리	충청북도 옥천군 이원면 윤정리	4373036024
충청북도 옥천군 이원면 의평리	충청북도 옥천군 이원면 의평리	4373036025
충청북도 옥천군 이원면 이원리	충청북도 옥천군 이원면 이원리	4373036031
충청북도 옥천군 이원면 장찬리	충청북도 옥천군 이원면 장찬리	4373036022
충청북도 옥천군 이원면 지정리	충청북도 옥천군 이원면 지정리	4373036029
충청북도 옥천군 이원면 지탄리	충청북도 옥천군 이원면 지탄리	4373036034
충청북도 옥천군 이원면 평계리	충청북도 옥천군 이원면 평계리	4373036027
충청북도 옥천군 청산면 교평리	충청북도 옥천군 청산면 교평리	4373035023
충청북도 옥천군 청산면 대덕리	충청북도 옥천군 청산면 대덕리	4373035026
충청북도 옥천군 청산면 대성리	충청북도 옥천군 청산면 대성리	4373035037
충청북도 옥천군 청산면 만월리	충청북도 옥천군 청산면 만월리	4373035038
충청북도 옥천군 청산면 명티리	충청북도 옥천군 청산면 명티리	4373035035
충청북도 옥천군 청산면 백운리	충청북도 옥천군 청산면 백운리	4373035022
충청북도 옥천군 청산면 법화리	충청북도 옥천군 청산면 법화리	4373035036
충청북도 옥천군 청산면 삼방리	충청북도 옥천군 청산면 삼방리	4373035034
충청북도 옥천군 청산면 신매리	충청북도 옥천군 청산면 신매리	4373035025
충청북도 옥천군 청산면 예곡리	충청북도 옥천군 청산면 예곡리	4373035033
충청북도 옥천군 청산면 의지리	충청북도 옥천군 청산면 의지리	4373035032
충청북도 옥천군 청산면 인정리	충청북도 옥천군 청산면 인정리	4373035029
충청북도 옥천군 청산면 장위리	충청북도 옥천군 청산면 장위리	4373035027
충청북도 옥천군 청산면 지전리	충청북도 옥천군 청산면 지전리	4373035021
충청북도 옥천군 청산면 판수리	충청북도 옥천군 청산면 판수리	4373035030
충청북도 옥천군 청산면 하서리	충청북도 옥천군 청산면 하서리	4373035024
충청북도 옥천군 청산면 한곡리	충청북도 옥천군 청산면 한곡리	4373035028
충청북도 옥천군 청산면 효목리	충청북도 옥천군 청산면 효목리	4373035031
충청북도 옥천군 청성면 거포리	충청북도 옥천군 청성면 거포리	4373034022
충청북도 옥천군 청성면 고당리	충청북도 옥천군 청성면 고당리	4373034029
충청북도 옥천군 청성면 구음리	충청북도 옥천군 청성면 구음리	4373034032
충청북도 옥천군 청성면 궁촌리	충청북도 옥천군 청성면 궁촌리	4373034024
충청북도 옥천군 청성면 능월리	충청북도 옥천군 청성면 능월리	4373034035
충청북도 옥천군 청성면 대안리	충청북도 옥천군 청성면 대안리	4373034033
충청북도 옥천군 청성면 도장리	충청북도 옥천군 청성면 도장리	4373034034
충청북도 옥천군 청성면 묘금리	충청북도 옥천군 청성면 묘금리	4373034028
충청북도 옥천군 청성면 산계리	충청북도 옥천군 청성면 산계리	4373034021
충청북도 옥천군 청성면 삼남리	충청북도 옥천군 청성면 삼남리	4373034026
충청북도 옥천군 청성면 소서리	충청북도 옥천군 청성면 소서리	4373034025
충청북도 옥천군 청성면 양저리	충청북도 옥천군 청성면 양저리	4373034031
충청북도 옥천군 청성면 장수리	충청북도 옥천군 청성면 장수리	4373034023
충청북도 옥천군 청성면 장연리	충청북도 옥천군 청성면 장연리	4373034037
충청북도 옥천군 청성면 조천리	충청북도 옥천군 청성면 조천리	4373034027
충청북도 옥천군 청성면 합금리	충청북도 옥천군 청성면 합금리	4373034030
충청북도 옥천군 청성면 화성리	충청북도 옥천군 청성면 화성리	4373034036
충청북도 음성군 감곡면 단평리	충청북도 음성군 감곡면 단평리	4377037032
충청북도 음성군 감곡면 문촌리	충청북도 음성군 감곡면 문촌리	4377037028
충청북도 음성군 감곡면 사곡리	충청북도 음성군 감곡면 사곡리	4377037027
충청북도 음성군 감곡면 상우리	충청북도 음성군 감곡면 상우리	4377037030
충청북도 음성군 감곡면 상평리	충청북도 음성군 감곡면 상평리	4377037024
충청북도 음성군 감곡면 영산리	충청북도 음성군 감곡면 영산리	4377037026
충청북도 음성군 감곡면 오궁리	충청북도 음성군 감곡면 오궁리	4377037029
충청북도 음성군 감곡면 오향리	충청북도 음성군 감곡면 오향리	4377037021
충청북도 음성군 감곡면 왕장리	충청북도 음성군 감곡면 왕장리	4377037031
충청북도 음성군 감곡면 원당리	충청북도 음성군 감곡면 원당리	4377037023
충청북도 음성군 감곡면 월정리	충청북도 음성군 감곡면 월정리	4377037025
충청북도 음성군 감곡면 주천리	충청북도 음성군 감곡면 주천리	4377037022
충청북도 음성군 금왕읍 각회리	충청북도 음성군 금왕읍 각회리	4377025340
충청북도 음성군 금왕읍 구계리	충청북도 음성군 금왕읍 구계리	4377025333
충청북도 음성군 금왕읍 금석리	충청북도 음성군 금왕읍 금석리	4377025322
충청북도 음성군 금왕읍 내곡리	충청북도 음성군 금왕읍 내곡리	4377025331
충청북도 음성군 금왕읍 내송리	충청북도 음성군 금왕읍 내송리	4377025339
충청북도 음성군 금왕읍 도청리	충청북도 음성군 금왕읍 도청리	4377025338
충청북도 음성군 금왕읍 무극리	충청북도 음성군 금왕읍 무극리	4377025321
충청북도 음성군 금왕읍 백야리	충청북도 음성군 금왕읍 백야리	4377025325
충청북도 음성군 금왕읍 본대리	충청북도 음성군 금왕읍 본대리	4377025330
충청북도 음성군 금왕읍 봉곡리	충청북도 음성군 금왕읍 봉곡리	4377025327
충청북도 음성군 금왕읍 사창리	충청북도 음성군 금왕읍 사창리	4377025332
충청북도 음성군 금왕읍 삼봉리	충청북도 음성군 금왕읍 삼봉리	4377025341
충청북도 음성군 금왕읍 신평리	충청북도 음성군 금왕읍 신평리	4377025329
충청북도 음성군 금왕읍 쌍봉리	충청북도 음성군 금왕읍 쌍봉리	4377025335
충청북도 음성군 금왕읍 오선리	충청북도 음성군 금왕읍 오선리	4377025337
충청북도 음성군 금왕읍 용계리	충청북도 음성군 금왕읍 용계리	4377025326
충청북도 음성군 금왕읍 유촌리	충청북도 음성군 금왕읍 유촌리	4377025328
충청북도 음성군 금왕읍 유포리	충청북도 음성군 금왕읍 유포리	4377025336
충청북도 음성군 금왕읍 육령리	충청북도 음성군 금왕읍 육령리	4377025324
충청북도 음성군 금왕읍 정생리	충청북도 음성군 금왕읍 정생리	4377025323
충청북도 음성군 금왕읍 행제리	충청북도 음성군 금왕읍 행제리	4377025342
충청북도 음성군 금왕읍 호산리	충청북도 음성군 금왕읍 호산리	4377025334
충청북도 음성군 대소면 내산리	충청북도 음성군 대소면 내산리	4377034030
충청북도 음성군 대소면 대풍리	충청북도 음성군 대소면 대풍리	4377034032
충청북도 음성군 대소면 미곡리	충청북도 음성군 대소면 미곡리	4377034028
충청북도 음성군 대소면 부윤리	충청북도 음성군 대소면 부윤리	4377034025
충청북도 음성군 대소면 삼정리	충청북도 음성군 대소면 삼정리	4377034027
충청북도 음성군 대소면 삼호리	충청북도 음성군 대소면 삼호리	4377034029
충청북도 음성군 대소면 성본리	충청북도 음성군 대소면 성본리	4377034024
충청북도 음성군 대소면 소석리	충청북도 음성군 대소면 소석리	4377034023
충청북도 음성군 대소면 수태리	충청북도 음성군 대소면 수태리	4377034026
충청북도 음성군 대소면 오류리	충청북도 음성군 대소면 오류리	4377034031
충청북도 음성군 대소면 오산리	충청북도 음성군 대소면 오산리	4377034021
충청북도 음성군 대소면 태생리	충청북도 음성군 대소면 태생리	4377034022
충청북도 음성군 맹동면 군자리	충청북도 음성군 맹동면 군자리	4377033030
충청북도 음성군 맹동면 동성리	충청북도 음성군 맹동면 동성리	4377033031
충청북도 음성군 맹동면 두성리	충청북도 음성군 맹동면 두성리	4377033028
충청북도 음성군 맹동면 마산리	충청북도 음성군 맹동면 마산리	4377033023
충청북도 음성군 맹동면 본성리	충청북도 음성군 맹동면 본성리	4377033027
충청북도 음성군 맹동면 봉현리	충청북도 음성군 맹동면 봉현리	4377033024
충청북도 음성군 맹동면 신돈리	충청북도 음성군 맹동면 신돈리	4377033026
충청북도 음성군 맹동면 쌍정리	충청북도 음성군 맹동면 쌍정리	4377033021
충청북도 음성군 맹동면 용촌리	충청북도 음성군 맹동면 용촌리	4377033025
충청북도 음성군 맹동면 인곡리	충청북도 음성군 맹동면 인곡리	4377033022
충청북도 음성군 맹동면 통동리	충청북도 음성군 맹동면 통동리	4377033029
충청북도 음성군 삼성면 능산리	충청북도 음성군 삼성면 능산리	4377035030
충청북도 음성군 삼성면 대사리	충청북도 음성군 삼성면 대사리	4377035023
충청북도 음성군 삼성면 대야리	충청북도 음성군 삼성면 대야리	4377035032
충청북도 음성군 삼성면 대정리	충청북도 음성군 삼성면 대정리	4377035029
충청북도 음성군 삼성면 덕정리	충청북도 음성군 삼성면 덕정리	4377035021
충청북도 음성군 삼성면 상곡리	충청북도 음성군 삼성면 상곡리	4377035025
충청북도 음성군 삼성면 선정리	충청북도 음성군 삼성면 선정리	4377035028
충청북도 음성군 삼성면 양덕리	충청북도 음성군 삼성면 양덕리	4377035022
충청북도 음성군 삼성면 용대리	충청북도 음성군 삼성면 용대리	4377035031
충청북도 음성군 삼성면 용성리	충청북도 음성군 삼성면 용성리	4377035024
충청북도 음성군 삼성면 천평리	충청북도 음성군 삼성면 천평리	4377035027
충청북도 음성군 삼성면 청용리	충청북도 음성군 삼성면 청용리	4377035026
충청북도 음성군 생극면	충청북도 음성군 생극면	4377036000
충청북도 음성군 생극면 관성리	충청북도 음성군 생극면 관성리	4377036024
충청북도 음성군 생극면 도신리	충청북도 음성군 생극면 도신리	4377036023
충청북도 음성군 생극면 방축리	충청북도 음성군 생극면 방축리	4377036028
충청북도 음성군 생극면 병암리	충청북도 음성군 생극면 병암리	4377036022
충청북도 음성군 생극면 생리	충청북도 음성군 생극면 생리	4377036032
충청북도 음성군 생극면 송곡리	충청북도 음성군 생극면 송곡리	4377036026
충청북도 음성군 생극면 신양리	충청북도 음성군 생극면 신양리	4377036021
충청북도 음성군 생극면 오생리	충청북도 음성군 생극면 오생리	4377036031
충청북도 음성군 생극면 임곡리	충청북도 음성군 생극면 임곡리	4377036027
충청북도 음성군 생극면 차곡리	충청북도 음성군 생극면 차곡리	4377036030
충청북도 음성군 생극면 차평리	충청북도 음성군 생극면 차평리	4377036029
충청북도 음성군 생극면 팔성리	충청북도 음성군 생극면 팔성리	4377036025
충청북도 음성군 소이면 갑산리	충청북도 음성군 소이면 갑산리	4377031025
충청북도 음성군 소이면 금고리	충청북도 음성군 소이면 금고리	4377031027
충청북도 음성군 소이면 대장리	충청북도 음성군 소이면 대장리	4377031021
충청북도 음성군 소이면 문등리	충청북도 음성군 소이면 문등리	4377031024
충청북도 음성군 소이면 봉전리	충청북도 음성군 소이면 봉전리	4377031026
충청북도 음성군 소이면 비산리	충청북도 음성군 소이면 비산리	4377031029
충청북도 음성군 소이면 중동리	충청북도 음성군 소이면 중동리	4377031023
충청북도 음성군 소이면 충도리	충청북도 음성군 소이면 충도리	4377031028
충청북도 음성군 소이면 후미리	충청북도 음성군 소이면 후미리	4377031022
충청북도 음성군 원남면 구안리	충청북도 음성군 원남면 구안리	4377032028
충청북도 음성군 원남면 덕정리	충청북도 음성군 원남면 덕정리	4377032033
충청북도 음성군 원남면 마송리	충청북도 음성군 원남면 마송리	4377032023
충청북도 음성군 원남면 문암리	충청북도 음성군 원남면 문암리	4377032030
충청북도 음성군 원남면 보룡리	충청북도 음성군 원남면 보룡리	4377032022
충청북도 음성군 원남면 보천리	충청북도 음성군 원남면 보천리	4377032021
충청북도 음성군 원남면 삼용리	충청북도 음성군 원남면 삼용리	4377032032
충청북도 음성군 원남면 상노리	충청북도 음성군 원남면 상노리	4377032026
충청북도 음성군 원남면 상당리	충청북도 음성군 원남면 상당리	4377032024
충청북도 음성군 원남면 조촌리	충청북도 음성군 원남면 조촌리	4377032031
충청북도 음성군 원남면 주봉리	충청북도 음성군 원남면 주봉리	4377032029
충청북도 음성군 원남면 하노리	충청북도 음성군 원남면 하노리	4377032027
충청북도 음성군 원남면 하당리	충청북도 음성군 원남면 하당리	4377032025
충청북도 음성군 음성읍 감우리	충청북도 음성군 음성읍 감우리	4377025027
충청북도 음성군 음성읍 동음리	충청북도 음성군 음성읍 동음리	4377025031
충청북도 음성군 음성읍 사정리	충청북도 음성군 음성읍 사정리	4377025026
충청북도 음성군 음성읍 삼생리	충청북도 음성군 음성읍 삼생리	4377025032
충청북도 음성군 음성읍 석인리	충청북도 음성군 음성읍 석인리	4377025023
충청북도 음성군 음성읍 소여리	충청북도 음성군 음성읍 소여리	4377025028
충청북도 음성군 음성읍 신천리	충청북도 음성군 음성읍 신천리	4377025029
충청북도 음성군 음성읍 용산리	충청북도 음성군 음성읍 용산리	4377025025
충청북도 음성군 음성읍 읍내리	충청북도 음성군 음성읍 읍내리	4377025021
충청북도 음성군 음성읍 초천리	충청북도 음성군 음성읍 초천리	4377025030
충청북도 음성군 음성읍 평곡리	충청북도 음성군 음성읍 평곡리	4377025022
충청북도 음성군 음성읍 한벌리	충청북도 음성군 음성읍 한벌리	4377025024
충청북도 제천시 강제동	충청북도 제천시 강제동	4315012100
충청북도 제천시 고명동	충청북도 제천시 고명동	4315011900
충청북도 제천시 고암동	충청북도 제천시 고암동	4315011500
충청북도 제천시 교동	충청북도 제천시 교동	4315010500
충청북도 제천시 금성면 구룡리	충청북도 제천시 금성면 구룡리	4315031021
충청북도 제천시 금성면 대장리	충청북도 제천시 금성면 대장리	4315031033
충청북도 제천시 금성면 동막리	충청북도 제천시 금성면 동막리	4315031034
충청북도 제천시 금성면 사곡리	충청북도 제천시 금성면 사곡리	4315031027
충청북도 제천시 금성면 성내리	충청북도 제천시 금성면 성내리	4315031022
충청북도 제천시 금성면 양화리	충청북도 제천시 금성면 양화리	4315031032
충청북도 제천시 금성면 월굴리	충청북도 제천시 금성면 월굴리	4315031023
충청북도 제천시 금성면 월림리	충청북도 제천시 금성면 월림리	4315031030
충청북도 제천시 금성면 위림리	충청북도 제천시 금성면 위림리	4315031031
충청북도 제천시 금성면 적덕리	충청북도 제천시 금성면 적덕리	4315031028
충청북도 제천시 금성면 중전리	충청북도 제천시 금성면 중전리	4315031024
충청북도 제천시 금성면 진리	충청북도 제천시 금성면 진리	4315031029
충청북도 제천시 금성면 포전리	충청북도 제천시 금성면 포전리	4315031025
충청북도 제천시 금성면 활산리	충청북도 제천시 금성면 활산리	4315031026
충청북도 제천시 남천동	충청북도 제천시 남천동	4315010400
충청북도 제천시 대랑동	충청북도 제천시 대랑동	4315012800
충청북도 제천시 덕산면 도기리	충청북도 제천시 덕산면 도기리	4315034026
충청북도 제천시 덕산면 도전리	충청북도 제천시 덕산면 도전리	4315034021
충청북도 제천시 덕산면 선고리	충청북도 제천시 덕산면 선고리	4315034027
충청북도 제천시 덕산면 성암리	충청북도 제천시 덕산면 성암리	4315034022
충청북도 제천시 덕산면 수산리	충청북도 제천시 덕산면 수산리	4315034024
충청북도 제천시 덕산면 신현리	충청북도 제천시 덕산면 신현리	4315034023
충청북도 제천시 덕산면 월악리	충청북도 제천시 덕산면 월악리	4315034025
충청북도 제천시 동현동	충청북도 제천시 동현동	4315010300
충청북도 제천시 두학동	충청북도 제천시 두학동	4315011800
충청북도 제천시 명동	충청북도 제천시 명동	4315010800
충청북도 제천시 명지동	충청북도 제천시 명지동	4315012200
충청북도 제천시 모산동	충청북도 제천시 모산동	4315011400
충청북도 제천시 백운면 덕동리	충청북도 제천시 백운면 덕동리	4315036023
충청북도 제천시 백운면 도곡리	충청북도 제천시 백운면 도곡리	4315036025
충청북도 제천시 백운면 모정리	충청북도 제천시 백운면 모정리	4315036027
충청북도 제천시 백운면 방학리	충청북도 제천시 백운면 방학리	4315036026
충청북도 제천시 백운면 애련리	충청북도 제천시 백운면 애련리	4315036028
충청북도 제천시 백운면 운학리	충청북도 제천시 백운면 운학리	4315036022
충청북도 제천시 백운면 원월리	충청북도 제천시 백운면 원월리	4315036029
충청북도 제천시 백운면 평동리	충청북도 제천시 백운면 평동리	4315036021
충청북도 제천시 백운면 화당리	충청북도 제천시 백운면 화당리	4315036024
충청북도 제천시 봉양읍 공전리	충청북도 제천시 봉양읍 공전리	4315025034
충청북도 제천시 봉양읍 구곡리	충청북도 제천시 봉양읍 구곡리	4315025033
충청북도 제천시 봉양읍 구학리	충청북도 제천시 봉양읍 구학리	4315025029
충청북도 제천시 봉양읍 마곡리	충청북도 제천시 봉양읍 마곡리	4315025035
충청북도 제천시 봉양읍 명도리	충청북도 제천시 봉양읍 명도리	4315025024
충청북도 제천시 봉양읍 명암리	충청북도 제천시 봉양읍 명암리	4315025026
충청북도 제천시 봉양읍 미당리	충청북도 제천시 봉양읍 미당리	4315025023
충청북도 제천시 봉양읍 봉양리	충청북도 제천시 봉양읍 봉양리	4315025025
충청북도 제천시 봉양읍 삼거리	충청북도 제천시 봉양읍 삼거리	4315025036
충청북도 제천시 봉양읍 연박리	충청북도 제천시 봉양읍 연박리	4315025031
충청북도 제천시 봉양읍 옥전리	충청북도 제천시 봉양읍 옥전리	4315025028
충청북도 제천시 봉양읍 원박리	충청북도 제천시 봉양읍 원박리	4315025032
충청북도 제천시 봉양읍 장평리	충청북도 제천시 봉양읍 장평리	4315025022
충청북도 제천시 봉양읍 주포리	충청북도 제천시 봉양읍 주포리	4315025021
충청북도 제천시 봉양읍 팔송리	충청북도 제천시 봉양읍 팔송리	4315025030
충청북도 제천시 봉양읍 학산리	충청북도 제천시 봉양읍 학산리	4315025027
충청북도 제천시 산곡동	충청북도 제천시 산곡동	4315012300
충청북도 제천시 서부동	충청북도 제천시 서부동	4315010200
충청북도 제천시 송학면 도화리	충청북도 제천시 송학면 도화리	4315038025
충청북도 제천시 송학면 무도리	충청북도 제천시 송학면 무도리	4315038021
충청북도 제천시 송학면 송한리	충청북도 제천시 송학면 송한리	4315038027
충청북도 제천시 송학면 시곡리	충청북도 제천시 송학면 시곡리	4315038024
충청북도 제천시 송학면 오미리	충청북도 제천시 송학면 오미리	4315038028
충청북도 제천시 송학면 입석리	충청북도 제천시 송학면 입석리	4315038023
충청북도 제천시 송학면 장곡리	충청북도 제천시 송학면 장곡리	4315038022
충청북도 제천시 송학면 포전리	충청북도 제천시 송학면 포전리	4315038026
충청북도 제천시 수산면 계란리	충청북도 제천시 수산면 계란리	4315033027
충청북도 제천시 수산면 고명리	충청북도 제천시 수산면 고명리	4315033042
충청북도 제천시 수산면 괴곡리	충청북도 제천시 수산면 괴곡리	4315033028
충청북도 제천시 수산면 구곡리	충청북도 제천시 수산면 구곡리	4315033032
충청북도 제천시 수산면 내리	충청북도 제천시 수산면 내리	4315033022
충청북도 제천시 수산면 능강리	충청북도 제천시 수산면 능강리	4315033041
충청북도 제천시 수산면 다불리	충청북도 제천시 수산면 다불리	4315033030
충청북도 제천시 수산면 대전리	충청북도 제천시 수산면 대전리	4315033026
충청북도 제천시 수산면 도전리	충청북도 제천시 수산면 도전리	4315033033
충청북도 제천시 수산면 상천리	충청북도 제천시 수산면 상천리	4315033039
충청북도 제천시 수산면 서곡리	충청북도 제천시 수산면 서곡리	4315033036
충청북도 제천시 수산면 성리	충청북도 제천시 수산면 성리	4315033038
충청북도 제천시 수산면 수곡리	충청북도 제천시 수산면 수곡리	4315033024
충청북도 제천시 수산면 수리	충청북도 제천시 수산면 수리	4315033025
충청북도 제천시 수산면 수산리	충청북도 제천시 수산면 수산리	4315033021
충청북도 제천시 수산면 오티리	충청북도 제천시 수산면 오티리	4315033037
충청북도 제천시 수산면 원대리	충청북도 제천시 수산면 원대리	4315033029
충청북도 제천시 수산면 율지리	충청북도 제천시 수산면 율지리	4315033034
충청북도 제천시 수산면 적곡리	충청북도 제천시 수산면 적곡리	4315033023
충청북도 제천시 수산면 전곡리	충청북도 제천시 수산면 전곡리	4315033031
충청북도 제천시 수산면 지곡리	충청북도 제천시 수산면 지곡리	4315033035
충청북도 제천시 수산면 하천리	충청북도 제천시 수산면 하천리	4315033040
충청북도 제천시 신동	충청북도 제천시 신동	4315012600
충청북도 제천시 신백동	충청북도 제천시 신백동	4315012000
충청북도 제천시 신월동	충청북도 제천시 신월동	4315011200
충청북도 제천시 영천동	충청북도 제천시 영천동	4315011000
충청북도 제천시 왕암동	충청북도 제천시 왕암동	4315012400
충청북도 제천시 의림동	충청북도 제천시 의림동	4315010100
충청북도 제천시 자작동	충청북도 제천시 자작동	4315012700
충청북도 제천시 장락동	충청북도 제천시 장락동	4315011600
충청북도 제천시 중앙로1가	충청북도 제천시 중앙로1가	4315010600
충청북도 제천시 중앙로2가	충청북도 제천시 중앙로2가	4315010700
충청북도 제천시 천남동	충청북도 제천시 천남동	4315012500
충청북도 제천시 청전동	충청북도 제천시 청전동	4315011300
충청북도 제천시 청풍면 계산리	충청북도 제천시 청풍면 계산리	4315032024
충청북도 제천시 청풍면 광의리	충청북도 제천시 청풍면 광의리	4315032023
충청북도 제천시 청풍면 교리	충청북도 제천시 청풍면 교리	4315032046
충청북도 제천시 청풍면 단돈리	충청북도 제천시 청풍면 단돈리	4315032030
충청북도 제천시 청풍면 단리	충청북도 제천시 청풍면 단리	4315032040
충청북도 제천시 청풍면 대류리	충청북도 제천시 청풍면 대류리	4315032036
충청북도 제천시 청풍면 도곡리	충청북도 제천시 청풍면 도곡리	4315032035
충청북도 제천시 청풍면 도리	충청북도 제천시 청풍면 도리	4315032042
충청북도 제천시 청풍면 도화리	충청북도 제천시 청풍면 도화리	4315032045
충청북도 제천시 청풍면 물태리	충청북도 제천시 청풍면 물태리	4315032041
충청북도 제천시 청풍면 방흥리	충청북도 제천시 청풍면 방흥리	4315032031
충청북도 제천시 청풍면 부산리	충청북도 제천시 청풍면 부산리	4315032028
충청북도 제천시 청풍면 북진리	충청북도 제천시 청풍면 북진리	4315032044
충청북도 제천시 청풍면 사오리	충청북도 제천시 청풍면 사오리	4315032027
충청북도 제천시 청풍면 신리	충청북도 제천시 청풍면 신리	4315032037
충청북도 제천시 청풍면 실리곡리	충청북도 제천시 청풍면 실리곡리	4315032043
충청북도 제천시 청풍면 양평리	충청북도 제천시 청풍면 양평리	4315032034
충청북도 제천시 청풍면 연곡리	충청북도 제천시 청풍면 연곡리	4315032022
충청북도 제천시 청풍면 연론리	충청북도 제천시 청풍면 연론리	4315032039
충청북도 제천시 청풍면 오산리	충청북도 제천시 청풍면 오산리	4315032032
충청북도 제천시 청풍면 용곡리	충청북도 제천시 청풍면 용곡리	4315032038
충청북도 제천시 청풍면 읍리	충청북도 제천시 청풍면 읍리	4315032021
충청북도 제천시 청풍면 장선리	충청북도 제천시 청풍면 장선리	4315032029
충청북도 제천시 청풍면 진목리	충청북도 제천시 청풍면 진목리	4315032033
충청북도 제천시 청풍면 학현리	충청북도 제천시 청풍면 학현리	4315032047
충청북도 제천시 청풍면 황석리	충청북도 제천시 청풍면 황석리	4315032025
충청북도 제천시 청풍면 후산리	충청북도 제천시 청풍면 후산리	4315032026
충청북도 제천시 하소동	충청북도 제천시 하소동	4315011100
충청북도 제천시 한수면 덕곡리	충청북도 제천시 한수면 덕곡리	4315035023
충청북도 제천시 한수면 복평리	충청북도 제천시 한수면 복평리	4315035029
충청북도 제천시 한수면 북노리	충청북도 제천시 한수면 북노리	4315035026
충청북도 제천시 한수면 상노리	충청북도 제천시 한수면 상노리	4315035027
충청북도 제천시 한수면 서창리	충청북도 제천시 한수면 서창리	4315035022
충청북도 제천시 한수면 송계리	충청북도 제천시 한수면 송계리	4315035030
충청북도 제천시 한수면 역리	충청북도 제천시 한수면 역리	4315035025
충청북도 제천시 한수면 탄지리	충청북도 제천시 한수면 탄지리	4315035028
충청북도 제천시 한수면 한천리	충청북도 제천시 한수면 한천리	4315035024
충청북도 제천시 한수면 황강리	충청북도 제천시 한수면 황강리	4315035021
충청북도 제천시 화산동	충청북도 제천시 화산동	4315010900
충청북도 제천시 흑석동	충청북도 제천시 흑석동	4315011700
충청북도 증평군 도안면 광덕리	충청북도 증평군 도안면 광덕리	4374531025
충청북도 증평군 도안면 노암리	충청북도 증평군 도안면 노암리	4374531022
충청북도 증평군 도안면 도당리	충청북도 증평군 도안면 도당리	4374531027
충청북도 증평군 도안면 석곡리	충청북도 증평군 도안면 석곡리	4374531026
충청북도 증평군 도안면 송정리	충청북도 증평군 도안면 송정리	4374531024
충청북도 증평군 도안면 연촌리	충청북도 증평군 도안면 연촌리	4374531023
충청북도 증평군 도안면 화성리	충청북도 증평군 도안면 화성리	4374531021
충청북도 증평군 증평읍 교동리	충청북도 증평군 증평읍 교동리	4374525022
충청북도 증평군 증평읍 남차리	충청북도 증평군 증평읍 남차리	4374525037
충청북도 증평군 증평읍 남하리	충청북도 증평군 증평읍 남하리	4374525040
충청북도 증평군 증평읍 내성리	충청북도 증평군 증평읍 내성리	4374525029
충청북도 증평군 증평읍 대동리	충청북도 증평군 증평읍 대동리	4374525024
충청북도 증평군 증평읍 덕상리	충청북도 증평군 증평읍 덕상리	4374525036
충청북도 증평군 증평읍 미암리	충청북도 증평군 증평읍 미암리	4374525033
충청북도 증평군 증평읍 사곡리	충청북도 증평군 증평읍 사곡리	4374525034
충청북도 증평군 증평읍 송산리	충청북도 증평군 증평읍 송산리	4374525032
충청북도 증평군 증평읍 신동리	충청북도 증평군 증평읍 신동리	4374525025
충청북도 증평군 증평읍 연탄리	충청북도 증평군 증평읍 연탄리	4374525031
충청북도 증평군 증평읍 용강리	충청북도 증평군 증평읍 용강리	4374525035
충청북도 증평군 증평읍 율리	충청북도 증평군 증평읍 율리	4374525038
충청북도 증평군 증평읍 장동리	충청북도 증평군 증평읍 장동리	4374525027
충청북도 증평군 증평읍 죽리	충청북도 증평군 증평읍 죽리	4374525039
충청북도 증평군 증평읍 중동리	충청북도 증평군 증평읍 중동리	4374525023
충청북도 증평군 증평읍 증천리	충청북도 증평군 증평읍 증천리	4374525028
충청북도 증평군 증평읍 증평리	충청북도 증평군 증평읍 증평리	4374525021
충청북도 증평군 증평읍 창동리	충청북도 증평군 증평읍 창동리	4374525026
충청북도 증평군 증평읍 초중리	충청북도 증평군 증평읍 초중리	4374525030
충청북도 진천군 광혜원면 광혜원리	충청북도 진천군 광혜원면 광혜원리	4375037027
충청북도 진천군 광혜원면 구암리	충청북도 진천군 광혜원면 구암리	4375037025
충청북도 진천군 광혜원면 금곡리	충청북도 진천군 광혜원면 금곡리	4375037021
충청북도 진천군 광혜원면 실원리	충청북도 진천군 광혜원면 실원리	4375037026
충청북도 진천군 광혜원면 월성리	충청북도 진천군 광혜원면 월성리	4375037022
충청북도 진천군 광혜원면 죽현리	충청북도 진천군 광혜원면 죽현리	4375037024
충청북도 진천군 광혜원면 회죽리	충청북도 진천군 광혜원면 회죽리	4375037023
충청북도 진천군 덕산읍 구산리	충청북도 진천군 덕산읍 구산리	4375025328
충청북도 진천군 덕산읍 기전리	충청북도 진천군 덕산읍 기전리	4375025327
충청북도 진천군 덕산읍 두촌리	충청북도 진천군 덕산읍 두촌리	4375025325
충청북도 진천군 덕산읍 산수리	충청북도 진천군 덕산읍 산수리	4375025323
충청북도 진천군 덕산읍 석장리	충청북도 진천군 덕산읍 석장리	4375025326
충청북도 진천군 덕산읍 신척리	충청북도 진천군 덕산읍 신척리	4375025329
충청북도 진천군 덕산읍 옥동리	충청북도 진천군 덕산읍 옥동리	4375025321
충청북도 진천군 덕산읍 용몽리	충청북도 진천군 덕산읍 용몽리	4375025330
충청북도 진천군 덕산읍 인산리	충청북도 진천군 덕산읍 인산리	4375025324
충청북도 진천군 덕산읍 한천리	충청북도 진천군 덕산읍 한천리	4375025331
충청북도 진천군 덕산읍 합목리	충청북도 진천군 덕산읍 합목리	4375025332
충청북도 진천군 덕산읍 화상리	충청북도 진천군 덕산읍 화상리	4375025322
충청북도 진천군 문백면 계산리	충청북도 진천군 문백면 계산리	4375033026
충청북도 진천군 문백면 구곡리	충청북도 진천군 문백면 구곡리	4375033024
충청북도 진천군 문백면 도하리	충청북도 진천군 문백면 도하리	4375033029
충청북도 진천군 문백면 문덕리	충청북도 진천군 문백면 문덕리	4375033021
충청북도 진천군 문백면 봉죽리	충청북도 진천군 문백면 봉죽리	4375033027
충청북도 진천군 문백면 사양리	충청북도 진천군 문백면 사양리	4375033022
충청북도 진천군 문백면 옥성리	충청북도 진천군 문백면 옥성리	4375033030
충청북도 진천군 문백면 은탄리	충청북도 진천군 문백면 은탄리	4375033028
충청북도 진천군 문백면 장월리	충청북도 진천군 문백면 장월리	4375033023
충청북도 진천군 문백면 태락리	충청북도 진천군 문백면 태락리	4375033031
충청북도 진천군 문백면 평산리	충청북도 진천군 문백면 평산리	4375033025
충청북도 진천군 백곡면 갈월리	충청북도 진천군 백곡면 갈월리	4375034026
충청북도 진천군 백곡면 구수리	충청북도 진천군 백곡면 구수리	4375034025
충청북도 진천군 백곡면 대문리	충청북도 진천군 백곡면 대문리	4375034027
충청북도 진천군 백곡면 명암리	충청북도 진천군 백곡면 명암리	4375034028
충청북도 진천군 백곡면 사송리	충청북도 진천군 백곡면 사송리	4375034029
충청북도 진천군 백곡면 석현리	충청북도 진천군 백곡면 석현리	4375034021
충청북도 진천군 백곡면 성대리	충청북도 진천군 백곡면 성대리	4375034023
충청북도 진천군 백곡면 양백리	충청북도 진천군 백곡면 양백리	4375034024
충청북도 진천군 백곡면 용덕리	충청북도 진천군 백곡면 용덕리	4375034022
충청북도 진천군 이월면 내촌리	충청북도 진천군 이월면 내촌리	4375035032
충청북도 진천군 이월면 노원리	충청북도 진천군 이월면 노원리	4375035023
충청북도 진천군 이월면 동성리	충청북도 진천군 이월면 동성리	4375035026
충청북도 진천군 이월면 미잠리	충청북도 진천군 이월면 미잠리	4375035029
충청북도 진천군 이월면 사곡리	충청북도 진천군 이월면 사곡리	4375035021
충청북도 진천군 이월면 사당리	충청북도 진천군 이월면 사당리	4375035031
충청북도 진천군 이월면 삼용리	충청북도 진천군 이월면 삼용리	4375035027
충청북도 진천군 이월면 송림리	충청북도 진천군 이월면 송림리	4375035025
충청북도 진천군 이월면 신계리	충청북도 진천군 이월면 신계리	4375035030
충청북도 진천군 이월면 신월리	충청북도 진천군 이월면 신월리	4375035028
충청북도 진천군 이월면 장양리	충청북도 진천군 이월면 장양리	4375035024
충청북도 진천군 이월면 중산리	충청북도 진천군 이월면 중산리	4375035022
충청북도 진천군 진천읍 가산리	충청북도 진천군 진천읍 가산리	4375025038
충청북도 진천군 진천읍 건송리	충청북도 진천군 진천읍 건송리	4375025029
충청북도 진천군 진천읍 교성리	충청북도 진천군 진천읍 교성리	4375025021
충청북도 진천군 진천읍 금암리	충청북도 진천군 진천읍 금암리	4375025034
충청북도 진천군 진천읍 문봉리	충청북도 진천군 진천읍 문봉리	4375025032
충청북도 진천군 진천읍 벽암리	충청북도 진천군 진천읍 벽암리	4375025026
충청북도 진천군 진천읍 사석리	충청북도 진천군 진천읍 사석리	4375025031
충청북도 진천군 진천읍 산척리	충청북도 진천군 진천읍 산척리	4375025040
충청북도 진천군 진천읍 삼덕리	충청북도 진천군 진천읍 삼덕리	4375025036
충청북도 진천군 진천읍 상계리	충청북도 진천군 진천읍 상계리	4375025033
충청북도 진천군 진천읍 상신리	충청북도 진천군 진천읍 상신리	4375025039
충청북도 진천군 진천읍 성석리	충청북도 진천군 진천읍 성석리	4375025025
충청북도 진천군 진천읍 송두리	충청북도 진천군 진천읍 송두리	4375025037
충청북도 진천군 진천읍 신정리	충청북도 진천군 진천읍 신정리	4375025022
충청북도 진천군 진천읍 연곡리	충청북도 진천군 진천읍 연곡리	4375025035
충청북도 진천군 진천읍 원덕리	충청북도 진천군 진천읍 원덕리	4375025023
충청북도 진천군 진천읍 읍내리	충청북도 진천군 진천읍 읍내리	4375025024
충청북도 진천군 진천읍 장관리	충청북도 진천군 진천읍 장관리	4375025028
충청북도 진천군 진천읍 지암리	충청북도 진천군 진천읍 지암리	4375025030
충청북도 진천군 진천읍 행정리	충청북도 진천군 진천읍 행정리	4375025027
충청북도 진천군 초평면 금곡리	충청북도 진천군 초평면 금곡리	4375032025
충청북도 진천군 초평면 신통리	충청북도 진천군 초평면 신통리	4375032021
충청북도 진천군 초평면 연담리	충청북도 진천군 초평면 연담리	4375032027
충청북도 진천군 초평면 영구리	충청북도 진천군 초평면 영구리	4375032022
충청북도 진천군 초평면 오갑리	충청북도 진천군 초평면 오갑리	4375032026
충청북도 진천군 초평면 용기리	충청북도 진천군 초평면 용기리	4375032028
충청북도 진천군 초평면 용산리	충청북도 진천군 초평면 용산리	4375032029
충청북도 진천군 초평면 용정리	충청북도 진천군 초평면 용정리	4375032024
충청북도 진천군 초평면 은암리	충청북도 진천군 초평면 은암리	4375032030
충청북도 진천군 초평면 중석리	충청북도 진천군 초평면 중석리	4375032032
충청북도 진천군 초평면 진암리	충청북도 진천군 초평면 진암리	4375032031
충청북도 진천군 초평면 화산리	충청북도 진천군 초평면 화산리	4375032023
충청북도 청주상당구 가덕면 계산리	충청북도 청주시 상당구 가덕면 계산리	4311133028
충청북도 청주상당구 가덕면 국전리	충청북도 청주시 상당구 가덕면 국전리	4311133024
충청북도 청주상당구 가덕면 금거리	충청북도 청주시 상당구 가덕면 금거리	4311133032
충청북도 청주상당구 가덕면 내암리	충청북도 청주시 상당구 가덕면 내암리	4311133035
충청북도 청주상당구 가덕면 노동리	충청북도 청주시 상당구 가덕면 노동리	4311133026
충청북도 청주상당구 가덕면 병암리	충청북도 청주시 상당구 가덕면 병암리	4311133031
충청북도 청주상당구 가덕면 삼항리	충청북도 청주시 상당구 가덕면 삼항리	4311133023
충청북도 청주상당구 가덕면 상대리	충청북도 청주시 상당구 가덕면 상대리	4311133025
충청북도 청주상당구 가덕면 상야리	충청북도 청주시 상당구 가덕면 상야리	4311133033
충청북도 청주상당구 가덕면 수곡리	충청북도 청주시 상당구 가덕면 수곡리	4311133029
충청북도 청주상당구 가덕면 시동리	충청북도 청주시 상당구 가덕면 시동리	4311133030
충청북도 청주상당구 가덕면 인차리	충청북도 청주시 상당구 가덕면 인차리	4311133027
충청북도 청주상당구 가덕면 청용리	충청북도 청주시 상당구 가덕면 청용리	4311133021
충청북도 청주상당구 가덕면 한계리	충청북도 청주시 상당구 가덕면 한계리	4311133034
충청북도 청주상당구 가덕면 행정리	충청북도 청주시 상당구 가덕면 행정리	4311133022
충청북도 청주상당구 금천동	충청북도 청주시 상당구 금천동	4311112000
충청북도 청주상당구 남문로1가동	충청북도 청주시 상당구 남문로1가	4311110500
충청북도 청주상당구 남문로2가동	충청북도 청주시 상당구 남문로2가	4311110600
충청북도 청주상당구 남일면	충청북도 청주시 상당구 남일면	4311134000
충청북도 청주상당구 남일면 가산리	충청북도 청주시 상당구 남일면 가산리	4311134030
충청북도 청주상당구 남일면 가중리	충청북도 청주시 상당구 남일면 가중리	4311134032
충청북도 청주상당구 남일면 고은리	충청북도 청주시 상당구 남일면 고은리	4311134028
충청북도 청주상당구 남일면 두산리	충청북도 청주시 상당구 남일면 두산리	4311134026
충청북도 청주상당구 남일면 문주리	충청북도 청주시 상당구 남일면 문주리	4311134023
충청북도 청주상당구 남일면 송암리	충청북도 청주시 상당구 남일면 송암리	4311134021
충청북도 청주상당구 남일면 신송리	충청북도 청주시 상당구 남일면 신송리	4311134031
충청북도 청주상당구 남일면 쌍수리	충청북도 청주시 상당구 남일면 쌍수리	4311134027
충청북도 청주상당구 남일면 은행리	충청북도 청주시 상당구 남일면 은행리	4311134025
충청북도 청주상당구 남일면 화당리	충청북도 청주시 상당구 남일면 화당리	4311134029
충청북도 청주상당구 남일면 황청리	충청북도 청주시 상당구 남일면 황청리	4311134024
충청북도 청주상당구 남일면 효촌리	충청북도 청주시 상당구 남일면 효촌리	4311134022
충청북도 청주상당구 남주동	충청북도 청주시 상당구 남주동	4311111000
충청북도 청주상당구 낭성면 갈산리	충청북도 청주시 상당구 낭성면 갈산리	4311131029
충청북도 청주상당구 낭성면 관정리	충청북도 청주시 상당구 낭성면 관정리	4311131021
충청북도 청주상당구 낭성면 귀래리	충청북도 청주시 상당구 낭성면 귀래리	4311131022
충청북도 청주상당구 낭성면 무성리	충청북도 청주시 상당구 낭성면 무성리	4311131032
충청북도 청주상당구 낭성면 문박리	충청북도 청주시 상당구 낭성면 문박리	4311131026
충청북도 청주상당구 낭성면 삼산리	충청북도 청주시 상당구 낭성면 삼산리	4311131030
충청북도 청주상당구 낭성면 이목리	충청북도 청주시 상당구 낭성면 이목리	4311131025
충청북도 청주상당구 낭성면 인경리	충청북도 청주시 상당구 낭성면 인경리	4311131027
충청북도 청주상당구 낭성면 지산리	충청북도 청주시 상당구 낭성면 지산리	4311131028
충청북도 청주상당구 낭성면 추정리	충청북도 청주시 상당구 낭성면 추정리	4311131023
충청북도 청주상당구 낭성면 현암리	충청북도 청주시 상당구 낭성면 현암리	4311131031
충청북도 청주상당구 낭성면 호정리	충청북도 청주시 상당구 낭성면 호정리	4311131024
충청북도 청주상당구 대성동	충청북도 청주시 상당구 대성동	4311111800
충청북도 청주상당구 명암동	충청북도 청주시 상당구 명암동	4311112200
충청북도 청주상당구 문의면 가호리	충청북도 청주시 상당구 문의면 가호리	4311135031
충청북도 청주상당구 문의면 괴곡리	충청북도 청주시 상당구 문의면 괴곡리	4311135027
충청북도 청주상당구 문의면 구룡리	충청북도 청주시 상당구 문의면 구룡리	4311135026
충청북도 청주상당구 문의면 남계리	충청북도 청주시 상당구 문의면 남계리	4311135023
충청북도 청주상당구 문의면 노현리	충청북도 청주시 상당구 문의면 노현리	4311135042
충청북도 청주상당구 문의면 덕유리	충청북도 청주시 상당구 문의면 덕유리	4311135033
충청북도 청주상당구 문의면 도원리	충청북도 청주시 상당구 문의면 도원리	4311135036
충청북도 청주상당구 문의면 두모리	충청북도 청주시 상당구 문의면 두모리	4311135035
충청북도 청주상당구 문의면 등동리	충청북도 청주시 상당구 문의면 등동리	4311135037
충청북도 청주상당구 문의면 마구리	충청북도 청주시 상당구 문의면 마구리	4311135039
충청북도 청주상당구 문의면 마동리	충청북도 청주시 상당구 문의면 마동리	4311135040
충청북도 청주상당구 문의면 묘암리	충청북도 청주시 상당구 문의면 묘암리	4311135038
충청북도 청주상당구 문의면 문덕리	충청북도 청주시 상당구 문의면 문덕리	4311135028
충청북도 청주상당구 문의면 문산리	충청북도 청주시 상당구 문의면 문산리	4311135021
충청북도 청주상당구 문의면 미천리	충청북도 청주시 상당구 문의면 미천리	4311135022
충청북도 청주상당구 문의면 산덕리	충청북도 청주시 상당구 문의면 산덕리	4311135025
충청북도 청주상당구 문의면 상장리	충청북도 청주시 상당구 문의면 상장리	4311135024
충청북도 청주상당구 문의면 소전리	충청북도 청주시 상당구 문의면 소전리	4311135029
충청북도 청주상당구 문의면 신대리	충청북도 청주시 상당구 문의면 신대리	4311135032
충청북도 청주상당구 문의면 염티리	충청북도 청주시 상당구 문의면 염티리	4311135041
충청북도 청주상당구 문의면 품곡리	충청북도 청주시 상당구 문의면 품곡리	4311135034
충청북도 청주상당구 문의면 후곡리	충청북도 청주시 상당구 문의면 후곡리	4311135030
충청북도 청주상당구 문화동	충청북도 청주시 상당구 문화동	4311110700
충청북도 청주상당구 미원면 가양리	충청북도 청주시 상당구 미원면 가양리	4311132034
충청북도 청주상당구 미원면 계원리	충청북도 청주시 상당구 미원면 계원리	4311132043
충청북도 청주상당구 미원면 구방리	충청북도 청주시 상당구 미원면 구방리	4311132025
충청북도 청주상당구 미원면 금관리	충청북도 청주시 상당구 미원면 금관리	4311132041
충청북도 청주상당구 미원면 기암리(基岩)	충청북도 청주시 상당구 미원면 기암리(基岩)	4311132033
충청북도 청주상당구 미원면 기암리(岐岩)	충청북도 청주시 상당구 미원면 기암리(岐岩)	4311132026
충청북도 청주상당구 미원면 내산리	충청북도 청주시 상당구 미원면 내산리	4311132024
충청북도 청주상당구 미원면 대덕리	충청북도 청주시 상당구 미원면 대덕리	4311132028
충청북도 청주상당구 미원면 대신리	충청북도 청주시 상당구 미원면 대신리	4311132037
충청북도 청주상당구 미원면 미원리	충청북도 청주시 상당구 미원면 미원리	4311132021
충청북도 청주상당구 미원면 성대리	충청북도 청주시 상당구 미원면 성대리	4311132044
충청북도 청주상당구 미원면 수산리	충청북도 청주시 상당구 미원면 수산리	4311132032
충청북도 청주상당구 미원면 쌍이리	충청북도 청주시 상당구 미원면 쌍이리	4311132022
충청북도 청주상당구 미원면 어암리	충청북도 청주시 상당구 미원면 어암리	4311132042
충청북도 청주상당구 미원면 옥화리	충청북도 청주시 상당구 미원면 옥화리	4311132039
충청북도 청주상당구 미원면 용곡리	충청북도 청주시 상당구 미원면 용곡리	4311132031
충청북도 청주상당구 미원면 운교리	충청북도 청주시 상당구 미원면 운교리	4311132027
충청북도 청주상당구 미원면 운암리	충청북도 청주시 상당구 미원면 운암리	4311132038
충청북도 청주상당구 미원면 운용리	충청북도 청주시 상당구 미원면 운용리	4311132029
충청북도 청주상당구 미원면 월용리	충청북도 청주시 상당구 미원면 월용리	4311132040
충청북도 청주상당구 미원면 종암리	충청북도 청주시 상당구 미원면 종암리	4311132036
충청북도 청주상당구 미원면 중리	충청북도 청주시 상당구 미원면 중리	4311132023
충청북도 청주상당구 미원면 화원리	충청북도 청주시 상당구 미원면 화원리	4311132030
충청북도 청주상당구 미원면 화창리	충청북도 청주시 상당구 미원면 화창리	4311132035
충청북도 청주상당구 방서동	충청북도 청주시 상당구 방서동	4311112600
충청북도 청주상당구 북문로1가동	충청북도 청주시 상당구 북문로1가	4311110200
충청북도 청주상당구 북문로2가동	충청북도 청주시 상당구 북문로2가	4311110300
충청북도 청주상당구 북문로3가동	충청북도 청주시 상당구 북문로3가	4311110400
충청북도 청주상당구 산성동	충청북도 청주시 상당구 산성동	4311112300
충청북도 청주상당구 서문동	충청북도 청주시 상당구 서문동	4311110900
충청북도 청주상당구 서운동	충청북도 청주시 상당구 서운동	4311110800
충청북도 청주상당구 석교동	충청북도 청주시 상당구 석교동	4311111100
충청북도 청주상당구 수동	충청북도 청주시 상당구 수동	4311111200
충청북도 청주상당구 영동	충청북도 청주시 상당구 영동	4311110100
충청북도 청주상당구 영운동	충청북도 청주시 상당구 영운동	4311111900
충청북도 청주상당구 용담동	충청북도 청주시 상당구 용담동	4311112100
충청북도 청주상당구 용암동	충청북도 청주시 상당구 용암동	4311112400
충청북도 청주상당구 용정동	충청북도 청주시 상당구 용정동	4311112500
충청북도 청주상당구 운동동	충청북도 청주시 상당구 운동동	4311112900
충청북도 청주상당구 월오동	충청북도 청주시 상당구 월오동	4311113000
충청북도 청주상당구 지북동	충청북도 청주시 상당구 지북동	4311112800
충청북도 청주상당구 탑동	충청북도 청주시 상당구 탑동	4311111700
충청북도 청주상당구 평촌동	충청북도 청주시 상당구 평촌동	4311112700
충청북도 청주서원구 개신동	충청북도 청주시 서원구 개신동	4311210900
충청북도 청주서원구 남이면 가마리	충청북도 청주시 서원구 남이면 가마리	4311231038
충청북도 청주서원구 남이면 가좌리	충청북도 청주시 서원구 남이면 가좌리	4311231036
충청북도 청주서원구 남이면 갈원리	충청북도 청주시 서원구 남이면 갈원리	4311231029
충청북도 청주서원구 남이면 구미리	충청북도 청주시 서원구 남이면 구미리	4311231027
충청북도 청주서원구 남이면 구암리	충청북도 청주시 서원구 남이면 구암리	4311231032
충청북도 청주서원구 남이면 대련리	충청북도 청주시 서원구 남이면 대련리	4311231035
충청북도 청주서원구 남이면 문동리	충청북도 청주시 서원구 남이면 문동리	4311231023
충청북도 청주서원구 남이면 부용외천리	충청북도 청주시 서원구 남이면 부용외천리	4311231040
충청북도 청주서원구 남이면 비룡리	충청북도 청주시 서원구 남이면 비룡리	4311231026
충청북도 청주서원구 남이면 사동리	충청북도 청주시 서원구 남이면 사동리	4311231028
충청북도 청주서원구 남이면 산막리	충청북도 청주시 서원구 남이면 산막리	4311231025
충청북도 청주서원구 남이면 상발리	충청북도 청주시 서원구 남이면 상발리	4311231031
충청북도 청주서원구 남이면 석실리	충청북도 청주시 서원구 남이면 석실리	4311231033
충청북도 청주서원구 남이면 석판리	충청북도 청주시 서원구 남이면 석판리	4311231034
충청북도 청주서원구 남이면 수대리	충청북도 청주시 서원구 남이면 수대리	4311231039
충청북도 청주서원구 남이면 양촌리	충청북도 청주시 서원구 남이면 양촌리	4311231037
충청북도 청주서원구 남이면 외천리	충청북도 청주시 서원구 남이면 외천리	4311231022
충청북도 청주서원구 남이면 척북리	충청북도 청주시 서원구 남이면 척북리	4311231024
충청북도 청주서원구 남이면 척산리	충청북도 청주시 서원구 남이면 척산리	4311231021
충청북도 청주서원구 남이면 팔봉리	충청북도 청주시 서원구 남이면 팔봉리	4311231030
충청북도 청주서원구 모충동	충청북도 청주시 서원구 모충동	4311210300
충청북도 청주서원구 미평동	충청북도 청주시 서원구 미평동	4311210500
충청북도 청주서원구 분평동	충청북도 청주시 서원구 분평동	4311210600
충청북도 청주서원구 사직동	충청북도 청주시 서원구 사직동	4311210100
충청북도 청주서원구 사창동	충청북도 청주시 서원구 사창동	4311210200
충청북도 청주서원구 산남동	충청북도 청주시 서원구 산남동	4311210400
충청북도 청주서원구 성화동	충청북도 청주시 서원구 성화동	4311210800
충청북도 청주서원구 수곡동	충청북도 청주시 서원구 수곡동	4311210700
충청북도 청주서원구 장성동	충청북도 청주시 서원구 장성동	4311211100
충청북도 청주서원구 장암동	충청북도 청주시 서원구 장암동	4311211200
충청북도 청주서원구 죽림동	충청북도 청주시 서원구 죽림동	4311211000
충청북도 청주서원구 현도면 노산리	충청북도 청주시 서원구 현도면 노산리	4311232030
충청북도 청주서원구 현도면 달계리	충청북도 청주시 서원구 현도면 달계리	4311232031
충청북도 청주서원구 현도면 매봉리	충청북도 청주시 서원구 현도면 매봉리	4311232032
충청북도 청주서원구 현도면 상삼리	충청북도 청주시 서원구 현도면 상삼리	4311232021
충청북도 청주서원구 현도면 선동리	충청북도 청주시 서원구 현도면 선동리	4311232026
충청북도 청주서원구 현도면 시동리	충청북도 청주시 서원구 현도면 시동리	4311232025
충청북도 청주서원구 현도면 시목리	충청북도 청주시 서원구 현도면 시목리	4311232027
충청북도 청주서원구 현도면 양지리	충청북도 청주시 서원구 현도면 양지리	4311232033
충청북도 청주서원구 현도면 우록리	충청북도 청주시 서원구 현도면 우록리	4311232024
충청북도 청주서원구 현도면 죽암리	충청북도 청주시 서원구 현도면 죽암리	4311232034
충청북도 청주서원구 현도면 죽전리	충청북도 청주시 서원구 현도면 죽전리	4311232023
충청북도 청주서원구 현도면 중삼리	충청북도 청주시 서원구 현도면 중삼리	4311232022
충청북도 청주서원구 현도면 중척리	충청북도 청주시 서원구 현도면 중척리	4311232028
충청북도 청주서원구 현도면 하석리	충청북도 청주시 서원구 현도면 하석리	4311232029
충청북도 청주청원구 내덕동	충청북도 청주시 청원구 내덕동	4311410200
충청북도 청주청원구 내수읍 구성리	충청북도 청주시 청원구 내수읍 구성리	4311425033
충청북도 청주청원구 내수읍 국동리	충청북도 청주시 청원구 내수읍 국동리	4311425034
충청북도 청주청원구 내수읍 내수리	충청북도 청주시 청원구 내수읍 내수리	4311425021
충청북도 청주청원구 내수읍 덕암리	충청북도 청주시 청원구 내수읍 덕암리	4311425024
충청북도 청주청원구 내수읍 도원리	충청북도 청주시 청원구 내수읍 도원리	4311425025
충청북도 청주청원구 내수읍 마산리	충청북도 청주시 청원구 내수읍 마산리	4311425022
충청북도 청주청원구 내수읍 묵방리	충청북도 청주시 청원구 내수읍 묵방리	4311425035
충청북도 청주청원구 내수읍 비상리	충청북도 청주시 청원구 내수읍 비상리	4311425028
충청북도 청주청원구 내수읍 비중리	충청북도 청주시 청원구 내수읍 비중리	4311425032
충청북도 청주청원구 내수읍 세교리	충청북도 청주시 청원구 내수읍 세교리	4311425027
충청북도 청주청원구 내수읍 신안리	충청북도 청주시 청원구 내수읍 신안리	4311425038
충청북도 청주청원구 내수읍 우산리	충청북도 청주시 청원구 내수읍 우산리	4311425030
충청북도 청주청원구 내수읍 원통리	충청북도 청주시 청원구 내수읍 원통리	4311425037
충청북도 청주청원구 내수읍 은곡리	충청북도 청주시 청원구 내수읍 은곡리	4311425036
충청북도 청주청원구 내수읍 입동리	충청북도 청주시 청원구 내수읍 입동리	4311425039
충청북도 청주청원구 내수읍 입상리	충청북도 청주시 청원구 내수읍 입상리	4311425040
충청북도 청주청원구 내수읍 저곡리	충청북도 청주시 청원구 내수읍 저곡리	4311425029
충청북도 청주청원구 내수읍 초정리	충청북도 청주시 청원구 내수읍 초정리	4311425031
충청북도 청주청원구 내수읍 풍정리	충청북도 청주시 청원구 내수읍 풍정리	4311425023
충청북도 청주청원구 내수읍 학평리	충청북도 청주시 청원구 내수읍 학평리	4311425041
충청북도 청주청원구 내수읍 형동리	충청북도 청주시 청원구 내수읍 형동리	4311425026
충청북도 청주청원구 북이면 광암리	충청북도 청주시 청원구 북이면 광암리	4311431034
충청북도 청주청원구 북이면 금대리	충청북도 청주시 청원구 북이면 금대리	4311431035
충청북도 청주청원구 북이면 금암리	충청북도 청주시 청원구 북이면 금암리	4311431033
충청북도 청주청원구 북이면 내둔리	충청북도 청주시 청원구 북이면 내둔리	4311431043
충청북도 청주청원구 북이면 내추리	충청북도 청주시 청원구 북이면 내추리	4311431037
충청북도 청주청원구 북이면 대길리	충청북도 청주시 청원구 북이면 대길리	4311431025
충청북도 청주청원구 북이면 대율리	충청북도 청주시 청원구 북이면 대율리	4311431041
충청북도 청주청원구 북이면 부연리	충청북도 청주시 청원구 북이면 부연리	4311431030
충청북도 청주청원구 북이면 서당리	충청북도 청주시 청원구 북이면 서당리	4311431024
충청북도 청주청원구 북이면 석성리	충청북도 청주시 청원구 북이면 석성리	4311431042
충청북도 청주청원구 북이면 석화리	충청북도 청주시 청원구 북이면 석화리	4311431026
충청북도 청주청원구 북이면 선암리	충청북도 청주시 청원구 북이면 선암리	4311431028
충청북도 청주청원구 북이면 송정리	충청북도 청주시 청원구 북이면 송정리	4311431046
충청북도 청주청원구 북이면 신기리	충청북도 청주시 청원구 북이면 신기리	4311431021
충청북도 청주청원구 북이면 신대리	충청북도 청주시 청원구 북이면 신대리	4311431022
충청북도 청주청원구 북이면 영하리	충청북도 청주시 청원구 북이면 영하리	4311431027
충청북도 청주청원구 북이면 옥수리	충청북도 청주시 청원구 북이면 옥수리	4311431036
충청북도 청주청원구 북이면 용계리	충청북도 청주시 청원구 북이면 용계리	4311431040
충청북도 청주청원구 북이면 장양리	충청북도 청주시 청원구 북이면 장양리	4311431039
충청북도 청주청원구 북이면 장재리	충청북도 청주시 청원구 북이면 장재리	4311431032
충청북도 청주청원구 북이면 추학리	충청북도 청주시 청원구 북이면 추학리	4311431038
충청북도 청주청원구 북이면 토성리	충청북도 청주시 청원구 북이면 토성리	4311431031
충청북도 청주청원구 북이면 현암리	충청북도 청주시 청원구 북이면 현암리	4311431023
충청북도 청주청원구 북이면 호명리	충청북도 청주시 청원구 북이면 호명리	4311431029
충청북도 청주청원구 북이면 화상리	충청북도 청주시 청원구 북이면 화상리	4311431044
충청북도 청주청원구 북이면 화하리	충청북도 청주시 청원구 북이면 화하리	4311431045
충청북도 청주청원구 사천동	충청북도 청주시 청원구 사천동	4311410400
충청북도 청주청원구 오동동	충청북도 청주시 청원구 오동동	4311411000
충청북도 청주청원구 오창읍 가곡리	충청북도 청주시 청원구 오창읍 가곡리	4311425336
충청북도 청주청원구 오창읍 가좌리	충청북도 청주시 청원구 오창읍 가좌리	4311425351
충청북도 청주청원구 오창읍 각리	충청북도 청주시 청원구 오창읍 각리	4311425344
충청북도 청주청원구 오창읍 괴정리	충청북도 청주시 청원구 오창읍 괴정리	4311425335
충청북도 청주청원구 오창읍 구룡리	충청북도 청주시 청원구 오창읍 구룡리	4311425346
충청북도 청주청원구 오창읍 기암리	충청북도 청주시 청원구 오창읍 기암리	4311425339
충청북도 청주청원구 오창읍 농소리	충청북도 청주시 청원구 오창읍 농소리	4311425341
충청북도 청주청원구 오창읍 도암리	충청북도 청주시 청원구 오창읍 도암리	4311425334
충청북도 청주청원구 오창읍 두릉리	충청북도 청주시 청원구 오창읍 두릉리	4311425352
충청북도 청주청원구 오창읍 모정리	충청북도 청주시 청원구 오창읍 모정리	4311425325
충청북도 청주청원구 오창읍 백현리	충청북도 청주시 청원구 오창읍 백현리	4311425354
충청북도 청주청원구 오창읍 복현리	충청북도 청주시 청원구 오창읍 복현리	4311425328
충청북도 청주청원구 오창읍 상평리	충청북도 청주시 청원구 오창읍 상평리	4311425338
충청북도 청주청원구 오창읍 석우리	충청북도 청주시 청원구 오창읍 석우리	4311425337
충청북도 청주청원구 오창읍 성산리	충청북도 청주시 청원구 오창읍 성산리	4311425347
충청북도 청주청원구 오창읍 성재리	충청북도 청주시 청원구 오창읍 성재리	4311425353
충청북도 청주청원구 오창읍 송대리	충청북도 청주시 청원구 오창읍 송대리	4311425333
충청북도 청주청원구 오창읍 신평리	충청북도 청주시 청원구 오창읍 신평리	4311425342
충청북도 청주청원구 오창읍 양지리	충청북도 청주시 청원구 오창읍 양지리	4311425329
충청북도 청주청원구 오창읍 양청리	충청북도 청주시 청원구 오창읍 양청리	4311425345
충청북도 청주청원구 오창읍 여천리	충청북도 청주시 청원구 오창읍 여천리	4311425321
충청북도 청주청원구 오창읍 용두리	충청북도 청주시 청원구 오창읍 용두리	4311425349
충청북도 청주청원구 오창읍 원리	충청북도 청주시 청원구 오창읍 원리	4311425327
충청북도 청주청원구 오창읍 유리	충청북도 청주시 청원구 오창읍 유리	4311425323
충청북도 청주청원구 오창읍 일신리	충청북도 청주시 청원구 오창읍 일신리	4311425324
충청북도 청주청원구 오창읍 장대리	충청북도 청주시 청원구 오창읍 장대리	4311425330
충청북도 청주청원구 오창읍 주성리	충청북도 청주시 청원구 오창읍 주성리	4311425332
충청북도 청주청원구 오창읍 중신리	충청북도 청주시 청원구 오창읍 중신리	4311425343
충청북도 청주청원구 오창읍 창리	충청북도 청주시 청원구 오창읍 창리	4311425331
충청북도 청주청원구 오창읍 탑리	충청북도 청주시 청원구 오창읍 탑리	4311425340
충청북도 청주청원구 오창읍 학소리	충청북도 청주시 청원구 오창읍 학소리	4311425326
충청북도 청주청원구 오창읍 화산리(花山)	충청북도 청주시 청원구 오창읍 화산리(花山)	4311425350
충청북도 청주청원구 오창읍 화산리(華山)	충청북도 청주시 청원구 오창읍 화산리(華山)	4311425322
충청북도 청주청원구 오창읍 후기리	충청북도 청주시 청원구 오창읍 후기리	4311425348
충청북도 청주청원구 외남동	충청북도 청주시 청원구 외남동	4311411100
충청북도 청주청원구 외평동	충청북도 청주시 청원구 외평동	4311411200
충청북도 청주청원구 외하동	충청북도 청주시 청원구 외하동	4311411300
충청북도 청주청원구 우암동	충청북도 청주시 청원구 우암동	4311410100
충청북도 청주청원구 율량동	충청북도 청주시 청원구 율량동	4311410300
충청북도 청주청원구 정북동	충청북도 청주시 청원구 정북동	4311410900
충청북도 청주청원구 정상동	충청북도 청주시 청원구 정상동	4311410700
충청북도 청주청원구 정하동	충청북도 청주시 청원구 정하동	4311410800
충청북도 청주청원구 주성동	충청북도 청주시 청원구 주성동	4311410500
충청북도 청주청원구 주중동	충청북도 청주시 청원구 주중동	4311410600
충청북도 청주흥덕구 가경동	충청북도 청주시 흥덕구 가경동	4311311300
충청북도 청주흥덕구 강내면 궁현리	충청북도 청주시 흥덕구 강내면 궁현리	4311331022
충청북도 청주흥덕구 강내면 다락리	충청북도 청주시 흥덕구 강내면 다락리	4311331026
충청북도 청주흥덕구 강내면 당곡리	충청북도 청주시 흥덕구 강내면 당곡리	4311331024
충청북도 청주흥덕구 강내면 사곡리	충청북도 청주시 흥덕구 강내면 사곡리	4311331028
충청북도 청주흥덕구 강내면 사인리	충청북도 청주시 흥덕구 강내면 사인리	4311331033
충청북도 청주흥덕구 강내면 산단리	충청북도 청주시 흥덕구 강내면 산단리	4311331025
충청북도 청주흥덕구 강내면 석화리	충청북도 청주시 흥덕구 강내면 석화리	4311331032
충청북도 청주흥덕구 강내면 연정리	충청북도 청주시 흥덕구 강내면 연정리	4311331021
충청북도 청주흥덕구 강내면 월곡리	충청북도 청주시 흥덕구 강내면 월곡리	4311331034
충청북도 청주흥덕구 강내면 월탄리	충청북도 청주시 흥덕구 강내면 월탄리	4311331030
충청북도 청주흥덕구 강내면 저산리	충청북도 청주시 흥덕구 강내면 저산리	4311331023
충청북도 청주흥덕구 강내면 탑연리	충청북도 청주시 흥덕구 강내면 탑연리	4311331031
충청북도 청주흥덕구 강내면 태성리	충청북도 청주시 흥덕구 강내면 태성리	4311331027
충청북도 청주흥덕구 강내면 학천리	충청북도 청주시 흥덕구 강내면 학천리	4311331035
충청북도 청주흥덕구 강내면 황탄리	충청북도 청주시 흥덕구 강내면 황탄리	4311331029
충청북도 청주흥덕구 강서동	충청북도 청주시 흥덕구 강서동	4311311700
충청북도 청주흥덕구 남촌동	충청북도 청주시 흥덕구 남촌동	4311312900
충청북도 청주흥덕구 내곡동	충청북도 청주시 흥덕구 내곡동	4311313000
충청북도 청주흥덕구 동막동	충청북도 청주시 흥덕구 동막동	4311312200
충청북도 청주흥덕구 문암동	충청북도 청주시 흥덕구 문암동	4311313300
충청북도 청주흥덕구 복대동	충청북도 청주시 흥덕구 복대동	4311311400
충청북도 청주흥덕구 봉명동	충청북도 청주시 흥덕구 봉명동	4311311500
충청북도 청주흥덕구 비하동	충청북도 청주시 흥덕구 비하동	4311313800
충청북도 청주흥덕구 상신동	충청북도 청주시 흥덕구 상신동	4311313100
충청북도 청주흥덕구 서촌동	충청북도 청주시 흥덕구 서촌동	4311312500
충청북도 청주흥덕구 석곡동	충청북도 청주시 흥덕구 석곡동	4311311800
충청북도 청주흥덕구 석소동	충청북도 청주시 흥덕구 석소동	4311313900
충청북도 청주흥덕구 송절동	충청북도 청주시 흥덕구 송절동	4311313400
충청북도 청주흥덕구 송정동	충청북도 청주시 흥덕구 송정동	4311311600
충청북도 청주흥덕구 수의동	충청북도 청주시 흥덕구 수의동	4311312300
충청북도 청주흥덕구 신대동	충청북도 청주시 흥덕구 신대동	4311312800
충청북도 청주흥덕구 신봉동	충청북도 청주시 흥덕구 신봉동	4311310500
충청북도 청주흥덕구 신성동	충청북도 청주시 흥덕구 신성동	4311312600
충청북도 청주흥덕구 신전동	충청북도 청주시 흥덕구 신전동	4311312000
충청북도 청주흥덕구 신촌동	충청북도 청주시 흥덕구 신촌동	4311314100
충청북도 청주흥덕구 오송읍	충청북도 청주시 흥덕구 오송읍	4311325000
충청북도 청주흥덕구 오송읍 공북리	충청북도 청주시 흥덕구 오송읍 공북리	4311325023
충청북도 청주흥덕구 오송읍 궁평리	충청북도 청주시 흥덕구 오송읍 궁평리	4311325027
충청북도 청주흥덕구 오송읍 동평리	충청북도 청주시 흥덕구 오송읍 동평리	4311325029
충청북도 청주흥덕구 오송읍 만수리	충청북도 청주시 흥덕구 오송읍 만수리	4311325025
충청북도 청주흥덕구 오송읍 봉산리	충청북도 청주시 흥덕구 오송읍 봉산리	4311325031
충청북도 청주흥덕구 오송읍 상봉리	충청북도 청주시 흥덕구 오송읍 상봉리	4311325033
충청북도 청주흥덕구 오송읍 상정리	충청북도 청주시 흥덕구 오송읍 상정리	4311325022
충청북도 청주흥덕구 오송읍 서평리	충청북도 청주시 흥덕구 오송읍 서평리	4311325030
충청북도 청주흥덕구 오송읍 쌍청리	충청북도 청주시 흥덕구 오송읍 쌍청리	4311325024
충청북도 청주흥덕구 오송읍 연제리	충청북도 청주시 흥덕구 오송읍 연제리	4311325026
충청북도 청주흥덕구 오송읍 오송리	충청북도 청주시 흥덕구 오송읍 오송리	4311325028
충청북도 청주흥덕구 오송읍 정중리	충청북도 청주시 흥덕구 오송읍 정중리	4311325032
충청북도 청주흥덕구 오송읍 호계리	충청북도 청주시 흥덕구 오송읍 호계리	4311325021
충청북도 청주흥덕구 옥산면 가락리	충청북도 청주시 흥덕구 옥산면 가락리	4311332025
충청북도 청주흥덕구 옥산면 국사리	충청북도 청주시 흥덕구 옥산면 국사리	4311332035
충청북도 청주흥덕구 옥산면 금계리	충청북도 청주시 흥덕구 옥산면 금계리	4311332027
충청북도 청주흥덕구 옥산면 남촌리	충청북도 청주시 흥덕구 옥산면 남촌리	4311332033
충청북도 청주흥덕구 옥산면 덕촌리	충청북도 청주시 흥덕구 옥산면 덕촌리	4311332022
충청북도 청주흥덕구 옥산면 동림리	충청북도 청주시 흥덕구 옥산면 동림리	4311332026
충청북도 청주흥덕구 옥산면 사정리	충청북도 청주시 흥덕구 옥산면 사정리	4311332029
충청북도 청주흥덕구 옥산면 소로리	충청북도 청주시 흥덕구 옥산면 소로리	4311332034
충청북도 청주흥덕구 옥산면 수락리	충청북도 청주시 흥덕구 옥산면 수락리	4311332030
충청북도 청주흥덕구 옥산면 신촌리	충청북도 청주시 흥덕구 옥산면 신촌리	4311332023
충청북도 청주흥덕구 옥산면 오산리	충청북도 청주시 흥덕구 옥산면 오산리	4311332021
충청북도 청주흥덕구 옥산면 장남리	충청북도 청주시 흥덕구 옥산면 장남리	4311332031
충청북도 청주흥덕구 옥산면 장동리	충청북도 청주시 흥덕구 옥산면 장동리	4311332028
충청북도 청주흥덕구 옥산면 호죽리	충청북도 청주시 흥덕구 옥산면 호죽리	4311332032
충청북도 청주흥덕구 옥산면 환희리	충청북도 청주시 흥덕구 옥산면 환희리	4311332024
충청북도 청주흥덕구 외북동	충청북도 청주시 흥덕구 외북동	4311313600
충청북도 청주흥덕구 운천동	충청북도 청주시 흥덕구 운천동	4311310400
충청북도 청주흥덕구 원평동	충청북도 청주시 흥덕구 원평동	4311313200
충청북도 청주흥덕구 정봉동	충청북도 청주시 흥덕구 정봉동	4311314000
충청북도 청주흥덕구 지동동	충청북도 청주시 흥덕구 지동동	4311312400
충청북도 청주흥덕구 평동	충청북도 청주시 흥덕구 평동	4311312700
충청북도 청주흥덕구 향정동	충청북도 청주시 흥덕구 향정동	4311313700
충청북도 청주흥덕구 현암동	충청북도 청주시 흥덕구 현암동	4311312100
충청북도 청주흥덕구 화계동	충청북도 청주시 흥덕구 화계동	4311313500
충청북도 청주흥덕구 휴암동	충청북도 청주시 흥덕구 휴암동	4311311900
충청북도 충주시 가주동	충청북도 충주시 가주동	4313011100
충청북도 충주시 교현동	충청북도 충주시 교현동	4313010500
충청북도 충주시 금가면 도촌리	충청북도 충주시 금가면 도촌리	4313039030
충청북도 충주시 금가면 매하리	충청북도 충주시 금가면 매하리	4313039024
충청북도 충주시 금가면 문산리	충청북도 충주시 금가면 문산리	4313039026
충청북도 충주시 금가면 사암리	충청북도 충주시 금가면 사암리	4313039029
충청북도 충주시 금가면 오석리	충청북도 충주시 금가면 오석리	4313039028
충청북도 충주시 금가면 원포리	충청북도 충주시 금가면 원포리	4313039027
충청북도 충주시 금가면 월상리	충청북도 충주시 금가면 월상리	4313039025
충청북도 충주시 금가면 유송리	충청북도 충주시 금가면 유송리	4313039023
충청북도 충주시 금가면 잠병리	충청북도 충주시 금가면 잠병리	4313039022
충청북도 충주시 금가면 하담리	충청북도 충주시 금가면 하담리	4313039021
충청북도 충주시 금릉동	충청북도 충주시 금릉동	4313012800
충청북도 충주시 노은면 가신리	충청북도 충주시 노은면 가신리	4313036025
충청북도 충주시 노은면 대덕리	충청북도 충주시 노은면 대덕리	4313036024
충청북도 충주시 노은면 문성리	충청북도 충주시 노은면 문성리	4313036026
충청북도 충주시 노은면 법동리	충청북도 충주시 노은면 법동리	4313036022
충청북도 충주시 노은면 수룡리	충청북도 충주시 노은면 수룡리	4313036028
충청북도 충주시 노은면 신효리	충청북도 충주시 노은면 신효리	4313036027
충청북도 충주시 노은면 안락리	충청북도 충주시 노은면 안락리	4313036023
충청북도 충주시 노은면 연하리	충청북도 충주시 노은면 연하리	4313036021
충청북도 충주시 단월동	충청북도 충주시 단월동	4313010900
충청북도 충주시 달천동	충청북도 충주시 달천동	4313011400
충청북도 충주시 대소원면 검단리	충청북도 충주시 대소원면 검단리	4313033529
충청북도 충주시 대소원면 금곡리	충청북도 충주시 대소원면 금곡리	4313033522
충청북도 충주시 대소원면 대소리	충청북도 충주시 대소원면 대소리	4313033521
충청북도 충주시 대소원면 두정리	충청북도 충주시 대소원면 두정리	4313033525
충청북도 충주시 대소원면 만정리	충청북도 충주시 대소원면 만정리	4313033524
충청북도 충주시 대소원면 매현리	충청북도 충주시 대소원면 매현리	4313033527
충청북도 충주시 대소원면 문주리	충청북도 충주시 대소원면 문주리	4313033528
충청북도 충주시 대소원면 본리	충청북도 충주시 대소원면 본리	4313033531
충청북도 충주시 대소원면 영평리	충청북도 충주시 대소원면 영평리	4313033532
충청북도 충주시 대소원면 완오리	충청북도 충주시 대소원면 완오리	4313033530
충청북도 충주시 대소원면 장성리	충청북도 충주시 대소원면 장성리	4313033523
충청북도 충주시 대소원면 탄용리	충청북도 충주시 대소원면 탄용리	4313033526
충청북도 충주시 동량면 대전리	충청북도 충주시 동량면 대전리	4313040027
충청북도 충주시 동량면 명오리	충청북도 충주시 동량면 명오리	4313040031
충청북도 충주시 동량면 사기리	충청북도 충주시 동량면 사기리	4313040032
충청북도 충주시 동량면 서운리	충청북도 충주시 동량면 서운리	4313040028
충청북도 충주시 동량면 손동리	충청북도 충주시 동량면 손동리	4313040025
충청북도 충주시 동량면 용교리	충청북도 충주시 동량면 용교리	4313040026
충청북도 충주시 동량면 조동리	충청북도 충주시 동량면 조동리	4313040021
충청북도 충주시 동량면 지동리	충청북도 충주시 동량면 지동리	4313040023
충청북도 충주시 동량면 포탄리	충청북도 충주시 동량면 포탄리	4313040029
충청북도 충주시 동량면 하천리	충청북도 충주시 동량면 하천리	4313040024
충청북도 충주시 동량면 함암리	충청북도 충주시 동량면 함암리	4313040030
충청북도 충주시 동량면 호운리	충청북도 충주시 동량면 호운리	4313040033
충청북도 충주시 동량면 화암리	충청북도 충주시 동량면 화암리	4313040022
충청북도 충주시 목벌동	충청북도 충주시 목벌동	4313012300
충청북도 충주시 목행동	충청북도 충주시 목행동	4313011900
충청북도 충주시 문화동	충청북도 충주시 문화동	4313012700
충청북도 충주시 봉방동	충청북도 충주시 봉방동	4313011500
충청북도 충주시 산척면 명서리	충청북도 충주시 산척면 명서리	4313041023
충청북도 충주시 산척면 석천리	충청북도 충주시 산척면 석천리	4313041024
충청북도 충주시 산척면 송강리	충청북도 충주시 산척면 송강리	4313041021
충청북도 충주시 산척면 영덕리	충청북도 충주시 산척면 영덕리	4313041022
충청북도 충주시 살미면 공이리	충청북도 충주시 살미면 공이리	4313031027
충청북도 충주시 살미면 내사리	충청북도 충주시 살미면 내사리	4313031028
충청북도 충주시 살미면 무릉리	충청북도 충주시 살미면 무릉리	4313031024
충청북도 충주시 살미면 문강리	충청북도 충주시 살미면 문강리	4313031032
충청북도 충주시 살미면 문화리	충청북도 충주시 살미면 문화리	4313031022
충청북도 충주시 살미면 설운리	충청북도 충주시 살미면 설운리	4313031030
충청북도 충주시 살미면 세성리	충청북도 충주시 살미면 세성리	4313031021
충청북도 충주시 살미면 신당리	충청북도 충주시 살미면 신당리	4313031025
충청북도 충주시 살미면 신매리	충청북도 충주시 살미면 신매리	4313031026
충청북도 충주시 살미면 용천리	충청북도 충주시 살미면 용천리	4313031029
충청북도 충주시 살미면 재오개리	충청북도 충주시 살미면 재오개리	4313031023
충청북도 충주시 살미면 토계리	충청북도 충주시 살미면 토계리	4313031033
충청북도 충주시 살미면 향산리	충청북도 충주시 살미면 향산리	4313031031
충청북도 충주시 성남동	충청북도 충주시 성남동	4313010200
충청북도 충주시 성내동	충청북도 충주시 성내동	4313010100
충청북도 충주시 성서동	충청북도 충주시 성서동	4313010300
충청북도 충주시 소태면 구룡리	충청북도 충주시 소태면 구룡리	4313043025
충청북도 충주시 소태면 덕은리	충청북도 충주시 소태면 덕은리	4313043023
충청북도 충주시 소태면 동막리	충청북도 충주시 소태면 동막리	4313043027
충청북도 충주시 소태면 복탄리	충청북도 충주시 소태면 복탄리	4313043022
충청북도 충주시 소태면 야동리	충청북도 충주시 소태면 야동리	4313043026
충청북도 충주시 소태면 양촌리	충청북도 충주시 소태면 양촌리	4313043028
충청북도 충주시 소태면 오량리	충청북도 충주시 소태면 오량리	4313043021
충청북도 충주시 소태면 주치리	충청북도 충주시 소태면 주치리	4313043024
충청북도 충주시 소태면 중청리	충청북도 충주시 소태면 중청리	4313043029
충청북도 충주시 수안보면 고운리	충청북도 충주시 수안보면 고운리	4313032526
충청북도 충주시 수안보면 미륵리	충청북도 충주시 수안보면 미륵리	4313032525
충청북도 충주시 수안보면 사문리	충청북도 충주시 수안보면 사문리	4313032524
충청북도 충주시 수안보면 수회리	충청북도 충주시 수안보면 수회리	4313032528
충청북도 충주시 수안보면 안보리	충청북도 충주시 수안보면 안보리	4313032522
충청북도 충주시 수안보면 온천리	충청북도 충주시 수안보면 온천리	4313032521
충청북도 충주시 수안보면 중산리	충청북도 충주시 수안보면 중산리	4313032527
충청북도 충주시 수안보면 화천리	충청북도 충주시 수안보면 화천리	4313032523
충청북도 충주시 신니면 견학리	충청북도 충주시 신니면 견학리	4313035034
충청북도 충주시 신니면 광월리	충청북도 충주시 신니면 광월리	4313035027
충청북도 충주시 신니면 대화리	충청북도 충주시 신니면 대화리	4313035028
충청북도 충주시 신니면 마수리	충청북도 충주시 신니면 마수리	4313035032
충청북도 충주시 신니면 모남리	충청북도 충주시 신니면 모남리	4313035026
충청북도 충주시 신니면 문락리	충청북도 충주시 신니면 문락리	4313035025
충청북도 충주시 신니면 문숭리	충청북도 충주시 신니면 문숭리	4313035024
충청북도 충주시 신니면 선당리	충청북도 충주시 신니면 선당리	4313035030
충청북도 충주시 신니면 송암리	충청북도 충주시 신니면 송암리	4313035029
충청북도 충주시 신니면 신청리	충청북도 충주시 신니면 신청리	4313035023
충청북도 충주시 신니면 용원리	충청북도 충주시 신니면 용원리	4313035021
충청북도 충주시 신니면 원평리	충청북도 충주시 신니면 원평리	4313035031
충청북도 충주시 신니면 화석리	충청북도 충주시 신니면 화석리	4313035022
충청북도 충주시 안림동	충청북도 충주시 안림동	4313012200
충청북도 충주시 앙성면 강천리	충청북도 충주시 앙성면 강천리	4313037023
충청북도 충주시 앙성면 능암리	충청북도 충주시 앙성면 능암리	4313037034
충청북도 충주시 앙성면 단암리	충청북도 충주시 앙성면 단암리	4313037024
충청북도 충주시 앙성면 돈산리	충청북도 충주시 앙성면 돈산리	4313037033
충청북도 충주시 앙성면 마련리	충청북도 충주시 앙성면 마련리	4313037031
충청북도 충주시 앙성면 모점리	충청북도 충주시 앙성면 모점리	4313037026
충청북도 충주시 앙성면 목미리	충청북도 충주시 앙성면 목미리	4313037027
충청북도 충주시 앙성면 본평리	충청북도 충주시 앙성면 본평리	4313037029
충청북도 충주시 앙성면 사미리	충청북도 충주시 앙성면 사미리	4313037032
충청북도 충주시 앙성면 영죽리	충청북도 충주시 앙성면 영죽리	4313037022
충청북도 충주시 앙성면 용대리	충청북도 충주시 앙성면 용대리	4313037030
충청북도 충주시 앙성면 용포리	충청북도 충주시 앙성면 용포리	4313037021
충청북도 충주시 앙성면 조천리	충청북도 충주시 앙성면 조천리	4313037035
충청북도 충주시 앙성면 중전리	충청북도 충주시 앙성면 중전리	4313037025
충청북도 충주시 앙성면 지당리	충청북도 충주시 앙성면 지당리	4313037028
충청북도 충주시 엄정면 가춘리	충청북도 충주시 엄정면 가춘리	4313042031
충청북도 충주시 엄정면 괴동리	충청북도 충주시 엄정면 괴동리	4313042027
충청북도 충주시 엄정면 논강리	충청북도 충주시 엄정면 논강리	4313042024
충청북도 충주시 엄정면 목계리	충청북도 충주시 엄정면 목계리	4313042023
충청북도 충주시 엄정면 미내리	충청북도 충주시 엄정면 미내리	4313042025
충청북도 충주시 엄정면 신만리	충청북도 충주시 엄정면 신만리	4313042026
충청북도 충주시 엄정면 용산리	충청북도 충주시 엄정면 용산리	4313042021
충청북도 충주시 엄정면 원곡리	충청북도 충주시 엄정면 원곡리	4313042029
충청북도 충주시 엄정면 유봉리	충청북도 충주시 엄정면 유봉리	4313042030
충청북도 충주시 엄정면 율능리	충청북도 충주시 엄정면 율능리	4313042022
충청북도 충주시 엄정면 추평리	충청북도 충주시 엄정면 추평리	4313042028
충청북도 충주시 연수동	충청북도 충주시 연수동	4313011800
충청북도 충주시 용관동	충청북도 충주시 용관동	4313011200
충청북도 충주시 용두동	충청북도 충주시 용두동	4313011300
충청북도 충주시 용산동	충청북도 충주시 용산동	4313010600
충청북도 충주시 용탄동	충청북도 충주시 용탄동	4313012000
충청북도 충주시 종민동	충청북도 충주시 종민동	4313012100
충청북도 충주시 주덕읍 당우리	충청북도 충주시 주덕읍 당우리	4313025031
충청북도 충주시 주덕읍 대곡리	충청북도 충주시 주덕읍 대곡리	4313025023
충청북도 충주시 주덕읍 덕련리	충청북도 충주시 주덕읍 덕련리	4313025030
충청북도 충주시 주덕읍 사락리	충청북도 충주시 주덕읍 사락리	4313025027
충청북도 충주시 주덕읍 삼청리	충청북도 충주시 주덕읍 삼청리	4313025024
충청북도 충주시 주덕읍 신양리	충청북도 충주시 주덕읍 신양리	4313025021
충청북도 충주시 주덕읍 신중리	충청북도 충주시 주덕읍 신중리	4313025025
충청북도 충주시 주덕읍 장록리	충청북도 충주시 주덕읍 장록리	4313025029
충청북도 충주시 주덕읍 제내리	충청북도 충주시 주덕읍 제내리	4313025028
충청북도 충주시 주덕읍 창전리	충청북도 충주시 주덕읍 창전리	4313025022
충청북도 충주시 주덕읍 화곡리	충청북도 충주시 주덕읍 화곡리	4313025026
충청북도 충주시 중앙탑면 가흥리	충청북도 충주시 중앙탑면 가흥리	4313038523
충청북도 충주시 중앙탑면 루암리	충청북도 충주시 중앙탑면 루암리	4313038527
충청북도 충주시 중앙탑면 봉황리	충청북도 충주시 중앙탑면 봉황리	4313038522
충청북도 충주시 중앙탑면 용전리	충청북도 충주시 중앙탑면 용전리	4313038526
충청북도 충주시 중앙탑면 장천리	충청북도 충주시 중앙탑면 장천리	4313038524
충청북도 충주시 중앙탑면 창동리	충청북도 충주시 중앙탑면 창동리	4313038528
충청북도 충주시 중앙탑면 탑평리	충청북도 충주시 중앙탑면 탑평리	4313038521
충청북도 충주시 중앙탑면 하구암리	충청북도 충주시 중앙탑면 하구암리	4313038525
충청북도 충주시 지현동	충청북도 충주시 지현동	4313012500
충청북도 충주시 직동	충청북도 충주시 직동	4313010800
충청북도 충주시 충의동	충청북도 충주시 충의동	4313012400
충청북도 충주시 충인동	충청북도 충주시 충인동	4313010400
충청북도 충주시 칠금동	충청북도 충주시 칠금동	4313011600
충청북도 충주시 풍동	충청북도 충주시 풍동	4313011000
충청북도 충주시 호암동	충청북도 충주시 호암동	4313010700
